7 0.21901041666666668 0.7606481481481482 0.019270833333333334 0.1175925925925926
7 0.17083333333333334 0.6990740740740741 0.03333333333333333 0.046296296296296294
11 0.2114583333333333 0.7435185185185185 0.13541666666666666 0.14444444444444443
7 0.4 0.750462962962963 0.03125 0.058333333333333334
7 0.47161458333333334 0.7467592592592592 0.0078125 0.03425925925925926
7 0.5575520833333334 0.7518518518518518 0.0067708333333333336 0.037037037037037035
7 0.5697916666666667 0.7458333333333333 0.00625 0.03796296296296296
7 0.50390625 0.75 0.0078125 0.03333333333333333
3 0.37109375 0.7541666666666667 0.043229166666666666 0.05277777777777778
3 0.44088541666666664 0.7513888888888889 0.0359375 0.04537037037037037
3 0.47526041666666663 0.7490740740740741 0.0296875 0.040740740740740744
3 0.5348958333333333 0.7476851851851851 0.015625 0.030555555555555555
