0 0.3653645833333333 0.587962962962963 0.07447916666666667 0.16111111111111112
0 0.42552083333333335 0.5731481481481482 0.034375 0.07962962962962963
9 0.45390625 0.5782407407407408 0.0171875 0.05648148148148148
9 0.5164062500000001 0.6194444444444445 0.10989583333333333 0.18333333333333332
9 0.7419270833333333 0.6888888888888889 0.4005208333333333 0.3925925925925926
7 0.12109375 0.48796296296296293 0.059895833333333336 0.16111111111111112
9 0.07630208333333334 0.674537037037037 0.15260416666666668 0.2898148148148148
9 0.05651041666666667 0.5175925925925926 0.05572916666666667 0.08888888888888889
9 0.17239583333333333 0.5648148148148148 0.058333333333333334 0.15
7 0.221875 0.5763888888888888 0.01875 0.10092592592592593
7 0.91796875 0.6064814814814815 0.0203125 0.044444444444444446
7 0.9554687500000001 0.6097222222222222 0.0296875 0.04537037037037037
6 0.9601562499999999 0.6694444444444444 0.0359375 0.07777777777777778
