7 0.5903645833333333 0.6398148148148147 0.027604166666666666 0.12407407407407407
7 0.6981770833333333 0.6944444444444445 0.0359375 0.1814814814814815
3 0.45416666666666666 0.6569444444444444 0.06666666666666667 0.08981481481481482
7 0.44114583333333335 0.6342592592592592 0.00625 0.011111111111111112
7 0.5036458333333333 0.6537037037037037 0.00625 0.04259259259259259
7 0.48932291666666666 0.6435185185185185 0.009895833333333333 0.04259259259259259
7 0.34479166666666666 0.6472222222222223 0.017708333333333333 0.07592592592592592
9 0.07005208333333333 0.662962962962963 0.10364583333333334 0.2851851851851852
9 0.15338541666666666 0.6509259259259259 0.06822916666666666 0.2111111111111111
3 0.7528645833333334 0.7023148148148147 0.22239583333333332 0.12685185185185185
6 0.64921875 0.6990740740740741 0.043229166666666666 0.06481481481481481
7 0.9518229166666666 0.7305555555555555 0.0359375 0.20555555555555555
9 0.58203125 0.6754629629629629 0.0703125 0.175
7 0.61171875 0.6699074074074074 0.016145833333333335 0.11574074074074074
