7 0.48723958333333334 0.6981481481481482 0.0203125 0.040740740740740744
6 0.4872395833333333 0.75 0.022395833333333334 0.06111111111111111
3 0.5416666666666667 0.7467592592592593 0.07708333333333334 0.12314814814814815
9 0.6044270833333333 0.7342592592592592 0.0390625 0.08888888888888889
7 0.6028645833333334 0.7319444444444445 0.0140625 0.026851851851851852
0 0.6703125 0.7513888888888889 0.06041666666666667 0.10462962962962963
0 0.75234375 0.7722222222222223 0.0578125 0.13333333333333333
7 0.8880208333333334 0.7583333333333334 0.03125 0.20185185185185187
9 0.8674479166666667 0.7907407407407407 0.13072916666666667 0.3
3 0.87421875 0.8087962962962962 0.1796875 0.16203703703703703
3 0.24296875 0.7374999999999999 0.14010416666666667 0.15648148148148147
0 0.31354166666666666 0.7097222222222223 0.026041666666666668 0.08425925925925926
0 0.3377604166666667 0.7092592592592594 0.021354166666666667 0.053703703703703705
0 0.3919270833333333 0.7217592592592593 0.03177083333333333 0.07314814814814814
0 0.4369791666666667 0.712962962962963 0.020833333333333332 0.05
11 0.4197916666666667 0.7069444444444444 0.022916666666666665 0.04537037037037037
3 0.4515625 0.7111111111111111 0.014583333333333334 0.03333333333333333
