7 0.0375 0.5990740740740741 0.0375 0.23333333333333334
3 0.15520833333333334 0.637962962962963 0.11145833333333334 0.17037037037037037
9 0.25026041666666665 0.6625 0.0828125 0.27685185185185185
3 0.30078125 0.663425925925926 0.033854166666666664 0.08425925925925926
3 0.42838541666666663 0.725925925925926 0.19635416666666666 0.3314814814814815
3 0.8466145833333333 0.7555555555555555 0.21197916666666666 0.24259259259259258
9 0.9234375 0.7078703703703704 0.051041666666666666 0.10462962962962963
3 0.7205729166666667 0.7064814814814815 0.09427083333333333 0.11666666666666667
3 0.59375 0.6759259259259259 0.10208333333333333 0.10555555555555556
0 0.5708333333333334 0.6666666666666667 0.041666666666666664 0.05925925925925926
3 0.3223958333333333 0.6421296296296296 0.010416666666666666 0.06759259259259259
3 0.9671875 0.7958333333333334 0.04479166666666667 0.09907407407407408
