9 0.3536458333333333 0.6083333333333334 0.12916666666666668 0.37592592592592594
3 0.4359375 0.5773148148148147 0.07083333333333333 0.12685185185185185
0 0.54140625 0.6351851851851852 0.16510416666666666 0.3425925925925926
7 0.21875 0.537037037037037 0.016666666666666666 0.07592592592592592
7 0.19062500000000002 0.5203703703703704 0.0125 0.06111111111111111
3 0.85859375 0.7537037037037038 0.2828125 0.4925925925925926
3 0.7950520833333333 0.5518518518518518 0.1296875 0.1425925925925926
9 0.6752604166666666 0.5486111111111112 0.0171875 0.05648148148148148
7 0.6752604166666666 0.5421296296296296 0.005729166666666666 0.04537037037037037
7 0.70234375 0.5486111111111112 0.0234375 0.0787037037037037
7 0.7049479166666667 0.537037037037037 0.016145833333333335 0.05185185185185185
0 0.6276041666666666 0.5425925925925926 0.03958333333333333 0.07037037037037037
7 0.20208333333333334 0.5194444444444444 0.013541666666666667 0.07592592592592592
7 0.2559895833333333 0.5300925925925927 0.0171875 0.04722222222222222
9 0.2729166666666667 0.5226851851851851 0.03229166666666667 0.062037037037037036
9 0.6713541666666667 0.5421296296296296 0.021875 0.06759259259259259
9 0.6955729166666667 0.5435185185185185 0.024479166666666666 0.08703703703703704
