7 0.5885416666666666 0.6083333333333334 0.14895833333333333 0.7833333333333333
0 0.5036458333333333 0.6689814814814815 0.11666666666666667 0.325
7 0.8075520833333333 0.6583333333333333 0.0203125 0.07777777777777778
3 0.81796875 0.6689814814814815 0.07760416666666667 0.09907407407407408
7 0.09921875 0.5828703703703704 0.1984375 0.6916666666666667
6 0.10677083333333333 0.8180555555555555 0.21354166666666666 0.3638888888888889
9 0.20598958333333334 0.6324074074074074 0.1671875 0.5388888888888889
3 0.3114583333333333 0.6291666666666667 0.07916666666666666 0.11388888888888889
3 0.3541666666666667 0.6305555555555555 0.025 0.06851851851851852
9 0.39192708333333337 0.6425925925925926 0.0421875 0.08703703703703704
7 0.4390625 0.6222222222222222 0.015625 0.03148148148148148
6 0.43880208333333337 0.6449074074074074 0.0109375 0.025
6 0.4518229166666667 0.649074074074074 0.009895833333333333 0.03148148148148148
7 0.45468749999999997 0.6240740740740741 0.0125 0.046296296296296294
