7 0.4604166666666667 0.6499999999999999 0.052083333333333336 0.14444444444444443
6 0.46171875 0.7583333333333334 0.0609375 0.14074074074074075
3 0.6572916666666666 0.736574074074074 0.2520833333333333 0.23981481481481481
11 0.6411458333333333 0.5921296296296297 0.16979166666666667 0.125
2 0.9302083333333334 0.6310185185185185 0.13958333333333334 0.35462962962962963
2 0.7916666666666667 0.6662037037037036 0.13541666666666666 0.1675925925925926
3 0.3481770833333333 0.7180555555555556 0.07447916666666667 0.21203703703703702
0 0.21848958333333335 0.7291666666666666 0.2171875 0.49166666666666664
7 0.0515625 0.6444444444444444 0.103125 0.46111111111111114
6 0.04921875 0.887962962962963 0.0984375 0.22407407407407406
0 0.39166666666666666 0.6611111111111111 0.03333333333333333 0.08888888888888889
0 0.43359375 0.6759259259259259 0.0546875 0.12037037037037036
