7 0.29661458333333335 0.7231481481481481 0.030729166666666665 0.18518518518518517
7 0.18151041666666667 0.7287037037037037 0.0421875 0.25
7 0.75390625 0.7453703703703705 0.028645833333333332 0.16111111111111112
0 0.43593750000000003 0.7092592592592593 0.034375 0.10185185185185185
0 0.37109375 0.6921296296296297 0.04114583333333333 0.09537037037037037
3 0.5489583333333333 0.6990740740740741 0.04479166666666667 0.07592592592592592
7 0.21302083333333335 0.7277777777777777 0.042708333333333334 0.2351851851851852
7 0.25833333333333336 0.700925925925926 0.021875 0.10740740740740741
7 0.3239583333333333 0.7296296296296296 0.041666666666666664 0.1648148148148148
7 0.78046875 0.7578703703703704 0.0265625 0.15833333333333333
