7 0.22786458333333334 0.7601851851851852 0.0359375 0.1388888888888889
3 0.07838541666666667 0.7694444444444445 0.15677083333333333 0.1685185185185185
0 0.3627604166666667 0.7569444444444444 0.0734375 0.0712962962962963
7 0.3197916666666667 0.7305555555555555 0.007291666666666667 0.046296296296296294
7 0.428125 0.7398148148148148 0.013541666666666667 0.03518518518518519
6 0.428125 0.7666666666666666 0.013541666666666667 0.037037037037037035
3 0.4380208333333333 0.7476851851851851 0.026041666666666668 0.05462962962962963
2 0.4869791666666667 0.7254629629629629 0.04895833333333333 0.06574074074074074
3 0.17786458333333333 0.7773148148148148 0.09947916666666666 0.14537037037037037
3 0.22734375 0.7671296296296296 0.0953125 0.125
