7 0.12864583333333332 0.6476851851851853 0.06770833333333333 0.19907407407407407
7 0.21302083333333333 0.6949074074074074 0.10104166666666667 0.2916666666666667
9 0.08697916666666666 0.7856481481481482 0.15104166666666666 0.21574074074074073
6 0.20260416666666664 0.8476851851851851 0.08645833333333333 0.22870370370370371
0 0.37057291666666664 0.7185185185185186 0.10572916666666667 0.23333333333333334
0 0.43984375000000003 0.7143518518518519 0.044270833333333336 0.1175925925925926
7 0.48333333333333334 0.673148148148148 0.059375 0.15
6 0.48020833333333335 0.7953703703703703 0.04479166666666667 0.15555555555555556
0 0.5455729166666667 0.7023148148148148 0.022395833333333334 0.06759259259259259
0 0.5583333333333333 0.7069444444444444 0.020833333333333332 0.0712962962962963
3 0.5794270833333334 0.7347222222222223 0.0421875 0.10833333333333334
3 0.6911458333333333 0.7787037037037037 0.21145833333333333 0.26296296296296295
7 0.9533854166666667 0.7472222222222222 0.09322916666666667 0.3685185185185185
6 0.946875 0.8777777777777778 0.10625 0.23703703703703705
0 0.8151041666666666 0.7481481481481481 0.052083333333333336 0.1037037037037037
11 0.9078125 0.7444444444444445 0.11041666666666666 0.1962962962962963
