7 0.06067708333333334 0.7828703703703703 0.0484375 0.23796296296296296
0 0.11406250000000001 0.7745370370370371 0.06458333333333334 0.225
9 0.18333333333333335 0.7939814814814815 0.12708333333333333 0.38055555555555554
9 0.3046875 0.8041666666666667 0.13020833333333334 0.3861111111111111
3 0.5700520833333333 0.8486111111111111 0.23385416666666667 0.30277777777777776
0 0.7440104166666667 0.8592592592592593 0.0734375 0.14074074074074075
0 0.7903645833333334 0.8546296296296296 0.04114583333333333 0.1111111111111111
7 0.9216145833333333 0.8833333333333333 0.034895833333333334 0.17037037037037037
7 0.9640624999999999 0.8671296296296296 0.029166666666666667 0.06574074074074074
3 0.9651041666666667 0.9287037037037037 0.06979166666666667 0.1425925925925926
0 0.4294270833333333 0.7694444444444444 0.0828125 0.2111111111111111
7 0.42083333333333334 0.7476851851851852 0.03958333333333333 0.09351851851851851
7 0.81640625 0.8518518518518519 0.022395833333333334 0.08703703703703704
