3 0.0734375 0.7689814814814815 0.146875 0.18055555555555555
7 0.18776041666666665 0.7574074074074074 0.0296875 0.1648148148148148
3 0.25286458333333334 0.7703703703703704 0.10052083333333334 0.12962962962962962
0 0.6973958333333333 0.7523148148148148 0.06875 0.16203703703703703
0 0.6390625000000001 0.7453703703703705 0.0375 0.07407407407407407
3 0.42552083333333335 0.7476851851851852 0.040625 0.05277777777777778
7 0.34479166666666666 0.725 0.034375 0.05185185185185185
7 0.2903645833333333 0.7129629629629629 0.0140625 0.046296296296296294
7 0.38958333333333334 0.7532407407407408 0.020833333333333332 0.04722222222222222
11 0.571875 0.6986111111111111 0.057291666666666664 0.1712962962962963
