9 0.31015625 0.7532407407407407 0.14635416666666667 0.41759259259259257
9 0.38906250000000003 0.6990740740740741 0.042708333333333334 0.1574074074074074
9 0.53984375 0.7027777777777777 0.2421875 0.5944444444444444
9 0.7140625 0.7444444444444445 0.042708333333333334 0.1388888888888889
9 0.809375 0.7597222222222223 0.046875 0.15462962962962962
7 0.72421875 0.7305555555555556 0.018229166666666668 0.10555555555555556
7 0.8140625 0.7458333333333333 0.021875 0.09351851851851851
0 0.7664062500000001 0.7583333333333333 0.0421875 0.12777777777777777
3 0.9427083333333333 0.8092592592592592 0.11458333333333333 0.36666666666666664
3 0.2505208333333333 0.7467592592592592 0.07604166666666666 0.18611111111111112
