7 0.5729166666666666 0.7222222222222222 0.020833333333333332 0.12222222222222222
0 0.7294270833333333 0.7509259259259259 0.09947916666666666 0.16296296296296298
7 0.48541666666666666 0.7125 0.015625 0.08981481481481482
3 0.4783854166666667 0.7050925925925926 0.04739583333333333 0.03425925925925926
0 0.3458333333333334 0.687037037037037 0.04791666666666667 0.09259259259259259
7 0.23307291666666666 0.6902777777777778 0.021354166666666667 0.10462962962962963
0 0.24505208333333334 0.6763888888888889 0.027604166666666666 0.07685185185185185
3 0.16380208333333335 0.725462962962963 0.13072916666666667 0.20092592592592592
0 0.9768229166666667 0.7805555555555557 0.04635416666666667 0.4
7 0.5895833333333333 0.7268518518518519 0.022916666666666665 0.11296296296296296
