7 0.58203125 0.7199074074074074 0.04635416666666667 0.25833333333333336
7 0.7473958333333334 0.724537037037037 0.058333333333333334 0.2638888888888889
7 0.8601562500000001 0.7268518518518519 0.06197916666666667 0.3333333333333333
7 0.16119791666666666 0.6537037037037038 0.05677083333333333 0.20185185185185187
9 0.030729166666666665 0.6421296296296296 0.06145833333333333 0.33796296296296297
7 0.36744791666666665 0.6564814814814814 0.0171875 0.09444444444444444
7 0.38046875 0.6398148148148148 0.009895833333333333 0.07407407407407407
3 0.6072916666666667 0.6907407407407408 0.10208333333333333 0.1574074074074074
3 0.6942708333333334 0.650462962962963 0.042708333333333334 0.05648148148148148
9 0.66953125 0.6425925925925926 0.016145833333333335 0.037037037037037035
9 0.4330729166666667 0.6439814814814815 0.050520833333333334 0.0824074074074074
7 0.43463541666666666 0.6240740740740741 0.0171875 0.03888888888888889
7 0.4682291666666667 0.6259259259259259 0.013541666666666667 0.022222222222222223
9 0.459375 0.6402777777777778 0.021875 0.0787037037037037
9 0.48463541666666665 0.6472222222222221 0.025520833333333333 0.07777777777777778
9 0.5036458333333333 0.648611111111111 0.015625 0.06574074074074074
0 0.5299479166666667 0.6476851851851853 0.0453125 0.09722222222222222
7 0.5200520833333333 0.6416666666666667 0.0171875 0.06481481481481481
7 0.5372395833333333 0.6458333333333333 0.0203125 0.05462962962962963
7 0.39583333333333337 0.6393518518518518 0.020833333333333332 0.06944444444444445
0 0.796875 0.7023148148148148 0.11458333333333333 0.16203703703703703
7 0.7260416666666666 0.6680555555555556 0.016666666666666666 0.05648148148148148
6 0.7192708333333333 0.7166666666666667 0.036458333333333336 0.053703703703703705
9 0.07161458333333333 0.6351851851851852 0.0640625 0.25555555555555554
