7 0.09218749999999999 0.6833333333333333 0.12291666666666666 0.6018518518518519
4 0.23645833333333333 0.7722222222222223 0.32708333333333334 0.362962962962963
7 0.38671875 0.524537037037037 0.034895833333333334 0.1712962962962963
9 0.48515625 0.5916666666666667 0.0734375 0.12037037037037036
7 0.47890625000000003 0.4949074074074074 0.024479166666666666 0.09351851851851851
0 0.5916666666666667 0.5564814814814815 0.08541666666666667 0.20925925925925926
0 0.6622395833333333 0.5574074074074074 0.0453125 0.09444444444444444
9 0.22994791666666667 0.4625 0.1046875 0.15462962962962962
3 0.28489583333333335 0.4824074074074074 0.06770833333333333 0.19444444444444445
0 0.96640625 0.5699074074074074 0.043229166666666666 0.06944444444444445
3 0.7140625 0.562962962962963 0.035416666666666666 0.05185185185185185
9 0.51796875 0.5449074074074074 0.022395833333333334 0.0712962962962963
0 0.5442708333333333 0.5449074074074075 0.013541666666666667 0.03611111111111111
3 0.8541666666666666 0.5805555555555556 0.215625 0.18518518518518517
