7 0.0140625 0.6976851851851852 0.028125 0.27314814814814814
7 0.08671875 0.6898148148148149 0.03802083333333333 0.2388888888888889
7 0.22135416666666669 0.675 0.026041666666666668 0.07592592592592592
7 0.5723958333333333 0.7189814814814814 0.04791666666666667 0.11574074074074074
7 0.48906249999999996 0.7208333333333333 0.026041666666666668 0.049074074074074076
9 0.43072916666666666 0.7504629629629629 0.08958333333333333 0.2657407407407407
0 0.27369791666666665 0.773611111111111 0.1453125 0.275
9 0.36588541666666663 0.7481481481481481 0.049479166666666664 0.13703703703703704
7 0.3559895833333333 0.7162037037037038 0.011979166666666667 0.041666666666666664
6 0.5690104166666666 0.8319444444444445 0.050520833333333334 0.125
6 0.49765625 0.7708333333333333 0.0390625 0.06018518518518518
