7 0.2721354166666667 0.7199074074074074 0.1265625 0.39351851851851855
6 0.2869791666666667 0.8578703703703703 0.29270833333333335 0.275
7 0.40520833333333334 0.6800925925925926 0.04375 0.1675925925925926
7 0.7627604166666666 0.7555555555555555 0.10677083333333333 0.2962962962962963
7 0.5786458333333333 0.7226851851851852 0.042708333333333334 0.1175925925925926
6 0.58671875 0.849537037037037 0.15260416666666668 0.17685185185185184
6 0.44453125 0.7921296296296296 0.09635416666666667 0.14351851851851852
6 0.05364583333333334 0.762962962962963 0.06979166666666667 0.12222222222222222
7 0.03046875 0.7106481481481481 0.0609375 0.225
7 0.8861979166666666 0.7310185185185185 0.0640625 0.19722222222222222
6 0.9057291666666666 0.8958333333333333 0.18854166666666666 0.20833333333333334
3 0.12161458333333333 0.6726851851851852 0.15572916666666667 0.1398148148148148
7 0.21875 0.6685185185185185 0.041666666666666664 0.10555555555555556
7 0.4822916666666667 0.6865740740740741 0.053125 0.0787037037037037
9 0.5432291666666667 0.6768518518518518 0.04583333333333333 0.07407407407407407
9 0.45807291666666666 0.6699074074074074 0.04739583333333333 0.062037037037037036
9 0.93671875 0.7074074074074074 0.050520833333333334 0.12777777777777777
0 0.97734375 0.7384259259259259 0.044270833333333336 0.15462962962962962
