0 0.7989583333333333 0.23796296296296296 0.07604166666666666 0.08888888888888889
2 0.5880208333333333 0.20833333333333331 0.030208333333333334 0.07037037037037037
2 0.5174479166666667 0.20509259259259258 0.06614583333333333 0.10092592592592593
2 0.5611979166666666 0.20787037037037037 0.021354166666666667 0.07314814814814814
7 0.50078125 0.22592592592592595 0.015104166666666667 0.06851851851851852
7 0.42890625 0.2199074074074074 0.009895833333333333 0.0712962962962963
7 0.39817708333333335 0.22777777777777777 0.011979166666666667 0.06481481481481481
7 0.3885416666666667 0.23842592592592593 0.013541666666666667 0.058333333333333334
7 0.37135416666666665 0.23657407407407408 0.019791666666666666 0.08055555555555556
11 0.2963541666666667 0.22453703703703703 0.052083333333333336 0.07685185185185185
11 0.3260416666666667 0.2310185185185185 0.03229166666666667 0.05462962962962963
0 0.2 0.2300925925925926 0.026041666666666668 0.10462962962962963
7 0.07604166666666666 0.2013888888888889 0.017708333333333333 0.06944444444444445
3 0.054427083333333334 0.21481481481481482 0.10885416666666667 0.1425925925925926
7 0.44765625 0.21666666666666667 0.011979166666666667 0.05925925925925926
7 0.46901041666666665 0.22175925925925924 0.011979166666666667 0.05277777777777778
7 0.43854166666666666 0.22037037037037038 0.015625 0.06481481481481481
