7 0.12005208333333334 0.2675925925925926 0.20260416666666667 0.5351851851851852
6 0.14322916666666666 0.37962962962962965 0.240625 0.42962962962962964
7 0.5736979166666667 0.20370370370370372 0.04739583333333333 0.12962962962962962
6 0.5770833333333334 0.3023148148148148 0.041666666666666664 0.14722222222222223
0 0.4075520833333333 0.23148148148148145 0.0515625 0.11296296296296296
0 0.5434895833333333 0.23796296296296296 0.044270833333333336 0.08888888888888889
0 0.52109375 0.225 0.016145833333333335 0.05
7 0.4546875 0.22916666666666666 0.015625 0.06759259259259259
7 0.46718750000000003 0.2240740740740741 0.011458333333333333 0.05555555555555555
7 0.44505208333333335 0.22083333333333333 0.011979166666666667 0.04722222222222222
3 0.7221354166666667 0.2361111111111111 0.033854166666666664 0.07222222222222222
3 0.7572916666666666 0.23935185185185184 0.04479166666666667 0.06018518518518518
7 0.1875 0.2532407407407407 0.11979166666666667 0.49907407407407406
