7 0.40546875 0.5319444444444444 0.0546875 0.3398148148148148
7 0.3598958333333333 0.5203703703703704 0.04375 0.1685185185185185
0 0.396875 0.5791666666666666 0.16458333333333333 0.375
0 0.5067708333333333 0.5847222222222221 0.052083333333333336 0.13240740740740742
7 0.540625 0.5925925925925926 0.019791666666666666 0.1037037037037037
7 0.5890625 0.5611111111111111 0.007291666666666667 0.025925925925925925
3 0.5768229166666666 0.5680555555555555 0.024479166666666666 0.028703703703703703
0 0.5541666666666667 0.562962962962963 0.011458333333333333 0.02962962962962963
7 0.040364583333333336 0.6129629629629629 0.07447916666666667 0.3888888888888889
11 0.6057291666666667 0.5546296296296296 0.01875 0.04259259259259259
11 0.6841145833333333 0.5518518518518518 0.04635416666666667 0.037037037037037035
0 0.8403645833333333 0.5527777777777777 0.09010416666666667 0.06851851851851852
