7 0.38828124999999997 0.7694444444444444 0.016145833333333335 0.08333333333333333
9 0.3903645833333333 0.7583333333333333 0.0359375 0.10185185185185185
7 0.3627604166666667 0.7527777777777778 0.019270833333333334 0.06111111111111111
7 0.34765625 0.7768518518518519 0.0203125 0.06481481481481481
7 0.4739583333333333 0.7662037037037037 0.021875 0.058333333333333334
7 0.5283854166666666 0.7643518518518518 0.0171875 0.041666666666666664
3 0.49947916666666664 0.7583333333333333 0.021875 0.05740740740740741
0 0.5489583333333333 0.775 0.013541666666666667 0.03518518518518519
3 0.56015625 0.7666666666666666 0.0203125 0.025925925925925925
7 0.5817708333333333 0.763425925925926 0.017708333333333333 0.049074074074074076
