7 0.31484375 0.7523148148148148 0.07239583333333334 0.21388888888888888
6 0.31927083333333334 0.8125 0.08541666666666667 0.15648148148148147
3 0.6447916666666667 0.8166666666666667 0.22291666666666668 0.31666666666666665
2 0.5911458333333333 0.6694444444444445 0.06354166666666666 0.07037037037037037
9 0.14479166666666665 0.763888888888889 0.121875 0.25925925925925924
7 0.97578125 0.7722222222222221 0.04114583333333333 0.08333333333333333
9 0.25364583333333335 0.7782407407407407 0.052083333333333336 0.1675925925925926
7 0.21822916666666667 0.774537037037037 0.01875 0.10092592592592593
7 0.23802083333333335 0.7699074074074075 0.013541666666666667 0.1175925925925926
7 0.029166666666666667 0.7393518518518518 0.028125 0.08425925925925926
7 0.06692708333333333 0.762037037037037 0.028645833333333332 0.12962962962962962
6 0.5205729166666666 0.7847222222222222 0.024479166666666666 0.06018518518518518
0 0.8940104166666667 0.7703703703703704 0.0453125 0.07222222222222222
0 0.940625 0.7731481481481481 0.03125 0.07407407407407407
