3 0.24166666666666667 0.7481481481481482 0.065625 0.11481481481481481
0 0.3263020833333333 0.7541666666666668 0.033854166666666664 0.09722222222222222
7 0.34791666666666665 0.7435185185185185 0.023958333333333335 0.09259259259259259
7 0.38177083333333334 0.7449074074074074 0.028125 0.10462962962962963
3 0.5828125 0.7546296296296297 0.029166666666666667 0.03518518518518519
3 0.10442708333333334 0.775462962962963 0.20885416666666667 0.24166666666666667
3 0.43854166666666666 0.7486111111111111 0.06041666666666667 0.08425925925925926
0 0.3263020833333333 0.7560185185185185 0.044270833333333336 0.0824074074074074
3 0.47890625000000003 0.7476851851851851 0.0265625 0.049074074074074076
3 0.5036458333333333 0.7462962962962962 0.022916666666666665 0.05185185185185185
