3 0.0234375 0.49444444444444446 0.046875 0.1388888888888889
3 0.09140625 0.46759259259259256 0.15572916666666667 0.1925925925925926
9 0.06432291666666667 0.39166666666666666 0.034895833333333334 0.05925925925925926
0 0.29296875 0.4842592592592593 0.0671875 0.1388888888888889
7 0.23307291666666666 0.4842592592592593 0.04114583333333333 0.1388888888888889
7 0.15755208333333334 0.4337962962962963 0.0359375 0.08425925925925926
9 0.3924479166666667 0.4833333333333334 0.08385416666666666 0.2611111111111111
9 0.44244791666666666 0.48703703703703705 0.0546875 0.17407407407407408
0 0.525 0.5175925925925926 0.09895833333333333 0.2111111111111111
3 0.6338541666666667 0.5287037037037037 0.14375 0.17037037037037037
3 0.8252604166666666 0.5740740740740741 0.23177083333333334 0.23148148148148148
3 0.9408854166666666 0.663425925925926 0.11822916666666666 0.33055555555555555
2 0.7356770833333334 0.45972222222222225 0.1234375 0.05277777777777778
