7 0.5479166666666667 0.21574074074074073 0.022916666666666665 0.06666666666666667
6 0.5463541666666666 0.2787037037037037 0.020833333333333332 0.07407407407407407
7 0.5200520833333333 0.22824074074074074 0.0109375 0.028703703703703703
6 0.5200520833333333 0.2587962962962963 0.013020833333333334 0.03796296296296296
9 0.48333333333333334 0.23657407407407405 0.021875 0.06574074074074074
7 0.43984375 0.23564814814814813 0.0078125 0.04722222222222222
7 0.4513020833333334 0.23796296296296296 0.008854166666666666 0.053703703703703705
3 0.4557291666666667 0.24074074074074073 0.03229166666666667 0.037037037037037035
2 0.3796875 0.21481481481481482 0.084375 0.13148148148148148
0 0.5041666666666667 0.23703703703703705 0.015625 0.040740740740740744
