3 0.12630208333333334 0.7222222222222222 0.07552083333333333 0.19814814814814816
3 0.36692708333333335 0.7263888888888889 0.20885416666666667 0.3453703703703704
3 0.5322916666666667 0.6884259259259259 0.06875 0.058333333333333334
0 0.49270833333333336 0.6745370370370369 0.025 0.05092592592592592
3 0.7085937499999999 0.7425925925925926 0.0796875 0.1
3 0.80546875 0.7379629629629629 0.0953125 0.17592592592592593
0 0.8658854166666666 0.7615740740740741 0.09427083333333333 0.20833333333333334
0 0.9562499999999999 0.787037037037037 0.0875 0.2462962962962963
9 0.05677083333333333 0.6935185185185184 0.11354166666666667 0.6129629629629629
8 0.6546875000000001 0.6898148148148149 0.09583333333333334 0.17592592592592593
3 0.18880208333333334 0.7175925925925926 0.0984375 0.17407407407407408
3 0.22864583333333333 0.7 0.06041666666666667 0.15925925925925927
3 0.27109374999999997 0.674537037037037 0.03177083333333333 0.10277777777777777
