3 0.11197916666666667 0.7842592592592592 0.22395833333333334 0.42407407407407405
11 0.20416666666666666 0.6574074074074074 0.2 0.412962962962963
7 0.32760416666666664 0.7689814814814815 0.021875 0.07314814814814814
3 0.30390625 0.7523148148148148 0.027604166666666666 0.09907407407407408
3 0.32317708333333334 0.7282407407407406 0.024479166666666666 0.05092592592592592
3 0.36041666666666666 0.7333333333333333 0.028125 0.04814814814814815
7 0.3807291666666666 0.7273148148148147 0.014583333333333334 0.0712962962962963
0 0.41484375 0.7324074074074074 0.03177083333333333 0.07037037037037037
0 0.459375 0.737037037037037 0.019791666666666666 0.05555555555555555
7 0.49140625 0.7226851851851852 0.0067708333333333336 0.01574074074074074
9 0.48802083333333335 0.7310185185185185 0.016666666666666666 0.03981481481481482
3 0.52578125 0.7439814814814815 0.06614583333333333 0.09907407407407408
3 0.5924479166666667 0.7615740740740741 0.0453125 0.07314814814814814
3 0.6356770833333334 0.7712962962962963 0.0453125 0.08888888888888889
11 0.71484375 0.7513888888888889 0.1171875 0.19166666666666668
3 0.915625 0.8333333333333334 0.16875 0.22962962962962963
3 0.43697916666666664 0.7282407407407407 0.017708333333333333 0.028703703703703703
