7 0.22213541666666667 0.575925925925926 0.043229166666666666 0.26481481481481484
7 0.026562500000000003 0.575925925925926 0.04791666666666667 0.3574074074074074
7 0.27109375 0.5824074074074074 0.03697916666666667 0.18703703703703703
7 0.34791666666666665 0.5902777777777777 0.017708333333333333 0.13240740740740742
7 0.41953125 0.5939814814814814 0.013020833333333334 0.09166666666666666
9 0.4747395833333333 0.5962962962962963 0.0453125 0.13148148148148148
9 0.5125 0.5861111111111111 0.04375 0.07962962962962963
7 0.5203125 0.5796296296296296 0.016666666666666666 0.04814814814814815
0 0.6125 0.6310185185185185 0.14375 0.26944444444444443
7 0.06979166666666667 0.5555555555555556 0.08125 0.3277777777777778
7 0.365625 0.5898148148148148 0.028125 0.12777777777777777
7 0.3924479166666667 0.5939814814814816 0.025520833333333333 0.10277777777777777
0 0.4294270833333333 0.5925925925925926 0.016145833333333335 0.08888888888888889
7 0.44505208333333335 0.5925925925925926 0.0171875 0.09259259259259259
3 0.5518229166666666 0.5824074074074075 0.024479166666666666 0.05925925925925926
7 0.29947916666666663 0.5805555555555556 0.028125 0.16666666666666666
