7 0.5455729166666666 0.6768518518518519 0.015104166666666667 0.05925925925925926
7 0.5046875000000001 0.6898148148148148 0.017708333333333333 0.05740740740740741
7 0.6817708333333333 0.6916666666666667 0.020833333333333332 0.05555555555555555
7 0.6156250000000001 0.7097222222222223 0.026041666666666668 0.05462962962962963
7 0.6533854166666666 0.7018518518518518 0.016145833333333335 0.05
9 0.5080729166666667 0.7185185185185184 0.0578125 0.04814814814814815
9 0.5536458333333333 0.7458333333333333 0.046875 0.06018518518518518
9 0.71796875 0.7277777777777779 0.0703125 0.20185185185185187
9 0.65859375 0.7472222222222221 0.0484375 0.08888888888888889
0 0.40286458333333336 0.7300925925925925 0.14427083333333332 0.33055555555555555
2 0.3200520833333333 0.650925925925926 0.06510416666666667 0.16111111111111112
7 0.23880208333333333 0.6699074074074074 0.015104166666666667 0.06759259259259259
7 0.14869791666666665 0.6990740740740741 0.03177083333333333 0.13703703703703704
6 0.14739583333333334 0.7296296296296296 0.06145833333333333 0.09814814814814815
9 0.24010416666666667 0.6847222222222222 0.04583333333333333 0.12129629629629629
3 0.18177083333333333 0.673148148148148 0.05 0.08888888888888889
7 0.1140625 0.637037037037037 0.01875 0.08333333333333333
9 0.05 0.7083333333333334 0.1 0.23333333333333334
7 0.00703125 0.625 0.0140625 0.1037037037037037
