7 0.2895833333333333 0.6814814814814815 0.06354166666666666 0.15925925925925927
6 0.2830729166666667 0.8148148148148149 0.08072916666666667 0.15555555555555556
9 0.06979166666666667 0.7166666666666667 0.13958333333333334 0.3333333333333333
0 0.40625 0.7310185185185185 0.11458333333333333 0.22314814814814815
7 0.5033854166666667 0.700925925925926 0.07447916666666667 0.1814814814814815
6 0.5052083333333334 0.8185185185185185 0.09895833333333333 0.28703703703703703
3 0.6645833333333333 0.7824074074074074 0.21145833333333333 0.22407407407407406
7 0.9153645833333334 0.7615740740740741 0.10052083333333334 0.36944444444444446
6 0.91796875 0.8430555555555556 0.1640625 0.3138888888888889
3 0.7651041666666667 0.7652777777777778 0.04375 0.0824074074074074
9 0.23177083333333334 0.7703703703703704 0.042708333333333334 0.12407407407407407
3 0.55859375 0.7435185185185185 0.05677083333333333 0.12407407407407407
3 0.8510416666666666 0.7833333333333333 0.040625 0.08888888888888889
