7 0.20078125 0.7236111111111112 0.0703125 0.23981481481481481
6 0.1953125 0.8638888888888889 0.11145833333333334 0.20185185185185187
7 0.09244791666666666 0.7689814814814815 0.05677083333333333 0.25462962962962965
0 0.11901041666666666 0.7481481481481482 0.10989583333333333 0.20185185185185187
0 0.31875000000000003 0.7555555555555555 0.11458333333333333 0.21296296296296297
7 0.26979166666666665 0.7384259259259259 0.027083333333333334 0.125
7 0.37786458333333334 0.7083333333333334 0.019270833333333334 0.06481481481481481
3 0.7286458333333333 0.8402777777777778 0.30833333333333335 0.3194444444444444
3 0.5145833333333334 0.7671296296296297 0.090625 0.13240740740740742
0 0.46510416666666665 0.7486111111111111 0.041666666666666664 0.09537037037037037
9 0.4317708333333333 0.7402777777777777 0.028125 0.08611111111111111
7 0.40703125 0.7421296296296297 0.011979166666666667 0.062037037037037036
11 0.9132812499999999 0.6916666666666667 0.1734375 0.3685185185185185
