0 0.5486979166666667 0.624074074074074 0.14114583333333333 0.31851851851851853
0 0.734375 0.5893518518518519 0.07083333333333333 0.13796296296296295
7 0.34296875 0.611574074074074 0.04739583333333333 0.20277777777777778
4 0.32447916666666665 0.6333333333333333 0.11041666666666666 0.15
9 0.23541666666666666 0.6537037037037037 0.06041666666666667 0.17592592592592593
9 0.13515625 0.5583333333333333 0.15885416666666666 0.4722222222222222
7 0.0296875 0.43657407407407406 0.059375 0.3675925925925926
9 0.031510416666666666 0.6995370370370371 0.06302083333333333 0.262037037037037
9 0.41744791666666664 0.6027777777777777 0.0859375 0.10185185185185185
7 0.4317708333333333 0.5384259259259259 0.011458333333333333 0.05092592592592592
9 0.37109375 0.5092592592592593 0.0265625 0.05185185185185185
11 0.8447916666666667 0.5472222222222222 0.13541666666666666 0.19814814814814816
3 0.6885416666666667 0.5828703703703704 0.027083333333333334 0.03611111111111111
7 0.33333333333333337 0.5226851851851851 0.03229166666666667 0.10277777777777777
7 0.9716145833333333 0.5958333333333334 0.024479166666666666 0.07685185185185185
9 0.47942708333333334 0.562962962962963 0.027604166666666666 0.08518518518518518
