0 0.2596354166666667 0.6513888888888888 0.09739583333333333 0.23425925925925925
0 0.14088541666666665 0.6291666666666667 0.09322916666666667 0.18611111111111112
3 0.03463541666666667 0.6449074074074074 0.06927083333333334 0.13055555555555556
9 0.07760416666666667 0.6226851851851852 0.034375 0.12314814814814815
7 0.34869791666666666 0.6439814814814815 0.025520833333333333 0.05277777777777778
6 0.35703125 0.674537037037037 0.025520833333333333 0.03425925925925926
7 0.6307291666666667 0.6912037037037037 0.027083333333333334 0.05462962962962963
0 0.7057291666666667 0.7226851851851852 0.096875 0.1527777777777778
7 0.7872395833333333 0.7143518518518519 0.027604166666666666 0.08425925925925926
11 0.5182291666666666 0.6513888888888888 0.17083333333333334 0.21944444444444444
5 0.8739583333333334 0.774537037037037 0.15104166666666666 0.2361111111111111
