0 0.690625 0.750462962962963 0.06458333333333334 0.13055555555555556
0 0.6390625000000001 0.7439814814814816 0.03333333333333333 0.0712962962962963
7 0.13723958333333333 0.7694444444444445 0.0265625 0.1814814814814815
7 0.3432291666666667 0.7481481481481481 0.03854166666666667 0.09074074074074075
3 0.29140625 0.7541666666666667 0.07239583333333334 0.08796296296296297
3 0.36874999999999997 0.7537037037037038 0.04375 0.08518518518518518
3 0.4536458333333333 0.7439814814814815 0.028125 0.041666666666666664
7 0.47578125000000004 0.7439814814814815 0.008854166666666666 0.030555555555555555
11 0.5697916666666667 0.701388888888889 0.053125 0.15462962962962962
7 0.4041666666666667 0.7342592592592593 0.020833333333333332 0.05555555555555555
