0 0.9348958333333333 0.7625000000000001 0.12604166666666666 0.1638888888888889
3 0.7080729166666666 0.7481481481481481 0.14947916666666666 0.16296296296296298
3 0.6046875 0.7513888888888889 0.01875 0.08611111111111111
3 0.5455729166666666 0.7231481481481481 0.028645833333333332 0.05740740740740741
7 0.4953125 0.7166666666666667 0.019791666666666666 0.040740740740740744
3 0.43463541666666666 0.7342592592592592 0.04739583333333333 0.06296296296296296
6 0.4947916666666667 0.7569444444444444 0.019791666666666666 0.04722222222222222
9 0.3802083333333333 0.7356481481481482 0.06145833333333333 0.18055555555555555
9 0.18203125 0.5842592592592593 0.3640625 0.8314814814814815
7 0.30390625 0.4800925925925926 0.1015625 0.33611111111111114
7 0.6218750000000001 0.7458333333333333 0.014583333333333334 0.09537037037037037
