7 0.03619791666666667 0.29166666666666663 0.07239583333333334 0.39814814814814814
0 0.5036458333333333 0.24953703703703706 0.08333333333333333 0.1675925925925926
7 0.59609375 0.237962962962963 0.019270833333333334 0.07222222222222222
7 0.5541666666666667 0.23472222222222222 0.00625 0.03796296296296296
7 0.5614583333333333 0.23657407407407408 0.008333333333333333 0.03611111111111111
7 0.5682291666666667 0.2361111111111111 0.010416666666666666 0.03888888888888889
7 0.38046874999999997 0.24861111111111112 0.022395833333333334 0.1398148148148148
7 0.42031250000000003 0.26157407407407407 0.022916666666666665 0.09351851851851851
7 0.2768229166666667 0.2689814814814815 0.05677083333333333 0.13425925925925927
7 0.7229166666666668 0.22268518518518518 0.017708333333333333 0.030555555555555555
6 0.7218749999999999 0.25601851851851853 0.020833333333333332 0.04722222222222222
7 0.4393229166666666 0.2662037037037037 0.022395833333333334 0.10092592592592593
