3 0.6760416666666667 0.8361111111111111 0.403125 0.3277777777777778
7 0.8552083333333333 0.8930555555555556 0.06979166666666667 0.14907407407407408
7 0.1984375 0.8398148148148148 0.11354166666666667 0.32037037037037036
6 0.18984375 0.9078703703703704 0.1453125 0.18425925925925926
9 0.2799479166666667 0.8425925925925926 0.0640625 0.20555555555555555
9 0.33151041666666664 0.8324074074074075 0.0390625 0.13148148148148148
9 0.36640625 0.8361111111111111 0.0328125 0.11851851851851852
0 0.43124999999999997 0.8328703703703704 0.028125 0.10648148148148148
7 0.45598958333333334 0.8060185185185186 0.024479166666666666 0.0824074074074074
6 0.4596354166666667 0.8657407407407408 0.027604166666666666 0.1111111111111111
7 0.044270833333333336 0.8555555555555555 0.08854166666666667 0.12777777777777777
4 0.11041666666666666 0.9023148148148148 0.046875 0.11388888888888889
