0 0.2375 0.7736111111111111 0.22083333333333333 0.33425925925925926
0 0.4 0.7546296296296297 0.06458333333333334 0.14444444444444443
7 0.3536458333333333 0.7296296296296296 0.021875 0.09444444444444444
7 0.5403645833333334 0.7046296296296296 0.03177083333333333 0.09814814814814815
6 0.5421874999999999 0.7814814814814814 0.028125 0.10185185185185185
0 0.5890624999999999 0.7402777777777778 0.03229166666666667 0.07314814814814814
7 0.6127604166666667 0.7277777777777777 0.0078125 0.014814814814814815
7 0.4940104166666667 0.7384259259259259 0.04114583333333333 0.1361111111111111
7 0.6145833333333334 0.7175925925925927 0.017708333333333333 0.024074074074074074
6 0.6158854166666666 0.750462962962963 0.015104166666666667 0.021296296296296296
7 0.0296875 0.7185185185185186 0.059375 0.14629629629629629
