0 0.25338541666666664 0.5425925925925926 0.5067708333333333 0.7925925925925926
9 0.048177083333333336 0.5097222222222222 0.09635416666666667 0.899074074074074
7 0.6364583333333333 0.4444444444444445 0.04375 0.23703703703703705
9 0.87109375 0.5231481481481481 0.2453125 0.5981481481481481
2 0.8361979166666667 0.38981481481481484 0.32760416666666664 0.25
7 0.68359375 0.40601851851851856 0.04635416666666667 0.14166666666666666
7 0.7309895833333333 0.42592592592592593 0.044270833333333336 0.1648148148148148
7 0.77734375 0.44537037037037036 0.044270833333333336 0.17592592592592593
7 0.6979166666666667 0.4981481481481481 0.06145833333333333 0.14444444444444443
7 0.7346354166666667 0.6268518518518519 0.07864583333333333 0.2074074074074074
7 0.4625 0.4101851851851852 0.06354166666666666 0.34814814814814815
