7 0.1 0.7620370370370371 0.04375 0.1962962962962963
6 0.09713541666666667 0.8125 0.12135416666666667 0.10277777777777777
7 0.030989583333333334 0.7763888888888889 0.034895833333333334 0.175
7 0.17682291666666666 0.7652777777777777 0.030729166666666665 0.18796296296296297
7 0.20911458333333333 0.763425925925926 0.03802083333333333 0.19166666666666668
7 0.3236979166666667 0.7814814814814814 0.09114583333333333 0.21481481481481482
7 0.44036458333333334 0.7462962962962963 0.04635416666666667 0.12777777777777777
6 0.43828124999999996 0.7999999999999999 0.03802083333333333 0.09814814814814815
7 0.5736979166666666 0.7259259259259259 0.008854166666666666 0.03148148148148148
6 0.5770833333333333 0.7527777777777778 0.009375 0.03148148148148148
0 0.5567708333333333 0.7481481481481481 0.019791666666666666 0.04259259259259259
2 0.5723958333333333 0.7236111111111111 0.025 0.05092592592592592
7 0.8578125 0.7171296296296296 0.028125 0.05092592592592592
7 0.8901041666666666 0.7638888888888888 0.03229166666666667 0.14444444444444443
7 0.8302083333333333 0.7203703703703703 0.0125 0.046296296296296294
6 0.8502604166666667 0.7865740740740741 0.05364583333333333 0.10277777777777777
