7 0.28151041666666665 0.7842592592592592 0.0609375 0.4148148148148148
7 0.8283854166666668 0.8333333333333334 0.0453125 0.21481481481481482
3 0.6169270833333333 0.7884259259259259 0.08802083333333334 0.17685185185185184
7 0.49557291666666664 0.7375 0.009895833333333333 0.021296296296296296
6 0.4955729166666667 0.7611111111111111 0.013020833333333334 0.03148148148148148
0 0.42890625 0.7606481481481482 0.03177083333333333 0.0787037037037037
0 0.46458333333333335 0.725462962962963 0.016666666666666666 0.03425925925925926
0 0.4859375 0.7402777777777777 0.015625 0.03425925925925926
7 0.5348958333333332 0.7449074074074075 0.013541666666666667 0.026851851851851852
9 0.53984375 0.7763888888888889 0.024479166666666666 0.041666666666666664
7 0.23802083333333332 0.7699074074074075 0.09479166666666666 0.4601851851851852
7 0.40572916666666664 0.7250000000000001 0.0125 0.03888888888888889
