7 0.23802083333333332 0.6597222222222222 0.053125 0.2638888888888889
7 0.2739583333333333 0.6597222222222222 0.021875 0.06574074074074074
7 0.3059895833333333 0.6606481481481482 0.022395833333333334 0.05277777777777778
7 0.32838541666666665 0.6592592592592593 0.0203125 0.06481481481481481
7 0.35625 0.6648148148148147 0.023958333333333335 0.05740740740740741
9 0.37083333333333335 0.6240740740740741 0.027083333333333334 0.07037037037037037
9 0.39088541666666665 0.6166666666666667 0.021354166666666667 0.053703703703703705
7 0.40520833333333334 0.6435185185185185 0.023958333333333335 0.08148148148148149
7 0.42552083333333335 0.6425925925925926 0.017708333333333333 0.07407407407407407
7 0.44270833333333337 0.6425925925925925 0.016666666666666666 0.06851851851851852
7 0.4625 0.6444444444444444 0.011458333333333333 0.07777777777777778
7 0.3458333333333333 0.6143518518518518 0.010416666666666666 0.03796296296296296
0 0.07239583333333334 0.6226851851851851 0.14479166666666668 0.30833333333333335
0 0.5489583333333333 0.700462962962963 0.12604166666666666 0.26944444444444443
7 0.1875 0.6453703703703704 0.059375 0.2851851851851852
7 0.05182291666666666 0.5569444444444445 0.043229166666666666 0.0824074074074074
7 0.47291666666666665 0.6476851851851851 0.010416666666666666 0.06574074074074074
7 0.4796875 0.6481481481481481 0.010416666666666666 0.05555555555555555
