9 0.14973958333333331 0.6291666666666667 0.14114583333333333 0.35648148148148145
7 0.26484375 0.6305555555555555 0.019270833333333334 0.12222222222222222
0 0.34843749999999996 0.6439814814814815 0.10416666666666667 0.2175925925925926
3 0.42135416666666664 0.6430555555555555 0.057291666666666664 0.10648148148148148
7 0.49062500000000003 0.6050925925925925 0.016666666666666666 0.04537037037037037
6 0.49192708333333335 0.6356481481481482 0.0171875 0.049074074074074076
0 0.4708333333333333 0.5796296296296296 0.014583333333333334 0.03148148148148148
0 0.5049479166666667 0.6175925925925926 0.018229166666666668 0.05185185185185185
3 0.7864583333333334 0.7268518518518519 0.3229166666666667 0.31851851851851853
3 0.9432291666666667 0.6736111111111112 0.1125 0.13240740740740742
3 0.6015625 0.6523148148148148 0.103125 0.11018518518518519
7 0.24270833333333333 0.6462962962962963 0.01875 0.1037037037037037
3 0.5580729166666666 0.6152777777777778 0.04010416666666667 0.08981481481481482
