7 0.11171874999999999 0.6226851851851851 0.049479166666666664 0.16203703703703703
9 0.06145833333333333 0.6592592592592592 0.12291666666666666 0.37592592592592594
0 0.36614583333333334 0.6856481481481482 0.10625 0.25092592592592594
7 0.33880208333333334 0.6597222222222222 0.0390625 0.12685185185185185
7 0.37994791666666666 0.6675925925925925 0.0390625 0.11481481481481481
3 0.41796875 0.687037037037037 0.034895833333333334 0.07222222222222222
7 0.47578125 0.6787037037037037 0.0140625 0.06666666666666667
7 0.44609375 0.6787037037037037 0.013020833333333334 0.06666666666666667
7 0.29921875000000003 0.6657407407407407 0.0109375 0.05555555555555555
7 0.6552083333333334 0.7069444444444445 0.022916666666666665 0.0787037037037037
7 0.6815104166666667 0.712962962962963 0.0171875 0.07962962962962963
7 0.7252604166666666 0.7124999999999999 0.011979166666666667 0.03981481481481482
9 0.7140624999999999 0.7134259259259259 0.020833333333333332 0.08796296296296297
7 0.8786458333333333 0.7782407407407408 0.03229166666666667 0.1287037037037037
0 0.7549479166666667 0.7449074074074074 0.0734375 0.14722222222222223
7 0.6104166666666667 0.687037037037037 0.015625 0.04259259259259259
9 0.28671875 0.6638888888888889 0.03697916666666667 0.09074074074074075
9 0.6533854166666667 0.7101851851851853 0.0390625 0.10555555555555556
