0 0.43046874999999996 0.24398148148148147 0.0671875 0.15462962962962962
0 0.5588541666666667 0.2513888888888889 0.035416666666666666 0.08611111111111111
3 0.5005208333333333 0.2361111111111111 0.03854166666666667 0.09259259259259259
2 0.0484375 0.17222222222222222 0.096875 0.34444444444444444
2 0.32317708333333334 0.19907407407407407 0.06197916666666667 0.12037037037037036
2 0.38125 0.2013888888888889 0.04895833333333333 0.12685185185185185
11 0.48932291666666666 0.18333333333333335 0.0484375 0.11666666666666667
11 0.5380208333333333 0.20324074074074072 0.04479166666666667 0.13055555555555556
7 0.17135416666666667 0.20185185185185184 0.017708333333333333 0.09444444444444444
7 0.24192708333333332 0.21851851851851853 0.0078125 0.06851851851851852
2 0.17057291666666669 0.17037037037037037 0.13802083333333334 0.11481481481481481
3 0.26875 0.22083333333333333 0.042708333333333334 0.06759259259259259
