7 0.23177083333333331 0.6884259259259259 0.036458333333333336 0.14722222222222223
7 0.25885416666666666 0.6930555555555555 0.029166666666666667 0.11944444444444445
7 0.3177083333333333 0.7106481481481481 0.019791666666666666 0.06944444444444445
7 0.1765625 0.6828703703703705 0.03125 0.15833333333333333
0 0.36822916666666666 0.7444444444444445 0.0875 0.18333333333333332
9 0.4239583333333333 0.736574074074074 0.04375 0.17314814814814813
7 0.55703125 0.7268518518518519 0.05572916666666667 0.14814814814814814
6 0.553125 0.837962962962963 0.04791666666666667 0.14074074074074075
9 0.8296875 0.7611111111111111 0.03854166666666667 0.11666666666666667
0 0.9091145833333334 0.7763888888888888 0.12760416666666666 0.1787037037037037
0 0.4799479166666667 0.7287037037037037 0.0171875 0.046296296296296294
7 0.45442708333333337 0.7125 0.013020833333333334 0.026851851851851852
6 0.4588541666666666 0.7513888888888889 0.0125 0.049074074074074076
9 0.4653645833333333 0.7203703703703703 0.0140625 0.04814814814814815
7 0.49140625 0.7231481481481482 0.009895833333333333 0.024074074074074074
6 0.49062500000000003 0.7458333333333333 0.011458333333333333 0.023148148148148147
