0 0.6958333333333334 0.7162037037037037 0.030208333333333334 0.11388888888888889
7 0.72734375 0.7273148148148149 0.016145833333333335 0.08796296296296297
7 0.7510416666666666 0.7212962962962963 0.020833333333333332 0.08518518518518518
7 0.7700520833333333 0.7277777777777777 0.016145833333333335 0.07222222222222222
3 0.8567708333333333 0.7671296296296296 0.09479166666666666 0.1361111111111111
6 0.9624999999999999 0.8 0.052083333333333336 0.09074074074074075
7 0.9895833333333333 0.7930555555555555 0.020833333333333332 0.12685185185185185
3 0.5403645833333334 0.7847222222222222 0.24635416666666668 0.39537037037037037
9 0.3953125 0.6662037037037036 0.08229166666666667 0.25462962962962965
3 0.11484375 0.7199074074074074 0.2296875 0.39351851851851855
