7 0.26875 0.5671296296296295 0.035416666666666666 0.13240740740740742
7 0.16223958333333333 0.5351851851851851 0.021354166666666667 0.04259259259259259
6 0.054427083333333334 0.5638888888888889 0.0546875 0.07037037037037037
6 0.16171875 0.5865740740740741 0.0796875 0.07685185185185185
0 0.39140625 0.6041666666666666 0.17760416666666667 0.22314814814814815
9 0.21848958333333332 0.5444444444444444 0.07239583333333334 0.15185185185185185
7 0.6458333333333334 0.6087962962962963 0.030208333333333334 0.06759259259259259
7 0.66171875 0.6180555555555556 0.0265625 0.06759259259259259
7 0.7666666666666667 0.6203703703703703 0.015625 0.13333333333333333
7 0.8414062499999999 0.625 0.028645833333333332 0.09444444444444444
7 0.91171875 0.6532407407407408 0.025520833333333333 0.10277777777777777
7 0.9427083333333334 0.6569444444444444 0.023958333333333335 0.14166666666666666
9 0.5760416666666667 0.6231481481481481 0.10104166666666667 0.1685185185185185
9 0.6950520833333332 0.6268518518518519 0.03697916666666667 0.14814814814814814
0 0.4875 0.6055555555555556 0.03854166666666667 0.14074074074074075
0 0.5950520833333333 0.6023148148148147 0.059895833333333336 0.09537037037037037
9 0.7268229166666667 0.6185185185185186 0.0359375 0.16111111111111112
9 0.8783854166666666 0.6578703703703703 0.044270833333333336 0.1527777777777778
0 0.9635416666666666 0.6611111111111111 0.042708333333333334 0.1425925925925926
9 0.8088541666666667 0.6310185185185185 0.04375 0.14907407407407408
