3 0.11380208333333333 0.7430555555555556 0.22760416666666666 0.5138888888888888
9 0.3151041666666667 0.6597222222222222 0.22395833333333334 0.6805555555555556
9 0.64609375 0.6273148148148149 0.31927083333333334 0.7453703703703703
7 0.8489583333333334 0.6782407407407407 0.046875 0.1361111111111111
0 0.8815104166666666 0.7143518518518518 0.1453125 0.2490740740740741
0 0.9684895833333332 0.7124999999999999 0.0484375 0.13796296296296295
7 0.49583333333333335 0.6125 0.019791666666666666 0.05648148148148148
6 0.4942708333333333 0.6726851851851853 0.021875 0.062037037037037036
9 0.43125 0.6189814814814815 0.029166666666666667 0.11018518518518519
6 0.4705729166666667 0.6333333333333333 0.0078125 0.025925925925925925
7 0.47239583333333335 0.6143518518518518 0.011458333333333333 0.019444444444444445
