0 0.39557291666666666 0.2449074074074074 0.08177083333333333 0.16018518518518518
0 0.4473958333333334 0.2226851851851852 0.01875 0.11018518518518519
0 0.571875 0.24074074074074073 0.035416666666666666 0.1037037037037037
11 0.5364583333333334 0.18796296296296297 0.042708333333333334 0.15925925925925927
11 0.4864583333333333 0.14907407407407408 0.051041666666666666 0.07592592592592592
11 0.7786458333333333 0.17962962962962964 0.12604166666666666 0.24259259259259258
11 0.9450520833333333 0.1597222222222222 0.10989583333333333 0.3194444444444444
3 0.48723958333333334 0.22175925925925927 0.049479166666666664 0.08981481481481482
2 0.3705729166666667 0.1699074074074074 0.1203125 0.1638888888888889
2 0.265625 0.17314814814814816 0.07395833333333333 0.1574074074074074
2 0.09322916666666667 0.14074074074074075 0.16458333333333333 0.14074074074074075
3 0.19270833333333334 0.20555555555555557 0.078125 0.08518518518518518
7 0.13854166666666667 0.2037037037037037 0.026041666666666668 0.09814814814814815
