7 0.3640625 0.5356481481481481 0.06458333333333334 0.18796296296296297
0 0.016145833333333335 0.6236111111111111 0.03229166666666667 0.20277777777777778
9 0.1671875 0.6657407407407407 0.08541666666666667 0.2759259259259259
0 0.2739583333333333 0.6287037037037038 0.12291666666666666 0.1925925925925926
0 0.4453125 0.6842592592592592 0.11354166666666667 0.24444444444444444
9 0.33359375 0.8152777777777778 0.2598958333333333 0.36944444444444446
11 0.83203125 0.7212962962962963 0.3359375 0.5574074074074075
11 0.5440104166666666 0.6050925925925925 0.1734375 0.3416666666666667
0 0.06510416666666666 0.6393518518518518 0.0625 0.19166666666666668
0 0.10859374999999999 0.6337962962962963 0.0359375 0.16944444444444445
