7 0.2721354166666667 0.46898148148148144 0.19114583333333332 0.7861111111111111
4 0.29609375000000004 0.5393518518518519 0.25052083333333336 0.38796296296296295
7 0.390625 0.29074074074074074 0.041666666666666664 0.1
7 0.48932291666666666 0.2638888888888889 0.0265625 0.07962962962962963
9 0.49322916666666666 0.3712962962962963 0.06875 0.12777777777777777
0 0.12135416666666668 0.3143518518518519 0.178125 0.4861111111111111
7 0.05755208333333334 0.25 0.05572916666666667 0.1425925925925926
0 0.52734375 0.3324074074074074 0.043229166666666666 0.1388888888888889
0 0.6151041666666667 0.3449074074074074 0.0375 0.07685185185185185
3 0.7122395833333334 0.35277777777777775 0.10989583333333333 0.1388888888888889
0 0.9395833333333333 0.37222222222222223 0.06354166666666666 0.07962962962962963
11 0.8223958333333333 0.3472222222222222 0.05520833333333333 0.07592592592592592
3 0.77421875 0.35324074074074074 0.0390625 0.062037037037037036
9 0.41770833333333335 0.3194444444444445 0.022916666666666665 0.05
9 0.4473958333333333 0.3175925925925926 0.019791666666666666 0.05925925925925926
7 0.43124999999999997 0.31296296296296294 0.0125 0.03333333333333333
3 0.5765625 0.3351851851851852 0.029166666666666667 0.06666666666666667
