7 0.4010416666666667 0.5541666666666667 0.020833333333333332 0.12685185185185185
7 0.4255208333333333 0.5574074074074074 0.028125 0.12222222222222222
7 0.484375 0.5527777777777777 0.0125 0.05740740740740741
7 0.49635416666666665 0.5578703703703703 0.0125 0.06388888888888888
7 0.5122395833333333 0.5523148148148148 0.0078125 0.049074074074074076
7 0.7427083333333333 0.6212962962962962 0.042708333333333334 0.26481481481481484
9 0.30442708333333335 0.587037037037037 0.1359375 0.3888888888888889
7 0.34322916666666664 0.44166666666666665 0.026041666666666668 0.044444444444444446
0 0.37526041666666665 0.549537037037037 0.0359375 0.11944444444444445
0 0.5617187499999999 0.6032407407407407 0.10989583333333333 0.22685185185185186
3 0.8309895833333333 0.6305555555555555 0.14114583333333333 0.21481481481481482
