7 0.53125 0.7509259259259259 0.08541666666666667 0.30185185185185187
6 0.53359375 0.8689814814814815 0.07552083333333333 0.23055555555555557
0 0.8505208333333333 0.7875 0.24270833333333333 0.425
11 0.3578125 0.7435185185185186 0.11354166666666667 0.1259259259259259
7 0.27499999999999997 0.7203703703703703 0.014583333333333334 0.07222222222222222
7 0.2986979166666667 0.7240740740740741 0.021354166666666667 0.07777777777777778
9 0.20338541666666665 0.7564814814814814 0.13385416666666666 0.2611111111111111
0 0.6526041666666667 0.7555555555555555 0.011458333333333333 0.037037037037037035
3 0.69921875 0.7555555555555555 0.022395833333333334 0.03148148148148148
2 0.69765625 0.737037037037037 0.04635416666666667 0.05185185185185185
3 0.57578125 0.7472222222222222 0.025520833333333333 0.03518518518518519
