0 0.31145833333333334 0.49212962962962964 0.6229166666666667 0.9842592592592593
7 0.17604166666666668 0.3412037037037037 0.29375 0.5638888888888889
7 0.4666666666666667 0.23009259259259257 0.07708333333333334 0.19722222222222222
7 0.5486979166666667 0.27685185185185185 0.044270833333333336 0.14629629629629629
7 0.6627604166666666 0.43425925925925923 0.0640625 0.3148148148148148
9 0.73515625 0.5675925925925926 0.2890625 0.23333333333333334
7 0.8296875 0.42916666666666664 0.046875 0.13055555555555556
0 0.9096354166666666 0.5509259259259258 0.18072916666666666 0.5037037037037037
0 0.7736979166666668 0.3949074074074074 0.1234375 0.1638888888888889
7 0.035416666666666666 0.37592592592592594 0.07083333333333333 0.5611111111111111
