0 0.26588541666666665 0.6435185185185186 0.21927083333333333 0.4740740740740741
7 0.07213541666666667 0.6050925925925925 0.0796875 0.28055555555555556
3 0.022916666666666665 0.5351851851851852 0.04583333333333333 0.09444444444444444
3 0.14609375 0.5513888888888889 0.08802083333333334 0.09351851851851851
7 0.4265625 0.575 0.01875 0.04259259259259259
6 0.42291666666666666 0.6268518518518519 0.017708333333333333 0.05555555555555555
0 0.41171875 0.5921296296296296 0.028645833333333332 0.08055555555555556
0 0.4544270833333333 0.6023148148148149 0.027604166666666666 0.08981481481481482
0 0.49505208333333334 0.612962962962963 0.0734375 0.1111111111111111
3 0.53515625 0.638888888888889 0.0609375 0.1259259259259259
3 0.65234375 0.7097222222222223 0.25364583333333335 0.3194444444444444
3 0.7494791666666667 0.6305555555555555 0.05 0.07777777777777778
7 0.8661458333333333 0.6643518518518519 0.015625 0.07314814814814814
9 0.85546875 0.6893518518518518 0.0546875 0.06574074074074074
7 0.8036458333333334 0.6648148148148149 0.010416666666666666 0.053703703703703705
7 0.9020833333333333 0.6768518518518518 0.015625 0.06666666666666667
11 0.9140625 0.674074074074074 0.06666666666666667 0.08703703703703704
5 0.9731770833333334 0.6861111111111111 0.05364583333333333 0.13333333333333333
7 0.058854166666666666 0.5328703703703703 0.019791666666666666 0.11388888888888889
