0 0.12135416666666665 0.7175925925925926 0.159375 0.28888888888888886
7 0.016145833333333335 0.674074074074074 0.03229166666666667 0.1425925925925926
9 0.3359375 0.7374999999999999 0.12291666666666666 0.30462962962962964
7 0.34036458333333336 0.5833333333333334 0.0234375 0.03333333333333333
7 0.2583333333333333 0.7134259259259259 0.026041666666666668 0.1527777777777778
3 0.6278645833333333 0.8162037037037038 0.2921875 0.3675925925925926
0 0.4466145833333333 0.7175925925925926 0.10989583333333333 0.2518518518518518
7 0.45625 0.6949074074074074 0.040625 0.10092592592592593
7 0.96953125 0.7837962962962963 0.0390625 0.13240740740740742
9 0.2875 0.7175925925925926 0.059375 0.23148148148148148
