7 0.6028645833333334 0.6986111111111111 0.015104166666666667 0.04537037037037037
6 0.60546875 0.7175925925925926 0.0359375 0.04259259259259259
3 0.8421875 0.7268518518518519 0.11458333333333333 0.07407407407407407
0 0.9455729166666667 0.7375 0.1015625 0.15462962962962962
0 0.0578125 0.687962962962963 0.09270833333333334 0.1925925925925926
0 0.11197916666666667 0.6787037037037037 0.03854166666666667 0.1037037037037037
9 0.13125 0.6592592592592593 0.016666666666666666 0.06481481481481481
9 0.16874999999999998 0.6694444444444444 0.020833333333333332 0.06111111111111111
0 0.17942708333333335 0.663425925925926 0.018229166666666668 0.04351851851851852
0 0.20260416666666667 0.662962962962963 0.019791666666666666 0.06481481481481481
0 0.234375 0.662962962962963 0.016666666666666666 0.03888888888888889
7 0.24661458333333333 0.6671296296296296 0.009895833333333333 0.03981481481481482
7 0.31510416666666663 0.6685185185185185 0.010416666666666666 0.02962962962962963
3 0.34479166666666666 0.675 0.04895833333333333 0.03518518518518519
7 0.35416666666666663 0.6601851851851852 0.010416666666666666 0.02962962962962963
9 0.35234374999999996 0.6754629629629629 0.0203125 0.058333333333333334
9 0.29140625000000003 0.6643518518518519 0.0171875 0.03981481481481482
7 0.28880208333333335 0.6555555555555556 0.0078125 0.018518518518518517
9 0.2552083333333333 0.6615740740740741 0.008333333333333333 0.032407407407407406
