3 0.45703125 0.7694444444444444 0.37552083333333336 0.45555555555555555
7 0.8442708333333333 0.7074074074074074 0.128125 0.37407407407407406
6 0.8752604166666667 0.8837962962962963 0.1984375 0.2324074074074074
3 0.6309895833333333 0.6768518518518518 0.058854166666666666 0.08333333333333333
3 0.7609374999999999 0.6861111111111111 0.13333333333333333 0.1388888888888889
0 0.94921875 0.724537037037037 0.09322916666666667 0.21388888888888888
7 0.17786458333333333 0.6680555555555555 0.030729166666666665 0.14722222222222223
5 0.11666666666666667 0.6134259259259259 0.11458333333333333 0.30092592592592593
9 0.04375 0.6759259259259259 0.0875 0.5481481481481482
11 0.27760416666666665 0.6226851851851851 0.08333333333333333 0.15833333333333333
9 0.22578125 0.6953703703703704 0.07239583333333334 0.07962962962962963
7 0.6940104166666666 0.6888888888888889 0.008854166666666666 0.04814814814814815
9 0.6755208333333333 0.6842592592592593 0.019791666666666666 0.053703703703703705
7 0.6794270833333333 0.6782407407407408 0.008854166666666666 0.04722222222222222
