3 0.20625 0.7601851851851852 0.21354166666666666 0.16111111111111112
6 0.11796875 0.7949074074074074 0.10885416666666667 0.11203703703703703
7 0.39817708333333335 0.7407407407407407 0.0140625 0.08703703703703704
9 0.47109375000000003 0.7462962962962963 0.0484375 0.1
3 0.546875 0.7592592592592593 0.04791666666666667 0.07407407407407407
0 0.59609375 0.7532407407407408 0.0078125 0.026851851851851852
3 0.3515625 0.7550925925925926 0.06041666666666667 0.09907407407407408
3 0.4205729166666667 0.749537037037037 0.024479166666666666 0.06388888888888888
3 0.44635416666666666 0.750925925925926 0.010416666666666666 0.07407407407407407
3 0.5088541666666666 0.7527777777777778 0.03125 0.05740740740740741
