7 0.3546875 0.26157407407407407 0.042708333333333334 0.25462962962962965
7 0.06744791666666666 0.19675925925925924 0.049479166666666664 0.14907407407407408
3 0.05859375 0.20555555555555555 0.1171875 0.23703703703703705
3 0.5736979166666667 0.23842592592592593 0.09635416666666667 0.12314814814814815
0 0.7822916666666667 0.2449074074074074 0.10833333333333334 0.1361111111111111
2 0.86015625 0.21898148148148147 0.034895833333333334 0.08796296296296297
7 0.40260416666666665 0.24444444444444444 0.017708333333333333 0.07037037037037037
7 0.4947916666666667 0.2287037037037037 0.022916666666666665 0.06666666666666667
7 0.5119791666666667 0.2263888888888889 0.009375 0.07314814814814814
7 0.46484375 0.23333333333333334 0.0109375 0.07037037037037037
