7 0.19244791666666666 0.7060185185185186 0.050520833333333334 0.13796296296296295
9 0.40390624999999997 0.7212962962962963 0.07447916666666667 0.23703703703703705
3 0.603125 0.8013888888888888 0.321875 0.3972222222222222
7 0.828125 0.7101851851851851 0.030208333333333334 0.08888888888888889
7 0.8653645833333333 0.7055555555555556 0.022395833333333334 0.13148148148148148
9 0.8294270833333333 0.7800925925925926 0.05260416666666667 0.09166666666666666
3 0.83984375 0.7435185185185185 0.15677083333333333 0.15
0 0.95078125 0.7898148148148149 0.08697916666666666 0.2759259259259259
11 0.4557291666666667 0.6902777777777778 0.16770833333333332 0.28055555555555556
9 0.03229166666666667 0.8226851851851851 0.06458333333333334 0.21944444444444444
