0 0.27447916666666666 0.25787037037037036 0.09583333333333334 0.18796296296296297
7 0.7919270833333334 0.19074074074074074 0.09322916666666667 0.11851851851851852
7 0.6817708333333333 0.16712962962962963 0.040625 0.1287037037037037
9 0.7356770833333333 0.30787037037037035 0.19635416666666666 0.16944444444444445
11 0.5773437499999999 0.17592592592592593 0.1578125 0.20925925925925926
0 0.17057291666666666 0.24166666666666667 0.043229166666666666 0.08888888888888889
2 0.19817708333333334 0.21157407407407405 0.03697916666666667 0.09351851851851851
0 0.4375 0.2185185185185185 0.08229166666666667 0.12407407407407407
11 0.29921875 0.14814814814814814 0.06302083333333333 0.05555555555555555
3 0.09322916666666667 0.23935185185185187 0.06666666666666667 0.06574074074074074
