7 0.3354166666666667 0.7032407407407408 0.08333333333333333 0.19907407407407407
6 0.33072916666666663 0.8587962962962963 0.07916666666666666 0.18796296296296297
7 0.04401041666666667 0.7023148148148147 0.05572916666666667 0.11203703703703703
7 0.11302083333333333 0.7013888888888888 0.03958333333333333 0.075
7 0.184375 0.6884259259259259 0.023958333333333335 0.058333333333333334
7 0.26901041666666664 0.7481481481481481 0.03177083333333333 0.1648148148148148
7 0.2927083333333333 0.7083333333333333 0.023958333333333335 0.09444444444444444
3 0.6619791666666667 0.787962962962963 0.4083333333333333 0.42407407407407405
2 0.5778645833333333 0.5777777777777777 0.15260416666666668 0.25
3 0.3997395833333333 0.7666666666666667 0.07864583333333333 0.13148148148148148
9 0.06276041666666667 0.8453703703703703 0.12552083333333333 0.14814814814814814
9 0.18697916666666667 0.8115740740740741 0.11145833333333334 0.13425925925925927
