7 0.33098958333333334 0.4685185185185185 0.07864583333333333 0.5037037037037037
7 0.26848958333333334 0.4722222222222222 0.050520833333333334 0.2111111111111111
7 0.10260416666666668 0.48564814814814816 0.06041666666666667 0.25092592592592594
7 0.14817708333333335 0.4486111111111111 0.04635416666666667 0.15833333333333333
9 0.12942708333333336 0.5347222222222222 0.1296875 0.39537037037037037
0 0.5028645833333333 0.5657407407407408 0.0734375 0.16111111111111112
7 0.5614583333333334 0.5736111111111112 0.01875 0.15092592592592594
0 0.8692708333333333 0.5620370370370371 0.11041666666666666 0.15555555555555556
11 0.76171875 0.55 0.0546875 0.0962962962962963
11 0.6190104166666667 0.5314814814814814 0.04114583333333333 0.06481481481481481
0 0.4640625 0.5333333333333334 0.019791666666666666 0.053703703703703705
