7 0.37213541666666666 0.75 0.07864583333333333 0.24074074074074073
6 0.3609375 0.9069444444444444 0.07916666666666666 0.18611111111111112
7 0.09348958333333332 0.7277777777777777 0.050520833333333334 0.21481481481481482
0 0.49088541666666663 0.7907407407407407 0.13385416666666666 0.3074074074074074
3 0.5885416666666666 0.7893518518518519 0.08541666666666667 0.1712962962962963
3 0.628125 0.7574074074074074 0.0375 0.09074074074074075
7 0.6768229166666666 0.7768518518518519 0.0640625 0.23333333333333334
6 0.6841145833333333 0.8638888888888889 0.04739583333333333 0.16111111111111112
6 0.8611979166666667 0.9046296296296296 0.11822916666666666 0.19074074074074074
7 0.8481770833333333 0.787962962962963 0.07135416666666666 0.26666666666666666
3 0.8947916666666667 0.8263888888888888 0.21041666666666667 0.23425925925925925
11 0.953125 0.6962962962962963 0.09375 0.07037037037037037
0 0.7328125 0.7810185185185186 0.06770833333333333 0.18055555555555555
