7 0.11562499999999999 0.6694444444444445 0.14375 0.6611111111111111
7 0.35494791666666664 0.6777777777777778 0.0703125 0.36666666666666664
0 0.4442708333333333 0.6828703703703705 0.11041666666666666 0.2712962962962963
7 0.5539062499999999 0.5865740740740741 0.016145833333333335 0.041666666666666664
6 0.5557291666666667 0.6296296296296295 0.015625 0.04814814814814815
0 0.5223958333333333 0.5796296296296296 0.035416666666666666 0.09259259259259259
7 0.5895833333333333 0.5726851851851852 0.011458333333333333 0.04351851851851852
9 0.5861979166666667 0.5939814814814816 0.0390625 0.06759259259259259
9 0.6247395833333333 0.5944444444444444 0.033854166666666664 0.07777777777777778
7 0.6453125000000001 0.5810185185185185 0.014583333333333334 0.04351851851851852
0 0.77890625 0.6347222222222222 0.04010416666666667 0.08055555555555556
0 0.8544270833333334 0.6828703703703703 0.16197916666666667 0.1824074074074074
3 0.93984375 0.7250000000000001 0.1203125 0.20185185185185187
9 0.18802083333333333 0.6037037037037036 0.05625 0.14444444444444443
9 0.27317708333333335 0.6027777777777777 0.0453125 0.15
9 0.31145833333333334 0.612037037037037 0.040625 0.10925925925925926
3 0.22942708333333334 0.6041666666666666 0.06302083333333333 0.11018518518518519
0 0.04921875 0.6337962962962963 0.0984375 0.2324074074074074
