7 0.7044270833333334 0.6083333333333334 0.043229166666666666 0.10185185185185185
6 0.7041666666666667 0.7203703703703703 0.06145833333333333 0.14814814814814814
7 0.6317708333333333 0.6037037037037036 0.020833333333333332 0.05740740740740741
9 0.6247395833333333 0.6370370370370371 0.05572916666666667 0.15925925925925927
7 0.59140625 0.6305555555555555 0.0140625 0.06296296296296296
7 0.53515625 0.5976851851851852 0.008854166666666666 0.028703703703703703
9 0.5341145833333334 0.6097222222222222 0.025520833333333333 0.06574074074074074
3 0.49374999999999997 0.600925925925926 0.021875 0.03518518518518519
7 0.4354166666666667 0.6 0.009375 0.04814814814814815
9 0.4630208333333333 0.5912037037037037 0.013541666666666667 0.04722222222222222
9 0.39739583333333334 0.6203703703703703 0.06770833333333333 0.18888888888888888
9 0.32369791666666664 0.6194444444444445 0.06510416666666667 0.18333333333333332
