7 0.6729166666666666 0.7310185185185185 0.028125 0.06759259259259259
7 0.6403645833333333 0.7152777777777777 0.018229166666666668 0.0712962962962963
0 0.72890625 0.7671296296296296 0.058854166666666666 0.11018518518518519
0 0.9130208333333333 0.8166666666666667 0.15625 0.26296296296296295
0 0.6611979166666666 0.750462962962963 0.03177083333333333 0.11018518518518519
7 0.5994791666666667 0.7277777777777777 0.025 0.08703703703703704
7 0.0609375 0.6097222222222223 0.121875 0.49537037037037035
9 0.05 0.6490740740740741 0.1 0.6962962962962963
11 0.14713541666666666 0.6472222222222223 0.2359375 0.4537037037037037
3 0.4596354166666667 0.7824074074074073 0.3046875 0.4351851851851852
9 0.2981770833333333 0.6800925925925926 0.03177083333333333 0.08425925925925926
9 0.2700520833333333 0.6777777777777777 0.025520833333333333 0.15925925925925927
9 0.3372395833333333 0.6314814814814814 0.033854166666666664 0.07222222222222222
7 0.6950520833333333 0.7527777777777778 0.018229166666666668 0.1111111111111111
