7 0.06588541666666667 0.6458333333333334 0.0421875 0.20092592592592592
3 0.5791666666666667 0.7847222222222222 0.325 0.4305555555555556
9 0.3924479166666667 0.6851851851851852 0.08072916666666667 0.2962962962962963
9 0.7505208333333333 0.7138888888888889 0.12916666666666668 0.3685185185185185
0 0.8299479166666667 0.7157407407407408 0.07135416666666666 0.22777777777777777
7 0.8216145833333334 0.6662037037037037 0.034895833333333334 0.0824074074074074
7 0.8893229166666666 0.663888888888889 0.024479166666666666 0.05925925925925926
9 0.8880208333333334 0.7032407407407407 0.03958333333333333 0.1398148148148148
3 0.9653645833333334 0.7342592592592593 0.06927083333333334 0.3055555555555556
7 0.9955729166666666 0.6851851851851851 0.008854166666666666 0.17407407407407408
7 0.8927083333333333 0.6666666666666666 0.020833333333333332 0.06851851851851852
11 0.43671875 0.537962962962963 0.15989583333333332 0.13148148148148148
3 0.9526041666666667 0.7050925925925925 0.08854166666666667 0.21388888888888888
