7 0.10234375000000001 0.6935185185185185 0.07447916666666667 0.29259259259259257
7 0.26406250000000003 0.6171296296296296 0.020833333333333332 0.0712962962962963
9 0.29270833333333335 0.6879629629629629 0.06041666666666667 0.3037037037037037
0 0.4083333333333333 0.7064814814814815 0.22083333333333333 0.412962962962963
3 0.5020833333333333 0.6833333333333333 0.03125 0.13148148148148148
3 0.6046875 0.6185185185185186 0.07395833333333333 0.07962962962962963
11 0.67578125 0.6092592592592593 0.05260416666666667 0.07592592592592592
11 0.8023437499999999 0.6217592592592592 0.12239583333333333 0.15092592592592594
3 0.8940104166666666 0.7833333333333333 0.21197916666666666 0.43333333333333335
7 0.2791666666666667 0.6143518518518518 0.017708333333333333 0.06388888888888888
