2 0.10520833333333333 0.17777777777777778 0.21041666666666667 0.35555555555555557
7 0.2635416666666667 0.20833333333333334 0.036458333333333336 0.06851851851851852
1 0.27317708333333335 0.2657407407407408 0.05677083333333333 0.07037037037037037
7 0.37812500000000004 0.2412037037037037 0.01875 0.06759259259259259
3 0.39088541666666665 0.24907407407407406 0.04739583333333333 0.03888888888888889
3 0.4127604166666667 0.23657407407407405 0.04114583333333333 0.049074074074074076
7 0.42578125 0.23287037037037037 0.013020833333333334 0.06388888888888888
0 0.453125 0.2361111111111111 0.029166666666666667 0.09259259259259259
7 0.5059895833333333 0.22453703703703703 0.016145833333333335 0.03981481481481482
6 0.5057291666666667 0.26296296296296295 0.019791666666666666 0.044444444444444446
7 0.5640625 0.2222222222222222 0.023958333333333335 0.05555555555555555
6 0.5630208333333333 0.27037037037037037 0.022916666666666665 0.06481481481481481
0 0.5234375 0.24212962962962964 0.017708333333333333 0.04537037037037037
0 0.5427083333333333 0.24259259259259258 0.01875 0.046296296296296294
0 0.48020833333333335 0.2388888888888889 0.021875 0.05185185185185185
