7 0.2755208333333333 0.6462962962962963 0.027083333333333334 0.07777777777777778
6 0.3203125 0.6564814814814816 0.020833333333333332 0.06481481481481481
6 0.39609375 0.6939814814814815 0.021354166666666667 0.058333333333333334
7 0.4643229166666667 0.6930555555555555 0.015104166666666667 0.06388888888888888
0 0.7093750000000001 0.7111111111111111 0.08854166666666667 0.15185185185185185
7 0.8315104166666667 0.6995370370370371 0.027604166666666666 0.09351851851851851
9 0.81171875 0.7319444444444445 0.058854166666666666 0.20462962962962963
0 0.6390625 0.7157407407407407 0.034375 0.08888888888888889
3 0.5065104166666667 0.6930555555555555 0.05677083333333333 0.08611111111111111
3 0.5309895833333333 0.6833333333333333 0.03177083333333333 0.08518518518518518
7 0.5544270833333333 0.6787037037037037 0.015104166666666667 0.04814814814814815
7 0.5809895833333333 0.6805555555555556 0.016145833333333335 0.05
6 0.5791666666666667 0.7162037037037037 0.007291666666666667 0.03796296296296296
7 0.29140625 0.6486111111111111 0.027604166666666666 0.08425925925925926
7 0.8921875 0.788425925925926 0.03229166666666667 0.09722222222222222
7 0.7658854166666667 0.7143518518518518 0.021354166666666667 0.08055555555555556
7 0.8117187499999999 0.7101851851851851 0.024479166666666666 0.12962962962962962
