7 0.16770833333333332 0.20694444444444443 0.046875 0.16944444444444445
9 0.16666666666666669 0.24259259259259258 0.10208333333333333 0.1814814814814815
7 0.07578125 0.18935185185185185 0.03802083333333333 0.1787037037037037
7 0.11354166666666667 0.21435185185185185 0.029166666666666667 0.1361111111111111
7 0.36692708333333335 0.2425925925925926 0.025520833333333333 0.10185185185185185
7 0.39687500000000003 0.23009259259259257 0.009375 0.06574074074074074
0 0.49088541666666663 0.24398148148148147 0.08072916666666667 0.1935185185185185
7 0.9096354166666667 0.28055555555555556 0.0265625 0.23333333333333334
7 0.9486979166666666 0.2759259259259259 0.044270833333333336 0.21851851851851853
7 0.9861979166666667 0.26666666666666666 0.027604166666666666 0.23333333333333334
7 0.7283854166666667 0.2361111111111111 0.0203125 0.06111111111111111
6 0.7484375 0.27222222222222225 0.036458333333333336 0.05
7 0.6002604166666666 0.25555555555555554 0.0203125 0.05185185185185185
7 0.5763020833333333 0.23888888888888887 0.013020833333333334 0.05
