0 0.33880208333333334 0.49722222222222223 0.6776041666666667 0.9944444444444445
7 0.06614583333333333 0.3402777777777778 0.13229166666666667 0.5935185185185186
7 0.33359374999999997 0.16712962962962963 0.13697916666666668 0.18796296296296297
7 0.5294270833333333 0.23842592592592593 0.15885416666666666 0.16574074074074074
7 0.8427083333333333 0.4393518518518519 0.08333333333333333 0.27870370370370373
7 0.97890625 0.5162037037037037 0.0421875 0.3712962962962963
0 0.8838541666666666 0.575925925925926 0.23229166666666667 0.6055555555555555
9 0.79375 0.5546296296296296 0.20416666666666666 0.3
7 0.72421875 0.4518518518518519 0.015104166666666667 0.1037037037037037
7 0.6721354166666667 0.4638888888888889 0.03802083333333333 0.15925925925925927
7 0.7484375 0.45787037037037037 0.03229166666666667 0.06388888888888888
6 0.7479166666666667 0.48379629629629634 0.03125 0.06574074074074074
9 0.7119791666666667 0.45879629629629626 0.042708333333333334 0.10277777777777777
