7 0.8302083333333333 0.6777777777777778 0.06875 0.24814814814814815
7 0.9161458333333333 0.6935185185185184 0.03958333333333333 0.19074074074074074
9 0.8890625 0.8606481481481482 0.20833333333333334 0.27870370370370373
9 0.33567708333333335 0.6671296296296296 0.06822916666666666 0.19722222222222222
0 0.12734375 0.6865740740740741 0.2546875 0.6268518518518519
0 0.26145833333333335 0.6412037037037037 0.022916666666666665 0.062037037037037036
9 0.28984375 0.6416666666666667 0.021354166666666667 0.06481481481481481
7 0.42708333333333337 0.6282407407407408 0.009375 0.021296296296296296
9 0.4309895833333333 0.6652777777777777 0.0234375 0.04351851851851852
3 0.41458333333333336 0.65 0.01875 0.040740740740740744
2 0.39557291666666666 0.6300925925925925 0.033854166666666664 0.06574074074074074
