0 0.40520833333333334 0.7236111111111111 0.178125 0.4305555555555556
2 0.14192708333333334 0.4532407407407407 0.2838541666666667 0.9064814814814814
9 0.6065104166666666 0.662962962962963 0.3265625 0.674074074074074
7 0.7768229166666667 0.6875 0.034895833333333334 0.08425925925925926
6 0.7755208333333333 0.7453703703703705 0.057291666666666664 0.05925925925925926
7 0.8447916666666666 0.7268518518518519 0.023958333333333335 0.13148148148148148
7 0.8869791666666667 0.7314814814814815 0.028125 0.09259259259259259
7 0.9796874999999999 0.7138888888888889 0.028125 0.1111111111111111
9 0.9445312499999999 0.75 0.06822916666666666 0.15185185185185185
7 0.325 0.6574074074074073 0.04791666666666667 0.18518518518518517
