0 0.09765625 0.5578703703703705 0.1953125 0.5324074074074074
7 0.28229166666666666 0.5865740740740741 0.115625 0.525
7 0.3588541666666667 0.5476851851851852 0.06354166666666666 0.3287037037037037
7 0.41640625 0.4412037037037037 0.05677083333333333 0.20092592592592592
7 0.49270833333333336 0.5319444444444444 0.103125 0.5416666666666666
7 0.6101562500000001 0.45231481481481484 0.07239583333333334 0.3453703703703704
9 0.54296875 0.5939814814814814 0.3703125 0.637962962962963
7 0.8794270833333334 0.586111111111111 0.24114583333333334 0.8277777777777777
9 0.4200520833333333 0.500925925925926 0.0671875 0.3111111111111111
9 0.7427083333333333 0.5347222222222222 0.07916666666666666 0.2101851851851852
2 0.21119791666666668 0.4740740740740741 0.0671875 0.29444444444444445
