3 0.096875 0.7509259259259259 0.19375 0.34629629629629627
9 0.28177083333333336 0.8004629629629629 0.08020833333333334 0.07314814814814814
7 0.4427083333333333 0.7537037037037037 0.023958333333333335 0.037037037037037035
6 0.45208333333333334 0.7685185185185185 0.027083333333333334 0.03148148148148148
3 0.4747395833333333 0.7611111111111112 0.0453125 0.05
7 0.5033854166666667 0.7486111111111111 0.011979166666666667 0.03981481481481482
3 0.5598958333333334 0.7592592592592592 0.026041666666666668 0.04814814814814815
0 0.6036458333333333 0.7611111111111112 0.019791666666666666 0.03888888888888889
7 0.9265625000000001 0.7685185185185186 0.034375 0.06481481481481481
9 0.5239583333333333 0.7597222222222222 0.023958333333333335 0.06388888888888888
