11 0.1609375 0.2125 0.228125 0.2324074074074074
11 0.5713541666666667 0.16898148148148148 0.19791666666666666 0.1787037037037037
7 0.40625 0.22083333333333335 0.0125 0.041666666666666664
7 0.39479166666666665 0.2212962962962963 0.00625 0.04259259259259259
0 0.37890625 0.2222222222222222 0.0265625 0.05
3 0.7822916666666667 0.21435185185185185 0.07291666666666667 0.06388888888888888
3 0.8497395833333333 0.22546296296296298 0.0328125 0.05092592592592592
3 0.6955729166666667 0.22453703703703703 0.050520833333333334 0.04351851851851852
3 0.46770833333333334 0.21527777777777776 0.027083333333333334 0.05648148148148148
7 0.12708333333333333 0.3277777777777778 0.03958333333333333 0.2222222222222222
