11 0.5848958333333334 0.7125 0.057291666666666664 0.16944444444444445
0 0.6611979166666667 0.7634259259259258 0.034895833333333334 0.08611111111111111
0 0.7596354166666667 0.7856481481481482 0.10885416666666667 0.21574074074074073
3 0.0671875 0.7837962962962963 0.134375 0.18981481481481483
6 0.24739583333333334 0.7921296296296296 0.07708333333333334 0.11203703703703703
7 0.434375 0.7476851851851851 0.022916666666666665 0.08611111111111111
6 0.4302083333333333 0.7902777777777777 0.023958333333333335 0.08611111111111111
3 0.5236979166666667 0.7546296296296297 0.013020833333333334 0.018518518518518517
9 0.5440104166666667 0.7550925925925925 0.018229166666666668 0.03425925925925926
7 0.5447916666666667 0.7462962962962962 0.008333333333333333 0.025925925925925925
7 0.18072916666666666 0.7305555555555556 0.027083333333333334 0.10555555555555556
