0 0.44453125000000004 0.6157407407407407 0.0734375 0.15925925925925927
3 0.2078125 0.6263888888888889 0.15520833333333334 0.1935185185185185
9 0.3033854166666667 0.5949074074074074 0.050520833333333334 0.14351851851851852
7 0.04583333333333334 0.5300925925925926 0.017708333333333333 0.10462962962962963
7 0.07630208333333334 0.5254629629629629 0.022395833333333334 0.06574074074074074
7 0.005729166666666666 0.49212962962962964 0.011458333333333333 0.09351851851851851
9 0.33749999999999997 0.5939814814814814 0.023958333333333335 0.12129629629629629
3 0.36302083333333335 0.587037037037037 0.015625 0.025925925925925925
7 0.39166666666666666 0.5768518518518518 0.007291666666666667 0.018518518518518517
9 0.39036458333333335 0.5949074074074074 0.013020833333333334 0.017592592592592594
