7 0.15026041666666667 0.674537037037037 0.2390625 0.5398148148148149
6 0.14869791666666665 0.8324074074074074 0.2421875 0.29074074074074074
3 0.4453125 0.7467592592592593 0.03229166666666667 0.041666666666666664
3 0.4046875 0.7527777777777779 0.03958333333333333 0.053703703703703705
7 0.50390625 0.7351851851851852 0.013020833333333334 0.040740740740740744
6 0.5028645833333334 0.7712962962962964 0.011979166666666667 0.053703703703703705
0 0.5606770833333333 0.7518518518518518 0.033854166666666664 0.08888888888888889
7 0.5859375 0.7384259259259259 0.014583333333333334 0.026851851851851852
0 0.6174479166666667 0.75 0.0234375 0.044444444444444446
2 0.58359375 0.7097222222222221 0.03177083333333333 0.03981481481481482
7 0.37135416666666665 0.7203703703703703 0.014583333333333334 0.05555555555555555
6 0.3528645833333333 0.7685185185185186 0.06302083333333333 0.05925925925925926
