7 0.30026041666666664 0.6749999999999999 0.043229166666666666 0.14444444444444443
7 0.5934895833333333 0.7060185185185185 0.0390625 0.10092592592592593
6 0.5981770833333333 0.7944444444444444 0.0390625 0.12962962962962962
7 0.8695312500000001 0.7976851851851852 0.0765625 0.3972222222222222
11 0.3692708333333333 0.7328703703703704 0.15520833333333334 0.25833333333333336
0 0.08828124999999999 0.763425925925926 0.16510416666666666 0.21203703703703702
0 0.22578125000000002 0.7611111111111112 0.09635416666666667 0.21296296296296297
11 0.9708333333333333 0.7310185185185185 0.058333333333333334 0.16018518518518518
11 0.9143229166666667 0.7444444444444445 0.028645833333333332 0.07962962962962963
0 0.8236979166666667 0.7546296296296295 0.022395833333333334 0.11481481481481481
0 0.49192708333333335 0.7444444444444445 0.04635416666666667 0.12037037037037036
7 0.4927083333333333 0.711574074074074 0.019791666666666666 0.028703703703703703
3 0.44401041666666663 0.762962962962963 0.03802083333333333 0.10740740740740741
