7 0.9158854166666667 0.8259259259259258 0.05677083333333333 0.2518518518518518
9 0.8950520833333333 0.8430555555555556 0.15677083333333333 0.30833333333333335
7 0.7830729166666667 0.8055555555555555 0.033854166666666664 0.17037037037037037
9 0.7791666666666667 0.8009259259259259 0.06979166666666667 0.1648148148148148
3 0.7359375 0.8125 0.06458333333333334 0.10277777777777777
3 0.6479166666666667 0.7967592592592593 0.12395833333333334 0.16203703703703703
7 0.56875 0.7421296296296297 0.009375 0.032407407407407406
9 0.5643229166666667 0.763425925925926 0.0265625 0.0787037037037037
9 0.45182291666666663 0.7388888888888889 0.2171875 0.5222222222222223
9 0.29973958333333334 0.775 0.1015625 0.3
3 0.35651041666666666 0.75 0.0453125 0.08148148148148149
