7 0.31614583333333335 0.5949074074074074 0.021875 0.12314814814814815
7 0.34348958333333335 0.5944444444444444 0.019270833333333334 0.1259259259259259
7 0.11276041666666667 0.6018518518518519 0.0484375 0.22962962962962963
7 0.019010416666666665 0.6111111111111112 0.03802083333333333 0.3351851851851852
9 0.39765625 0.5967592592592592 0.050520833333333334 0.1527777777777778
9 0.45182291666666663 0.5814814814814815 0.03802083333333333 0.11296296296296296
0 0.5065104166666666 0.5986111111111111 0.05364583333333333 0.11944444444444445
11 0.559375 0.5875 0.042708333333333334 0.09537037037037037
7 0.15286458333333333 0.6115740740740742 0.0296875 0.18981481481481483
7 0.18671875000000002 0.6069444444444445 0.03697916666666667 0.2101851851851852
