9 0.1578125 0.7476851851851851 0.20520833333333333 0.4935185185185185
7 0.2359375 0.5875 0.06458333333333334 0.1398148148148148
0 0.45937500000000003 0.7712962962962964 0.05 0.20185185185185187
7 0.49713541666666666 0.7222222222222223 0.07864583333333333 0.20185185185185187
6 0.4903645833333333 0.8935185185185186 0.07239583333333334 0.2074074074074074
3 0.28411458333333334 0.7592592592592593 0.07135416666666666 0.13703703703703704
3 0.32708333333333334 0.7527777777777778 0.03854166666666667 0.07777777777777778
6 0.027864583333333335 0.8166666666666667 0.05572916666666667 0.22592592592592592
9 0.3697916666666667 0.7680555555555556 0.05 0.09907407407407408
6 0.43515625 0.7541666666666667 0.009895833333333333 0.03981481481481482
