7 0.7208333333333333 0.7444444444444445 0.023958333333333335 0.12222222222222222
9 0.7067708333333333 0.7629629629629631 0.06666666666666667 0.1814814814814815
9 0.9075520833333334 0.8203703703703703 0.12135416666666667 0.21481481481481482
7 0.9054687499999999 0.8125 0.028645833333333332 0.08611111111111111
0 0.5466145833333333 0.75 0.058854166666666666 0.13148148148148148
0 0.6171875 0.7564814814814814 0.04791666666666667 0.1037037037037037
0 0.18411458333333333 0.725925925925926 0.1015625 0.2074074074074074
0 0.303125 0.7287037037037037 0.04895833333333333 0.0962962962962963
0 0.3627604166666667 0.7245370370370371 0.0328125 0.08796296296296297
0 0.3953125 0.7162037037037038 0.020833333333333332 0.05648148148148148
0 0.425 0.7282407407407407 0.035416666666666666 0.075
7 0.46067708333333335 0.7097222222222221 0.008854166666666666 0.030555555555555555
6 0.45859374999999997 0.737037037037037 0.011979166666666667 0.02962962962962963
11 0.49296875 0.7240740740740741 0.05260416666666667 0.12407407407407407
9 0.06822916666666666 0.7097222222222223 0.13645833333333332 0.33425925925925926
