7 0.058854166666666666 0.4666666666666667 0.08020833333333334 0.2740740740740741
9 0.04791666666666667 0.6152777777777778 0.09583333333333334 0.5990740740740741
9 0.3020833333333333 0.5819444444444444 0.084375 0.2212962962962963
7 0.4033854166666667 0.5481481481481482 0.024479166666666666 0.07777777777777778
0 0.4875 0.6027777777777777 0.09166666666666666 0.19444444444444445
0 0.3484375 0.5555555555555556 0.04895833333333333 0.09259259259259259
0 0.384375 0.5375 0.03333333333333333 0.06388888888888888
7 0.26015625000000003 0.5851851851851853 0.025520833333333333 0.1259259259259259
2 0.7934895833333334 0.5680555555555555 0.2328125 0.2916666666666667
8 0.6307291666666667 0.549537037037037 0.06145833333333333 0.11944444444444445
