7 0.9673611111111111 0.453125 0.06527777777777778 0.10625
6 0.9625 0.510546875 0.075 0.08671875
6 0.6430555555555556 0.44296875 0.03888888888888889 0.0390625
7 0.6423611111111112 0.413671875 0.04027777777777778 0.03046875
7 0.7819444444444444 0.437890625 0.05 0.06484375
7 0.5520833333333334 0.421484375 0.06527777777777778 0.06015625
7 0.47847222222222224 0.412109375 0.05694444444444444 0.04296875
6 0.48125 0.45781249999999996 0.07083333333333333 0.059375
7 0.3541666666666667 0.40078125 0.027777777777777776 0.015625
6 0.3631944444444445 0.421484375 0.018055555555555554 0.02109375
9 0.3555555555555555 0.415625 0.044444444444444446 0.01875
7 0.26805555555555555 0.3953125 0.030555555555555555 0.0265625
9 0.24166666666666664 0.43007812500000003 0.2111111111111111 0.04609375
7 0.01597222222222222 0.394921875 0.03194444444444444 0.04296875
9 0.03611111111111111 0.430859375 0.07222222222222222 0.05546875
7 0.11527777777777777 0.395703125 0.025 0.03359375
7 0.15347222222222223 0.390625 0.015277777777777777 0.0140625
2 0.4548611111111111 0.3921875 0.06527777777777778 0.0390625
11 0.38958333333333334 0.40390625 0.06527777777777778 0.0328125
