7 0.14375 0.48671875000000003 0.0763888888888889 0.065625
1 0.14444444444444443 0.5359375 0.07777777777777778 0.0796875
0 0.6055555555555556 0.50234375 0.10277777777777777 0.0875
7 0.8923611111111112 0.499609375 0.05138888888888889 0.07421875
1 0.8958333333333334 0.550390625 0.07222222222222222 0.06640625
7 0.7930555555555556 0.49453125 0.04722222222222222 0.04375
1 0.7868055555555555 0.5249999999999999 0.029166666666666667 0.040625
7 0.6944444444444444 0.49726562500000004 0.030555555555555555 0.05390625
7 0.7229166666666668 0.4859375 0.034722222222222224 0.03125
1 0.7256944444444444 0.515625 0.020833333333333332 0.0328125
7 0.2777777777777778 0.481640625 0.04722222222222222 0.03984375
1 0.29305555555555557 0.502734375 0.030555555555555555 0.03046875
7 0.32569444444444445 0.49062500000000003 0.03194444444444444 0.05625
7 0.45555555555555555 0.47734375 0.022222222222222223 0.0171875
6 0.45555555555555555 0.48984375 0.013888888888888888 0.0171875
