7 0.3097222222222222 0.51796875 0.044444444444444446 0.1015625
7 0.4159722222222222 0.481640625 0.0125 0.01328125
7 0.49236111111111114 0.48671875000000003 0.029166666666666667 0.01875
6 0.4951388888888889 0.506640625 0.029166666666666667 0.02421875
9 0.4138888888888889 0.4921875 0.027777777777777776 0.0125
11 0.34791666666666665 0.490234375 0.04583333333333333 0.03203125
7 0.5729166666666666 0.498046875 0.029166666666666667 0.03984375
11 0.6388888888888888 0.484375 0.12222222222222222 0.0875
7 0.7993055555555556 0.512890625 0.034722222222222224 0.07109375
9 0.9430555555555555 0.534765625 0.11388888888888889 0.05859375
