7 0.44027777777777777 0.459375 0.044444444444444446 0.0234375
6 0.44166666666666665 0.47812499999999997 0.027777777777777776 0.028125
7 0.45555555555555555 0.447265625 0.027777777777777776 0.01484375
0 0.4590277777777778 0.459765625 0.02361111111111111 0.01171875
9 0.5805555555555555 0.46953125 0.030555555555555555 0.015625
7 0.5819444444444444 0.45703125 0.013888888888888888 0.0171875
7 0.6354166666666666 0.46601562500000004 0.0125 0.02265625
7 0.6048611111111111 0.45859375 0.015277777777777777 0.0109375
6 0.6048611111111111 0.46875 0.0125 0.0109375
6 0.7354166666666667 0.46992187500000004 0.043055555555555555 0.01484375
7 0.767361111111111 0.462109375 0.009722222222222222 0.02109375
7 0.7798611111111111 0.467578125 0.006944444444444444 0.01171875
7 0.79375 0.46523437500000003 0.018055555555555554 0.02265625
