7 0.4791666666666667 0.496484375 0.030555555555555555 0.01796875
6 0.4798611111111111 0.508203125 0.02361111111111111 0.01953125
7 0.42708333333333337 0.49296875 0.020833333333333332 0.015625
6 0.4270833333333333 0.503515625 0.0125 0.01484375
7 0.44375 0.489453125 0.006944444444444444 0.01015625
6 0.44305555555555554 0.49570312499999997 0.008333333333333333 0.00859375
7 0.5451388888888888 0.492578125 0.015277777777777777 0.00859375
9 0.54375 0.5011718749999999 0.018055555555555554 0.01328125
7 0.5666666666666667 0.491015625 0.013888888888888888 0.01171875
6 0.5659722222222222 0.5015625 0.004166666666666667 0.0109375
6 0.26458333333333334 0.505859375 0.0763888888888889 0.02578125
11 0.09791666666666667 0.47421874999999997 0.19583333333333333 0.090625
3 0.6548611111111111 0.494921875 0.0625 0.01953125
