7 0.4930555555555556 0.440234375 0.022222222222222223 0.02890625
1 0.48958333333333337 0.46328125 0.020833333333333332 0.0234375
7 0.42291666666666666 0.444921875 0.029166666666666667 0.02734375
6 0.4222222222222222 0.457421875 0.016666666666666666 0.02578125
0 0.4340277777777778 0.436328125 0.02361111111111111 0.02109375
7 0.22777777777777777 0.440625 0.027777777777777776 0.0328125
7 0.1451388888888889 0.43125 0.029166666666666667 0.0234375
1 0.1451388888888889 0.455078125 0.02638888888888889 0.03359375
7 0.011805555555555555 0.44296875 0.02361111111111111 0.0171875
1 0.016666666666666666 0.473046875 0.03333333333333333 0.03515625
