7 0.20208333333333334 0.52109375 0.0875 0.1015625
1 0.18472222222222223 0.585546875 0.06111111111111111 0.08203125
7 0.3666666666666667 0.485546875 0.022222222222222223 0.01640625
1 0.3652777777777778 0.500390625 0.022222222222222223 0.01484375
7 0.5979166666666667 0.483984375 0.029166666666666667 0.01171875
1 0.6 0.5 0.025 0.01875
11 0.43472222222222223 0.488671875 0.06666666666666667 0.03984375
0 0.5041666666666667 0.48789062499999997 0.022222222222222223 0.01796875
7 0.5263888888888889 0.484765625 0.008333333333333333 0.01015625
6 0.5291666666666667 0.493359375 0.013888888888888888 0.01171875
