7 0.6965277777777777 0.476953125 0.029166666666666667 0.03203125
9 0.6868055555555556 0.49921875000000004 0.05138888888888889 0.0265625
6 0.8166666666666667 0.48789062499999997 0.05555555555555555 0.02421875
7 0.8541666666666666 0.478515625 0.016666666666666666 0.02265625
7 0.8847222222222222 0.476171875 0.019444444444444445 0.01484375
7 0.6166666666666666 0.47382812500000004 0.019444444444444445 0.01484375
6 0.6166666666666666 0.487109375 0.019444444444444445 0.01796875
7 0.44722222222222224 0.47109375000000003 0.030555555555555555 0.01875
6 0.4451388888888889 0.487109375 0.020833333333333332 0.02265625
7 0.45208333333333334 0.4640625 0.034722222222222224 0.0171875
11 0.3305555555555556 0.465234375 0.04722222222222222 0.02421875
