0 0.07152777777777777 0.596484375 0.14305555555555555 0.27265625
7 0.7965277777777778 0.552734375 0.05138888888888889 0.07734375
1 0.8333333333333333 0.5789062500000001 0.09166666666666666 0.0453125
7 0.22222222222222224 0.52265625 0.027777777777777776 0.0296875
9 0.2409722222222222 0.5531250000000001 0.06805555555555555 0.0296875
7 0.2798611111111111 0.5183593750000001 0.006944444444444444 0.00703125
1 0.2791666666666667 0.524609375 0.005555555555555556 0.00703125
7 0.3868055555555555 0.5187499999999999 0.009722222222222222 0.009375
0 0.3854166666666667 0.523046875 0.02638888888888889 0.01953125
0 0.36874999999999997 0.519921875 0.009722222222222222 0.01328125
7 0.43819444444444444 0.525390625 0.018055555555555554 0.01953125
7 0.2465277777777778 0.523046875 0.04583333333333333 0.04140625
