7 0.4215277777777778 0.48593749999999997 0.04861111111111111 0.04375
9 0.4013888888888889 0.5218750000000001 0.09444444444444444 0.0375
7 0.2569444444444445 0.503125 0.03333333333333333 0.046875
7 0.6138888888888888 0.484375 0.025 0.0203125
9 0.6069444444444445 0.49765624999999997 0.044444444444444446 0.0203125
0 0.6826388888888889 0.494140625 0.06527777777777778 0.04609375
11 0.9597222222222221 0.46796875 0.08055555555555556 0.071875
11 0.45625 0.48359375 0.04027777777777778 0.021875
7 0.5555555555555556 0.480859375 0.011111111111111112 0.00859375
6 0.5541666666666667 0.49140625 0.013888888888888888 0.0125
