7 0.7270833333333334 0.4890625 0.0375 0.034375
7 0.7909722222222222 0.487109375 0.03194444444444444 0.03359375
7 0.6131944444444444 0.480859375 0.02638888888888889 0.01953125
6 0.6124999999999999 0.5015625 0.027777777777777776 0.0171875
1 0.7298611111111111 0.50859375 0.03194444444444444 0.025
1 0.8020833333333334 0.518359375 0.04861111111111111 0.03671875
0 0.5520833333333334 0.48281250000000003 0.0375 0.0328125
11 0.4229166666666667 0.48593749999999997 0.07916666666666666 0.04375
7 0.3451388888888889 0.48085937500000003 0.020833333333333332 0.02109375
1 0.3465277777777778 0.5 0.020833333333333332 0.021875
