7 0.8097222222222222 0.466796875 0.04722222222222222 0.06171875
6 0.8256944444444444 0.50703125 0.0625 0.0578125
7 0.90625 0.4765625 0.020833333333333332 0.0703125
1 0.9354166666666667 0.49374999999999997 0.04027777777777778 0.0375
7 0.075 0.484375 0.03611111111111111 0.065625
7 0.6159722222222221 0.44492187499999997 0.018055555555555554 0.01640625
6 0.6180555555555556 0.45781249999999996 0.016666666666666666 0.0203125
7 0.6680555555555555 0.448828125 0.019444444444444445 0.01953125
6 0.6694444444444444 0.460546875 0.016666666666666666 0.01484375
7 0.5145833333333333 0.443359375 0.0125 0.01171875
6 0.5145833333333333 0.45234375 0.009722222222222222 0.009375
7 0.4722222222222222 0.442578125 0.013888888888888888 0.01015625
1 0.47430555555555554 0.45429687500000004 0.004166666666666667 0.01484375
7 0.4395833333333333 0.451953125 0.020833333333333332 0.01328125
9 0.4409722222222222 0.46523437500000003 0.043055555555555555 0.01484375
9 0.7715277777777778 0.48828125 0.0375 0.0484375
