7 0.05416666666666666 0.578125 0.10277777777777777 0.125
7 0.24583333333333335 0.548828125 0.08611111111111111 0.15703125
7 0.625 0.497265625 0.016666666666666666 0.02578125
7 0.6069444444444444 0.49570312499999997 0.027777777777777776 0.01796875
7 0.6597222222222222 0.503125 0.025 0.0296875
9 0.6201388888888889 0.509765625 0.04027777777777778 0.02109375
0 0.5236111111111111 0.491796875 0.013888888888888888 0.01484375
0 0.525 0.49726562500000004 0.044444444444444446 0.03046875
7 0.45555555555555555 0.494140625 0.011111111111111112 0.00703125
3 0.4527777777777778 0.501171875 0.011111111111111112 0.00703125
0 0.4361111111111111 0.494921875 0.025 0.01953125
