7 0.18958333333333333 0.5144531250000001 0.04861111111111111 0.07265625
7 0.05972222222222222 0.5 0.06111111111111111 0.03125
9 0.22569444444444445 0.5078125 0.08194444444444444 0.025
7 0.6027777777777777 0.494921875 0.027777777777777776 0.04296875
7 0.5888888888888889 0.48281250000000003 0.013888888888888888 0.0171875
7 0.47361111111111115 0.48164062500000004 0.019444444444444445 0.01484375
6 0.47500000000000003 0.4921875 0.022222222222222223 0.0171875
7 0.4826388888888889 0.471875 0.018055555555555554 0.009375
11 0.5513888888888889 0.471484375 0.058333333333333334 0.04453125
3 0.8993055555555556 0.493359375 0.1625 0.04140625
