7 0.12083333333333332 0.568359375 0.2222222222222222 0.20078125
6 0.1298611111111111 0.71953125 0.1986111111111111 0.18125
7 0.648611111111111 0.505859375 0.030555555555555555 0.04609375
6 0.6486111111111111 0.5363281249999999 0.05277777777777778 0.04765625
7 0.7770833333333332 0.5015625 0.02638888888888889 0.0265625
0 0.9090277777777778 0.521484375 0.18194444444444444 0.12109375
7 0.3861111111111111 0.509375 0.03333333333333333 0.03125
7 0.3451388888888889 0.508984375 0.043055555555555555 0.03515625
7 0.27361111111111114 0.5234375 0.030555555555555555 0.0484375
7 0.44027777777777777 0.504296875 0.025 0.03203125
11 0.49027777777777776 0.491015625 0.09166666666666666 0.06171875
0 0.5951388888888889 0.50703125 0.05694444444444444 0.0421875
9 0.37083333333333335 0.54375 0.10833333333333334 0.0359375
9 0.4493055555555555 0.5328125 0.0763888888888889 0.0359375
9 0.7763888888888888 0.530859375 0.08611111111111111 0.03828125
7 0.7034722222222222 0.512109375 0.02361111111111111 0.04453125
