7 0.9583333333333334 0.228515625 0.03333333333333333 0.03671875
11 0.8756944444444444 0.31992187499999997 0.24861111111111112 0.12734375
7 0.5784722222222223 0.32421875 0.059722222222222225 0.090625
7 0.3555555555555555 0.29921875 0.041666666666666664 0.03125
1 0.3638888888888889 0.325390625 0.044444444444444446 0.04296875
1 0.22013888888888888 0.315234375 0.03194444444444444 0.02109375
7 0.21597222222222223 0.29375 0.0125 0.05
7 0.10555555555555554 0.290625 0.027777777777777776 0.0171875
6 0.11458333333333333 0.306640625 0.018055555555555554 0.01796875
11 0.059027777777777776 0.29609375 0.0625 0.0296875
7 0.015277777777777777 0.29257812499999997 0.030555555555555555 0.01796875
9 0.017361111111111112 0.30898437500000003 0.034722222222222224 0.01484375
