7 0.5333333333333333 0.5359375000000001 0.06666666666666667 0.065625
6 0.5263888888888889 0.57109375 0.08055555555555556 0.0625
7 0.21527777777777776 0.561328125 0.05277777777777778 0.08359375
7 0.15833333333333333 0.534765625 0.044444444444444446 0.04140625
3 0.034722222222222224 0.55703125 0.06944444444444445 0.05625
7 0.30833333333333335 0.531640625 0.03333333333333333 0.04765625
7 0.32708333333333334 0.531640625 0.020833333333333332 0.05234375
7 0.3597222222222222 0.524609375 0.016666666666666666 0.04140625
0 0.4180555555555555 0.525 0.10833333333333334 0.075
7 0.6666666666666666 0.5265624999999999 0.025 0.04375
7 0.7041666666666666 0.523828125 0.022222222222222223 0.03984375
0 0.7173611111111111 0.521484375 0.059722222222222225 0.04453125
11 0.5305555555555556 0.50625 0.11388888888888889 0.065625
0 0.19236111111111112 0.5625 0.15416666666666667 0.0453125
7 0.20555555555555555 0.51171875 0.04722222222222222 0.025
