7 0.45694444444444443 0.50625 0.025 0.01875
6 0.4576388888888889 0.52109375 0.034722222222222224 0.0203125
7 0.4194444444444444 0.498046875 0.013888888888888888 0.00546875
6 0.41874999999999996 0.50390625 0.0125 0.009375
7 0.5680555555555556 0.503125 0.03888888888888889 0.015625
0 0.5631944444444444 0.515625 0.0375 0.0140625
3 0.6840277777777778 0.51171875 0.08472222222222223 0.0296875
6 0.12708333333333333 0.52421875 0.10138888888888889 0.04375
6 0.3368055555555555 0.5128906249999999 0.034722222222222224 0.02109375
7 0.25902777777777775 0.502734375 0.029166666666666667 0.01328125
