7 0.20416666666666666 0.39882812500000003 0.13333333333333333 0.12421875
6 0.21180555555555555 0.48046875 0.07916666666666666 0.1046875
7 0.3680555555555556 0.380078125 0.08055555555555556 0.09140625
7 0.4215277777777778 0.33984375 0.04027777777777778 0.0265625
7 0.6722222222222222 0.35312499999999997 0.030555555555555555 0.0296875
7 0.6659722222222223 0.3203125 0.0375 0.0125
7 0.6194444444444444 0.3203125 0.030555555555555555 0.01875
7 0.3090277777777778 0.34492187500000004 0.029166666666666667 0.01484375
7 0.24791666666666667 0.34218750000000003 0.04027777777777778 0.0109375
9 0.2534722222222222 0.36015625 0.0375 0.009375
7 0.08680555555555555 0.37148437500000003 0.05694444444444444 0.06171875
7 0.035416666666666666 0.36874999999999997 0.06527777777777778 0.059375
6 0.3208333333333333 0.3625 0.03333333333333333 0.021875
7 0.49930555555555556 0.348046875 0.02361111111111111 0.01953125
9 0.679861111111111 0.37421875 0.09027777777777778 0.0328125
9 0.9333333333333333 0.3890625 0.13333333333333333 0.059375
