7 0.37916666666666665 0.494140625 0.1388888888888889 0.12578125
6 0.37777777777777777 0.605078125 0.15555555555555556 0.12578125
7 0.5444444444444445 0.466015625 0.03611111111111111 0.04765625
6 0.5444444444444444 0.494921875 0.027777777777777776 0.03359375
0 0.5805555555555556 0.460546875 0.03888888888888889 0.03515625
0 0.6604166666666667 0.46132812500000003 0.03194444444444444 0.02890625
7 0.7118055555555556 0.45625 0.0125 0.015625
7 0.742361111111111 0.45703125 0.03194444444444444 0.0109375
9 0.7423611111111111 0.478125 0.05694444444444444 0.015625
6 0.7041666666666666 0.47421874999999997 0.025 0.0125
7 0.8298611111111112 0.461328125 0.03194444444444444 0.03515625
9 0.8145833333333333 0.4921875 0.0763888888888889 0.0328125
7 0.8736111111111111 0.48710937499999996 0.03888888888888889 0.07890625
7 0.9555555555555556 0.4796875 0.05 0.0671875
7 0.2895833333333333 0.46445312499999997 0.0375 0.02421875
6 0.2861111111111111 0.49296875 0.03333333333333333 0.03125
7 0.1965277777777778 0.47382812500000004 0.05416666666666667 0.05390625
