7 0.48472222222222217 0.5011718749999999 0.1111111111111111 0.07578125
6 0.48888888888888893 0.56328125 0.11388888888888889 0.0828125
0 0.6541666666666667 0.47734374999999996 0.07777777777777778 0.059375
7 0.9069444444444444 0.476953125 0.044444444444444446 0.05078125
7 0.8159722222222223 0.468359375 0.034722222222222224 0.02890625
6 0.8076388888888889 0.5015625 0.04861111111111111 0.0390625
7 0.7423611111111111 0.47109375 0.05138888888888889 0.04375
0 0.5458333333333334 0.4734375 0.05 0.0421875
7 0.35347222222222224 0.49453125000000003 0.05138888888888889 0.065625
7 0.30486111111111114 0.5046875 0.05138888888888889 0.0578125
7 0.06597222222222222 0.50234375 0.11527777777777778 0.0515625
9 0.09166666666666666 0.5496093750000001 0.14166666666666666 0.06953125
7 0.23472222222222222 0.481640625 0.1 0.03984375
9 0.8930555555555555 0.530859375 0.13333333333333333 0.05859375
