7 0.45763888888888893 0.601953125 0.23194444444444445 0.25234375
6 0.47500000000000003 0.753515625 0.20833333333333334 0.19140625
7 0.23125 0.535546875 0.1375 0.11484375
9 0.18958333333333333 0.6730468749999999 0.35138888888888886 0.18828125
0 0.09444444444444444 0.51796875 0.18888888888888888 0.1375
0 0.33402777777777776 0.515234375 0.0625 0.06171875
7 0.7388888888888889 0.5796875 0.11666666666666667 0.1328125
9 0.7291666666666666 0.6125 0.18888888888888888 0.0921875
0 0.9298611111111111 0.57109375 0.14027777777777778 0.190625
7 0.579861111111111 0.53671875 0.08194444444444444 0.1140625
