7 0.4277777777777778 0.494140625 0.019444444444444445 0.01953125
6 0.42291666666666666 0.5109375 0.03194444444444444 0.01875
7 0.3944444444444445 0.4921875 0.022222222222222223 0.009375
6 0.3902777777777778 0.50390625 0.019444444444444445 0.0140625
7 0.6631944444444445 0.50859375 0.04027777777777778 0.0421875
7 0.6 0.494140625 0.019444444444444445 0.01328125
1 0.5986111111111111 0.5109375 0.022222222222222223 0.0234375
3 0.5131944444444444 0.492578125 0.059722222222222225 0.03984375
11 0.14722222222222223 0.476953125 0.21666666666666667 0.06640625
7 0.4222222222222222 0.485546875 0.025 0.01328125
