7 0.10069444444444445 0.510546875 0.059722222222222225 0.10546875
7 0.2625 0.479296875 0.06111111111111111 0.04296875
7 0.6861111111111111 0.478125 0.058333333333333334 0.065625
7 0.8451388888888889 0.490625 0.05694444444444444 0.0828125
7 0.4173611111111111 0.465625 0.029166666666666667 0.025
0 0.4479166666666667 0.466015625 0.02361111111111111 0.02734375
6 0.42083333333333334 0.483984375 0.025 0.02265625
7 0.4881944444444445 0.46640625 0.020833333333333332 0.0265625
7 0.5090277777777777 0.46328125 0.020833333333333332 0.021875
7 0.5208333333333333 0.461328125 0.013888888888888888 0.01953125
9 0.5201388888888888 0.47578125 0.029166666666666667 0.0140625
7 0.3076388888888889 0.4765625 0.018055555555555554 0.040625
7 0.34027777777777773 0.472265625 0.011111111111111112 0.03671875
6 0.9576388888888888 0.476171875 0.08472222222222223 0.03671875
0 0.33819444444444446 0.480078125 0.05694444444444444 0.02109375
0 0.12152777777777778 0.50078125 0.13472222222222222 0.034375
