0 0.2465277777777778 0.490234375 0.2152777777777778 0.19765625
7 0.6298611111111111 0.44960937500000003 0.029166666666666667 0.03046875
7 0.6805555555555556 0.451171875 0.03333333333333333 0.02265625
1 0.6361111111111111 0.46992187500000004 0.022222222222222223 0.02265625
1 0.6881944444444444 0.471875 0.034722222222222224 0.03125
7 0.5256944444444445 0.4453125 0.018055555555555554 0.0140625
9 0.5256944444444445 0.45820312500000004 0.034722222222222224 0.01484375
7 0.4944444444444444 0.441796875 0.013888888888888888 0.01171875
9 0.4951388888888889 0.453515625 0.02361111111111111 0.01171875
0 0.46458333333333335 0.447265625 0.020833333333333332 0.01953125
0 0.3993055555555556 0.44765625 0.03194444444444444 0.03125
11 0.4326388888888889 0.44179687500000003 0.02361111111111111 0.01484375
