7 0.3902777777777778 0.53203125 0.125 0.1421875
6 0.40347222222222223 0.61796875 0.14583333333333334 0.121875
0 0.5756944444444444 0.50234375 0.09027777777777778 0.0625
7 0.6659722222222223 0.49765624999999997 0.0375 0.0375
6 0.6763888888888889 0.521875 0.03888888888888889 0.0453125
7 0.74375 0.5070312499999999 0.034722222222222224 0.040625
9 0.7805555555555556 0.5382812499999999 0.08611111111111111 0.04375
9 0.8972222222222223 0.5375 0.1 0.0484375
7 0.9604166666666667 0.515625 0.04861111111111111 0.0734375
9 0.2763888888888889 0.5296875 0.08333333333333333 0.0390625
7 0.2513888888888889 0.4953125 0.027777777777777776 0.0296875
7 0.17708333333333331 0.490625 0.07083333333333333 0.0375
0 0.49930555555555556 0.49374999999999997 0.034722222222222224 0.0453125
11 0.45138888888888884 0.48476562500000003 0.044444444444444446 0.02890625
7 0.45208333333333334 0.48046875 0.0125 0.0125
7 0.41944444444444445 0.47695312500000003 0.019444444444444445 0.01328125
6 0.41805555555555557 0.4890625 0.016666666666666666 0.0140625
6 0.4513888888888889 0.49609375 0.027777777777777776 0.0171875
