3 0.7036458333333333 0.3597222222222222 0.10625 0.15833333333333333
9 0.47031249999999997 0.37407407407407406 0.028125 0.08703703703703704
1 0.8229166666666666 0.3851851851851852 0.03229166666666667 0.08518518518518518
6 0.7736979166666668 0.37962962962962965 0.0296875 0.06851851851851852
6 0.5609375 0.3856481481481482 0.023958333333333335 0.06574074074074074
7 0.4328125 0.37962962962962965 0.014583333333333334 0.06851851851851852
7 0.8187500000000001 0.350462962962963 0.03333333333333333 0.10462962962962963
7 0.44635416666666666 0.3768518518518518 0.011458333333333333 0.07407407407407407
7 0.4565104166666667 0.37824074074074077 0.0171875 0.08611111111111111
7 0.5604166666666667 0.36527777777777776 0.020833333333333332 0.06944444444444445
7 0.7721354166666666 0.3550925925925926 0.0234375 0.08055555555555556
