7 0.49635416666666665 0.5333333333333333 0.04479166666666667 0.23333333333333334
9 0.36328125 0.5319444444444444 0.033854166666666664 0.08981481481481482
9 0.6450520833333333 0.5333333333333333 0.09947916666666666 0.24259259259259258
9 0.8114583333333333 0.5675925925925926 0.22291666666666668 0.362962962962963
7 0.67734375 0.4907407407407407 0.049479166666666664 0.1648148148148148
7 0.1552083333333333 0.6083333333333334 0.053125 0.30925925925925923
7 0.8153645833333334 0.5027777777777778 0.06510416666666667 0.2833333333333333
7 0.8583333333333334 0.42777777777777776 0.04583333333333333 0.12777777777777777
9 0.40963541666666664 0.5259259259259259 0.027604166666666666 0.07592592592592592
7 0.5346354166666667 0.5333333333333333 0.0390625 0.22407407407407406
7 0.9653645833333333 0.4842592592592593 0.058854166666666666 0.3
9 0.3848958333333333 0.5268518518518519 0.0375 0.09259259259259259
9 0.12578125 0.6060185185185185 0.10677083333333333 0.30092592592592593
9 0.5802083333333333 0.5291666666666667 0.07395833333333333 0.22870370370370371
7 0.46510416666666665 0.5259259259259259 0.019791666666666666 0.08888888888888889
9 0.6989583333333333 0.5532407407407407 0.18958333333333333 0.3287037037037037
9 0.4354166666666667 0.5208333333333334 0.03125 0.10648148148148148
9 0.32734375 0.5430555555555555 0.05364583333333333 0.14351851851851852
2 0.5072916666666667 0.44305555555555554 0.12083333333333333 0.09722222222222222
2 0.04244791666666667 0.5143518518518518 0.08489583333333334 0.549074074074074
