3 0.37083333333333335 0.624074074074074 0.21666666666666667 0.3111111111111111
3 0.51796875 0.5601851851851852 0.0640625 0.07962962962962963
7 0.9752604166666667 0.5601851851851851 0.049479166666666664 0.25
6 0.9653645833333334 0.6092592592592593 0.06927083333333334 0.18888888888888888
9 0.7479166666666667 0.549537037037037 0.05625 0.11574074074074074
9 0.796875 0.5472222222222222 0.04479166666666667 0.1111111111111111
9 0.8505208333333334 0.5458333333333333 0.08958333333333333 0.1287037037037037
7 0.6320312499999999 0.549537037037037 0.028645833333333332 0.09351851851851851
7 0.7632812499999999 0.5393518518518519 0.0328125 0.12129629629629629
7 0.83515625 0.5277777777777778 0.022395833333333334 0.12037037037037036
7 0.9065104166666667 0.5416666666666666 0.030729166666666665 0.13703703703703704
7 0.9346354166666666 0.5361111111111111 0.0203125 0.13703703703703704
7 0.6901041666666666 0.5398148148148149 0.022916666666666665 0.08518518518518518
7 0.13151041666666666 0.65 0.0640625 0.22777777777777777
7 0.16302083333333334 0.6407407407407408 0.046875 0.21666666666666667
7 0.19453125 0.599537037037037 0.03177083333333333 0.11203703703703703
9 0.19791666666666669 0.6083333333333334 0.05416666666666667 0.11481481481481481
7 0.08020833333333333 0.6000000000000001 0.027083333333333334 0.09444444444444444
