3 0.6828125 0.6194444444444445 0.2375 0.22407407407407406
7 0.017708333333333333 0.5902777777777778 0.035416666666666666 0.18425925925925926
6 0.17786458333333333 0.5689814814814815 0.0203125 0.04351851851851852
7 0.24114583333333334 0.5416666666666667 0.013541666666666667 0.03333333333333333
6 0.23984375000000002 0.5726851851851852 0.0171875 0.03611111111111111
2 0.14609375 0.5361111111111111 0.0390625 0.05555555555555555
0 0.7854166666666667 0.5569444444444445 0.05625 0.0712962962962963
7 0.8770833333333333 0.55 0.013541666666666667 0.03333333333333333
7 0.17708333333333331 0.5402777777777777 0.019791666666666666 0.04351851851851852
6 0.0234375 0.6333333333333333 0.046875 0.1425925925925926
