3 0.19895833333333332 0.5828703703703704 0.12708333333333333 0.14907407407407408
2 0.09505208333333333 0.599537037037037 0.19010416666666666 0.4101851851851852
3 0.2807291666666667 0.7486111111111111 0.4083333333333333 0.5027777777777778
7 0.14531249999999998 0.25 0.019791666666666666 0.07592592592592592
7 0.19427083333333334 0.24212962962962964 0.027083333333333334 0.08796296296296297
7 0.3109375 0.24259259259259258 0.019791666666666666 0.06111111111111111
7 0.37421875 0.23472222222222222 0.016145833333333335 0.058333333333333334
7 0.41484375 0.23333333333333334 0.016145833333333335 0.06111111111111111
7 0.5919270833333333 0.19444444444444442 0.016145833333333335 0.0962962962962963
7 0.63125 0.19212962962962962 0.020833333333333332 0.075
7 0.5770833333333333 0.21944444444444444 0.015625 0.046296296296296294
7 0.6919270833333333 0.1800925925925926 0.015104166666666667 0.05462962962962963
7 0.78515625 0.17777777777777776 0.024479166666666666 0.06296296296296296
7 0.8361979166666667 0.13055555555555554 0.0109375 0.07407407407407407
7 0.06041666666666667 0.25416666666666665 0.019791666666666666 0.09351851851851851
