3 0.46197916666666666 0.5972222222222222 0.18333333333333332 0.3574074074074074
3 0.3619791666666667 0.5879629629629629 0.03229166666666667 0.04259259259259259
0 0.284375 0.6486111111111111 0.125 0.24537037037037038
0 0.22369791666666666 0.6273148148148148 0.019270833333333334 0.14166666666666666
9 0.18125 0.6162037037037037 0.03333333333333333 0.08055555555555556
9 0.10286458333333334 0.6310185185185184 0.0453125 0.11203703703703703
9 0.05286458333333333 0.6430555555555556 0.0546875 0.11944444444444445
9 0.20625000000000002 0.611111111111111 0.023958333333333335 0.08703703703703704
9 0.02109375 0.6472222222222223 0.0421875 0.1259259259259259
6 0.15 0.6453703703703704 0.028125 0.07222222222222222
7 0.15182291666666667 0.6263888888888889 0.0234375 0.10833333333333334
