3 0.37395833333333334 0.6189814814814815 0.05416666666666667 0.11018518518518519
3 0.4734375 0.6055555555555555 0.15833333333333333 0.31296296296296294
0 0.2994791666666667 0.6453703703703704 0.10520833333333333 0.21296296296296297
0 0.22708333333333333 0.6333333333333333 0.051041666666666666 0.13333333333333333
9 0.07213541666666667 0.6523148148148148 0.0640625 0.125
9 0.13697916666666665 0.6467592592592593 0.07083333333333333 0.13055555555555556
9 0.017708333333333333 0.6675925925925926 0.035416666666666666 0.13333333333333333
1 0.18802083333333333 0.6421296296296296 0.029166666666666667 0.05092592592592592
7 0.09791666666666667 0.6351851851851852 0.026041666666666668 0.1
7 0.0328125 0.6546296296296297 0.020833333333333332 0.10185185185185185
7 0.15208333333333335 0.6236111111111111 0.025 0.09722222222222222
7 0.18567708333333333 0.625 0.022395833333333334 0.07037037037037037
