0 0.06015625 0.6643518518518519 0.1203125 0.5009259259259259
2 0.228125 0.4703703703703703 0.20104166666666667 0.32222222222222224
3 0.37135416666666665 0.6703703703703704 0.35208333333333336 0.4703703703703704
2 0.384375 0.4023148148148148 0.078125 0.08425925925925926
7 0.7877604166666666 0.43842592592592594 0.0328125 0.11388888888888889
7 0.8239583333333333 0.44814814814814813 0.0375 0.15555555555555556
9 0.8088541666666668 0.48703703703703705 0.11145833333333334 0.18888888888888888
7 0.8885416666666667 0.4662037037037037 0.026041666666666668 0.1175925925925926
6 0.8953125000000001 0.48842592592592593 0.05416666666666667 0.08981481481481482
2 0.7690104166666667 0.40879629629629627 0.2015625 0.24537037037037038
2 0.63671875 0.43657407407407406 0.0703125 0.14351851851851852
7 0.6416666666666667 0.46481481481481485 0.01875 0.1037037037037037
7 0.6268229166666667 0.45694444444444443 0.019270833333333334 0.0824074074074074
7 0.98984375 0.4421296296296296 0.018229166666666668 0.11574074074074074
7 0.9434895833333333 0.4300925925925926 0.0234375 0.09907407407407408
9 0.63671875 0.47638888888888886 0.04739583333333333 0.13055555555555556
6 0.9322916666666666 0.49675925925925923 0.029166666666666667 0.07685185185185185
