3 0.5421874999999999 0.7319444444444445 0.22604166666666667 0.3416666666666667
3 0.3567708333333333 0.6310185185185185 0.05520833333333333 0.09537037037037037
7 0.11302083333333333 0.6393518518518518 0.015625 0.06944444444444445
6 0.8971354166666667 0.8726851851851851 0.20572916666666666 0.25462962962962965
11 0.72109375 0.6023148148148149 0.23177083333333334 0.3638888888888889
7 0.4171875 0.6231481481481481 0.0125 0.027777777777777776
6 0.4171875 0.6620370370370371 0.0125 0.040740740740740744
2 0.40651041666666665 0.5875 0.0390625 0.049074074074074076
11 0.4927083333333333 0.5606481481481482 0.084375 0.10833333333333334
7 0.9205729166666667 0.6865740740740741 0.15885416666666666 0.30833333333333335
