2 0.7322916666666667 0.45092592592592595 0.284375 0.362962962962963
11 0.4127604166666667 0.5726851851851852 0.07447916666666667 0.18055555555555555
2 0.37135416666666665 0.5768518518518518 0.028125 0.09074074074074075
3 0.33489583333333334 0.6023148148148149 0.027083333333333334 0.04722222222222222
3 0.28880208333333335 0.6097222222222222 0.019270833333333334 0.04537037037037037
3 0.26927083333333335 0.6217592592592592 0.03229166666666667 0.05092592592592592
3 0.23333333333333334 0.6356481481481482 0.05520833333333333 0.07685185185185185
7 0.13411458333333331 0.6444444444444444 0.0140625 0.06296296296296296
7 0.15442708333333333 0.6310185185185184 0.013020833333333334 0.0712962962962963
7 0.17109375 0.6300925925925926 0.015104166666666667 0.07685185185185185
7 0.019791666666666666 0.6944444444444445 0.022916666666666665 0.14074074074074075
6 0.04739583333333333 0.700925925925926 0.0375 0.11851851851851852
7 0.07630208333333334 0.6916666666666668 0.028645833333333332 0.07962962962962963
