2 0.225 0.4717592592592592 0.296875 0.5212962962962963
7 0.02734375 0.6120370370370369 0.021354166666666667 0.09444444444444444
11 0.40338541666666666 0.5509259259259259 0.043229166666666666 0.08333333333333333
0 0.42864583333333334 0.5555555555555556 0.034375 0.07777777777777778
7 0.51640625 0.549074074074074 0.033854166666666664 0.1388888888888889
1 0.51328125 0.5930555555555556 0.10260416666666666 0.125
7 0.7111979166666667 0.5055555555555555 0.022395833333333334 0.07407407407407407
0 0.7479166666666667 0.5092592592592593 0.046875 0.07962962962962963
1 0.7158854166666666 0.5319444444444444 0.027604166666666666 0.06388888888888888
1 0.9526041666666667 0.5120370370370371 0.03958333333333333 0.07407407407407407
