3 0.25885416666666666 0.673148148148148 0.19791666666666666 0.24259259259259258
3 0.5309895833333333 0.6263888888888889 0.14739583333333334 0.23055555555555557
2 0.34270833333333334 0.5689814814814814 0.07291666666666667 0.12685185185185185
2 0.4203125 0.562037037037037 0.08645833333333333 0.16111111111111112
2 0.5966145833333333 0.5402777777777777 0.0484375 0.08611111111111111
11 0.7302083333333332 0.5180555555555556 0.0875 0.11574074074074074
9 0.14661458333333333 0.6319444444444445 0.03802083333333333 0.07685185185185185
9 0.13124999999999998 0.6296296296296297 0.06354166666666666 0.09074074074074075
9 0.10677083333333333 0.6402777777777777 0.03958333333333333 0.08055555555555556
7 0.1265625 0.6212962962962962 0.023958333333333335 0.10925925925925926
7 0.02682291666666667 0.6537037037037037 0.018229166666666668 0.08703703703703704
7 0.8643229166666666 0.5212962962962963 0.013020833333333334 0.05740740740740741
7 0.8515625 0.5208333333333334 0.020833333333333332 0.06574074074074074
