3 0.5463541666666667 0.5175925925925926 0.034375 0.06851851851851852
3 0.48151041666666666 0.5282407407407408 0.0390625 0.0712962962962963
3 0.4494791666666667 0.548611111111111 0.05 0.075
3 0.20911458333333333 0.650925925925926 0.21302083333333333 0.26851851851851855
0 0.3171875 0.5712962962962963 0.04895833333333333 0.10555555555555556
2 0.4354166666666667 0.5101851851851852 0.046875 0.07592592592592592
2 0.7322916666666666 0.47777777777777775 0.12708333333333333 0.2074074074074074
11 0.5130208333333334 0.524537037037037 0.036458333333333336 0.07685185185185185
9 0.40572916666666664 0.55 0.028125 0.07592592592592592
6 0.050520833333333334 0.6870370370370371 0.08125 0.18703703703703703
7 0.8809895833333333 0.6245370370370371 0.17447916666666666 0.5268518518518519
7 0.9075520833333334 0.43981481481481477 0.06927083333333334 0.25925925925925924
7 0.0484375 0.6388888888888888 0.06979166666666667 0.18518518518518517
7 0.9502604166666667 0.5365740740740741 0.09635416666666667 0.5138888888888888
