3 0.9328124999999999 0.41064814814814815 0.13333333333333333 0.13425925925925927
3 0.54609375 0.42268518518518516 0.033854166666666664 0.04351851851851852
9 0.6846354166666667 0.43842592592592594 0.0421875 0.08611111111111111
9 0.8453125 0.42685185185185187 0.10104166666666667 0.17037037037037037
9 0.3486979166666667 0.45231481481481484 0.04010416666666667 0.09351851851851851
9 0.3963541666666667 0.4361111111111111 0.035416666666666666 0.08333333333333333
9 0.43046874999999996 0.4388888888888889 0.0359375 0.09259259259259259
9 0.6463541666666667 0.4175925925925926 0.028125 0.09074074074074075
9 0.48932291666666666 0.4263888888888889 0.04739583333333333 0.06388888888888888
1 0.44375 0.45740740740740743 0.03125 0.07407407407407407
6 0.62109375 0.4620370370370371 0.03697916666666667 0.11666666666666667
6 0.7434895833333334 0.4675925925925926 0.05677083333333333 0.13518518518518519
6 0.5830729166666666 0.44722222222222224 0.024479166666666666 0.06851851851851852
7 0.8567708333333333 0.4222222222222222 0.029166666666666667 0.14074074074074075
7 0.6927083333333333 0.4134259259259259 0.020833333333333332 0.09351851851851851
7 0.6216145833333333 0.4291666666666667 0.034895833333333334 0.12129629629629629
7 0.44609374999999996 0.43287037037037035 0.0203125 0.09166666666666666
7 0.6783854166666667 0.40925925925925927 0.0140625 0.07962962962962963
7 0.58203125 0.4263888888888889 0.024479166666666666 0.0712962962962963
7 0.7442708333333333 0.4263888888888889 0.07291666666666667 0.14537037037037037
