3 0.521875 0.48750000000000004 0.10416666666666667 0.1824074074074074
3 0.5731770833333334 0.47962962962962963 0.015104166666666667 0.06111111111111111
0 0.396875 0.5050925925925925 0.026041666666666668 0.12129629629629629
0 0.35234375 0.5189814814814815 0.07864583333333333 0.15648148148148147
0 0.45416666666666666 0.47638888888888886 0.019791666666666666 0.04722222222222222
9 0.7783854166666666 0.4759259259259259 0.04739583333333333 0.11481481481481481
9 0.6114583333333333 0.4708333333333334 0.020833333333333332 0.06018518518518518
9 0.5843750000000001 0.47175925925925927 0.021875 0.062037037037037036
1 0.6583333333333333 0.4898148148148148 0.016666666666666666 0.05925925925925926
7 0.7893229166666667 0.4699074074074074 0.028645833333333332 0.11203703703703703
7 0.2276041666666667 0.5555555555555556 0.040625 0.20555555555555555
7 0.6583333333333334 0.47175925925925927 0.017708333333333333 0.08611111111111111
7 0.9770833333333333 0.48564814814814816 0.04479166666666667 0.2361111111111111
7 0.05520833333333333 0.5185185185185186 0.027083333333333334 0.11481481481481481
7 0.61484375 0.4662037037037037 0.0109375 0.05462962962962963
