0 0.18984375 0.5328703703703703 0.14635416666666667 0.275
9 0.34375 0.5449074074074074 0.165625 0.43796296296296294
9 0.40729166666666666 0.49722222222222223 0.06458333333333334 0.23333333333333334
1 0.6346354166666667 0.4449074074074074 0.027604166666666666 0.058333333333333334
7 0.13723958333333333 0.4097222222222222 0.028645833333333332 0.062037037037037036
7 0.6369791666666667 0.43194444444444446 0.016666666666666666 0.07685185185185185
7 0.021614583333333333 0.500462962962963 0.043229166666666666 0.2712962962962963
7 0.08567708333333333 0.48750000000000004 0.0453125 0.18981481481481483
7 0.75859375 0.40555555555555556 0.021354166666666667 0.10925925925925926
7 0.7406250000000001 0.4041666666666667 0.021875 0.09907407407407408
