0 0.019270833333333334 0.6916666666666667 0.03854166666666667 0.2574074074074074
7 0.4393229166666667 0.5541666666666667 0.011979166666666667 0.05648148148148148
0 0.23854166666666665 0.6277777777777778 0.06875 0.15925925925925927
7 0.9864583333333333 0.5180555555555556 0.027083333333333334 0.11018518518518519
7 0.9682291666666667 0.5222222222222223 0.028125 0.1037037037037037
0 0.8442708333333333 0.6087962962962963 0.234375 0.4009259259259259
11 0.6299479166666666 0.5652777777777778 0.10989583333333333 0.14722222222222223
11 0.5684895833333333 0.5523148148148148 0.03177083333333333 0.08796296296296297
11 0.43645833333333334 0.5777777777777777 0.03333333333333333 0.07222222222222222
3 0.4002604166666667 0.5949074074074074 0.043229166666666666 0.075
3 0.30885416666666665 0.6805555555555556 0.203125 0.2759259259259259
