9 0.03671875 0.6444444444444445 0.0578125 0.17222222222222222
7 0.09973958333333334 0.649537037037037 0.04635416666666667 0.06944444444444445
0 0.3572916666666666 0.638425925925926 0.014583333333333334 0.032407407407407406
3 0.3692708333333333 0.6356481481481482 0.015625 0.03796296296296296
9 0.2828125 0.637962962962963 0.017708333333333333 0.04814814814814815
11 0.7018229166666667 0.6337962962962963 0.27239583333333334 0.2972222222222222
7 0.026041666666666664 0.5782407407407408 0.021875 0.041666666666666664
7 0.1734375 0.6175925925925927 0.017708333333333333 0.03333333333333333
7 0.19192708333333333 0.6328703703703704 0.04010416666666667 0.08796296296296297
6 0.19401041666666666 0.7166666666666667 0.03802083333333333 0.07592592592592592
9 0.24348958333333334 0.6458333333333334 0.03802083333333333 0.0824074074074074
7 0.26875 0.6337962962962963 0.010416666666666666 0.03981481481481482
7 0.29609375 0.6305555555555555 0.009895833333333333 0.02962962962962963
7 0.32057291666666665 0.6412037037037037 0.0171875 0.041666666666666664
7 0.33229166666666665 0.6356481481481482 0.011458333333333333 0.026851851851851852
9 0.15833333333333335 0.6425925925925926 0.026041666666666668 0.10555555555555556
