7 0.034374999999999996 0.7236111111111111 0.022916666666666665 0.1398148148148148
7 0.059375 0.7087962962962964 0.021875 0.13425925925925927
7 0.032552083333333336 0.6574074074074073 0.0171875 0.07777777777777778
7 0.08072916666666667 0.7097222222222221 0.021875 0.13240740740740742
7 0.10338541666666667 0.7004629629629631 0.028645833333333332 0.13240740740740742
7 0.125 0.6953703703703703 0.019791666666666666 0.13333333333333333
7 0.13567708333333334 0.6925925925925926 0.019270833333333334 0.11666666666666667
7 0.1515625 0.6652777777777779 0.017708333333333333 0.10277777777777777
4 0.029427083333333333 0.7592592592592592 0.058854166666666666 0.11296296296296296
9 0.17682291666666666 0.6902777777777778 0.04739583333333333 0.15648148148148147
7 0.3229166666666667 0.6416666666666667 0.017708333333333333 0.09074074074074075
7 0.5515625 0.5796296296296296 0.027083333333333334 0.1388888888888889
7 0.5380208333333334 0.5986111111111111 0.03333333333333333 0.15462962962962962
0 0.25755208333333335 0.6990740740740741 0.1296875 0.2518518518518518
2 0.8953125000000001 0.4115740740740741 0.209375 0.8231481481481482
7 0.8947916666666667 0.5486111111111112 0.13645833333333332 0.4212962962962963
11 0.41692708333333334 0.5837962962962963 0.1046875 0.24166666666666667
3 0.3473958333333333 0.6236111111111111 0.028125 0.04537037037037037
