7 0.17083333333333334 0.6189814814814815 0.020833333333333332 0.09907407407407408
7 0.17864583333333334 0.5884259259259259 0.0125 0.04351851851851852
7 0.19322916666666667 0.5870370370370371 0.014583333333333334 0.05925925925925926
7 0.28645833333333337 0.5810185185185186 0.01875 0.07685185185185185
7 0.27317708333333335 0.5851851851851851 0.015104166666666667 0.07777777777777778
7 0.2609375 0.5907407407407408 0.011458333333333333 0.07037037037037037
7 0.2526041666666667 0.5884259259259259 0.010416666666666666 0.0712962962962963
9 0.22708333333333333 0.6111111111111112 0.04895833333333333 0.1259259259259259
3 0.37161458333333336 0.6236111111111111 0.14427083333333332 0.20462962962962963
2 0.3846354166666667 0.5157407407407407 0.0546875 0.06481481481481481
2 0.08619791666666667 0.5555555555555556 0.17239583333333333 0.6981481481481482
