9 0.484375 0.5087962962962963 0.040625 0.10833333333333334
6 0.4119791666666667 0.5185185185185185 0.01875 0.05740740740740741
3 0.59453125 0.4990740740740741 0.043229166666666666 0.05740740740740741
11 0.9223958333333333 0.47870370370370374 0.12291666666666666 0.15185185185185185
7 0.98359375 0.5009259259259259 0.030729166666666665 0.14629629629629629
7 0.2 0.5083333333333333 0.015625 0.06666666666666667
9 0.14557291666666666 0.5212962962962963 0.0265625 0.05555555555555555
3 0.7195312500000001 0.5143518518518518 0.11197916666666667 0.10648148148148148
7 0.35052083333333334 0.4986111111111111 0.010416666666666666 0.049074074074074076
2 0.37812500000000004 0.4842592592592593 0.036458333333333336 0.07407407407407407
9 0.4393229166666666 0.49722222222222223 0.022395833333333334 0.053703703703703705
7 0.41119791666666666 0.4986111111111111 0.018229166666666668 0.06018518518518518
1 0.98046875 0.5365740740740741 0.03802083333333333 0.10277777777777777
7 0.3002604166666667 0.500462962962963 0.008854166666666666 0.041666666666666664
7 0.0078125 0.5199074074074074 0.015625 0.03981481481481482
9 0.234375 0.5092592592592592 0.030208333333333334 0.04814814814814815
11 0.8088541666666667 0.4546296296296296 0.12083333333333333 0.16111111111111112
