3 0.4822916666666667 0.39999999999999997 0.058333333333333334 0.10740740740740741
0 0.446875 0.3925925925925926 0.015625 0.03333333333333333
0 0.5619791666666666 0.39166666666666666 0.025 0.053703703703703705
9 0.7028645833333333 0.39444444444444443 0.0390625 0.09444444444444444
9 0.3638020833333333 0.4291666666666667 0.07239583333333334 0.14722222222222223
6 0.9401041666666666 0.48055555555555557 0.11875 0.2351851851851852
7 0.25885416666666666 0.45787037037037037 0.03229166666666667 0.125
7 0.9458333333333333 0.412962962962963 0.090625 0.26851851851851855
7 0.21666666666666667 0.41250000000000003 0.014583333333333334 0.06574074074074074
7 0.71171875 0.3907407407407407 0.0203125 0.08703703703703704
