3 0.39427083333333335 0.4564814814814815 0.042708333333333334 0.03888888888888889
9 0.6632812499999999 0.437037037037037 0.05260416666666667 0.09259259259259259
6 0.17005208333333333 0.48935185185185187 0.09010416666666667 0.09722222222222222
6 0.8624999999999999 0.4328703703703704 0.06041666666666667 0.09351851851851851
6 0.2875 0.47638888888888886 0.03125 0.06759259259259259
6 0.46770833333333334 0.46064814814814814 0.013541666666666667 0.04537037037037037
7 0.6723958333333333 0.43287037037037035 0.027083333333333334 0.08981481481481482
7 0.34270833333333334 0.4601851851851852 0.01875 0.07962962962962963
7 0.4041666666666666 0.46481481481481485 0.014583333333333334 0.06851851851851852
7 0.3653645833333333 0.4564814814814815 0.013020833333333334 0.05185185185185185
7 0.6481770833333332 0.4351851851851852 0.021354166666666667 0.08888888888888889
7 0.2596354166666667 0.4699074074074074 0.024479166666666666 0.11574074074074074
7 0.7807291666666667 0.4416666666666667 0.027083333333333334 0.1037037037037037
7 0.6065104166666666 0.43425925925925923 0.0171875 0.053703703703703705
