7 0.15286458333333333 0.6134259259259259 0.015104166666666667 0.06944444444444445
7 0.16640625 0.6162037037037037 0.009895833333333333 0.06944444444444445
7 0.19322916666666667 0.6078703703703703 0.015625 0.06018518518518518
7 0.2484375 0.599537037037037 0.014583333333333334 0.04537037037037037
9 0.25390625 0.6069444444444444 0.024479166666666666 0.06574074074074074
3 0.33671875 0.6120370370370369 0.07864583333333333 0.09444444444444444
7 0.38307291666666665 0.575462962962963 0.011979166666666667 0.03981481481481482
6 0.38385416666666666 0.5875 0.0125 0.04351851851851852
3 0.4106770833333333 0.5712962962962963 0.025520833333333333 0.046296296296296294
3 0.4393229166666667 0.5703703703703703 0.025520833333333333 0.037037037037037035
7 0.7312500000000001 0.5467592592592593 0.01875 0.09907407407407408
6 0.7359375 0.5745370370370371 0.042708333333333334 0.08796296296296297
