7 0.06692708333333333 0.6212962962962962 0.049479166666666664 0.1962962962962963
9 0.19114583333333332 0.6712962962962963 0.08125 0.25
7 0.09583333333333334 0.6166666666666666 0.020833333333333332 0.17037037037037037
7 0.12291666666666666 0.6388888888888888 0.041666666666666664 0.18518518518518517
9 0.40338541666666666 0.7550925925925926 0.21822916666666667 0.4861111111111111
7 0.3729166666666667 0.46249999999999997 0.10520833333333333 0.15648148148148147
3 0.6135416666666667 0.7777777777777778 0.20104166666666667 0.34074074074074073
3 0.7588541666666666 0.6907407407407408 0.12291666666666666 0.14814814814814814
3 0.86015625 0.7925925925925925 0.2796875 0.4148148148148148
7 0.24427083333333333 0.6138888888888888 0.022916666666666665 0.12407407407407407
