3 0.509375 0.40648148148148144 0.053125 0.1
0 0.48046875 0.4050925925925926 0.0140625 0.03796296296296296
0 0.4609375 0.4078703703703704 0.013541666666666667 0.026851851851851852
0 0.5403645833333334 0.4 0.0140625 0.03518518518518519
9 0.16875 0.5111111111111111 0.1 0.23148148148148148
9 0.7283854166666667 0.3958333333333333 0.0453125 0.08425925925925926
9 0.05286458333333333 0.5671296296296297 0.10260416666666666 0.33425925925925926
9 0.7760416666666666 0.39537037037037037 0.042708333333333334 0.11296296296296296
9 0.4328125 0.42592592592592593 0.040625 0.08703703703703704
9 0.6239583333333334 0.39722222222222225 0.017708333333333333 0.05
1 0.9036458333333334 0.4666666666666667 0.06458333333333334 0.20185185185185187
6 0.5859375 0.4134259259259259 0.014583333333333334 0.04351851851851852
7 0.19557291666666668 0.4449074074074074 0.03697916666666667 0.13055555555555556
7 0.3919270833333333 0.4305555555555556 0.019270833333333334 0.07592592592592592
7 0.58515625 0.39583333333333337 0.015104166666666667 0.04537037037037037
7 0.7325520833333333 0.3851851851851852 0.0171875 0.06851851851851852
7 0.05364583333333334 0.4888888888888889 0.05625 0.22962962962962963
7 0.9033854166666666 0.3995370370370371 0.07135416666666666 0.22870370370370371
7 0.9877604166666667 0.40509259259259256 0.0234375 0.175
7 0.7875000000000001 0.39351851851851855 0.021875 0.10925925925925926
7 0.6270833333333333 0.3907407407407408 0.011458333333333333 0.04259259259259259
