6 0.6065104166666667 0.5393518518518519 0.0234375 0.06388888888888888
0 0.35260416666666666 0.549537037037037 0.08541666666666667 0.2212962962962963
0 0.4453125 0.6101851851851852 0.16041666666666668 0.37037037037037035
7 0.9299479166666667 0.5555555555555556 0.11510416666666666 0.34814814814814815
6 0.9260416666666668 0.638425925925926 0.146875 0.32314814814814813
7 0.7486979166666667 0.4986111111111111 0.0140625 0.06388888888888888
9 0.7403645833333333 0.5078703703703703 0.03177083333333333 0.07314814814814814
7 0.6062500000000001 0.5171296296296296 0.022916666666666665 0.08055555555555556
7 0.7375 0.4949074074074074 0.015625 0.062037037037037036
0 0.0984375 0.6888888888888889 0.196875 0.3962962962962963
0 0.65625 0.513425925925926 0.027083333333333334 0.06759259259259259
