3 0.4770833333333333 0.6319444444444444 0.03958333333333333 0.06574074074074074
9 0.3419270833333333 0.6606481481481481 0.05260416666666667 0.13055555555555556
9 0.41354166666666664 0.6685185185185185 0.06458333333333334 0.17777777777777778
6 0.94921875 0.8476851851851852 0.1015625 0.23055555555555557
2 0.1234375 0.5888888888888889 0.15 0.26296296296296295
2 0.24817708333333333 0.5912037037037037 0.09322916666666667 0.2064814814814815
7 0.23489583333333333 0.6560185185185186 0.025 0.1175925925925926
3 0.51171875 0.6324074074074074 0.0171875 0.022222222222222223
2 0.5963541666666667 0.6189814814814815 0.034375 0.06574074074074074
7 0.9718749999999999 0.6481481481481481 0.05520833333333333 0.15925925925925927
2 0.028385416666666666 0.5509259259259259 0.05677083333333333 0.35
