7 0.64296875 0.5078703703703704 0.0359375 0.2064814814814815
7 0.6015625 0.5513888888888889 0.029166666666666667 0.1824074074074074
7 0.6231770833333333 0.5037037037037037 0.03802083333333333 0.21851851851851853
7 0.11822916666666666 0.5981481481481481 0.07291666666666667 0.26296296296296295
7 0.23229166666666667 0.5712962962962963 0.04791666666666667 0.13333333333333333
2 0.31953125000000004 0.4912037037037037 0.13177083333333334 0.33611111111111114
2 0.4752604166666667 0.42268518518518516 0.2359375 0.5120370370370371
6 0.13151041666666669 0.6935185185185185 0.1015625 0.2074074074074074
6 0.22890625 0.6226851851851852 0.0546875 0.12314814814814815
0 0.05911458333333333 0.6925925925925926 0.11822916666666666 0.6148148148148148
