2 0.043229166666666666 0.5935185185185186 0.08645833333333333 0.29259259259259257
9 0.153125 0.6268518518518519 0.06354166666666666 0.10185185185185185
9 0.18203125 0.6134259259259259 0.0421875 0.10092592592592593
7 0.3065104166666667 0.6032407407407407 0.0265625 0.08611111111111111
7 0.34713541666666664 0.5921296296296297 0.0203125 0.07314814814814814
6 0.30807291666666664 0.6222222222222222 0.0296875 0.08333333333333333
6 0.346875 0.6087962962962963 0.026041666666666668 0.06574074074074074
9 0.2807291666666667 0.6078703703703704 0.040625 0.09907407407407408
7 0.709375 0.5615740740740741 0.022916666666666665 0.08425925925925926
9 0.7033854166666667 0.5717592592592592 0.044270833333333336 0.08611111111111111
2 0.28776041666666663 0.5680555555555555 0.0671875 0.11574074074074074
8 0.43828125 0.5726851851851852 0.0265625 0.06018518518518518
11 0.4083333333333333 0.562037037037037 0.04583333333333333 0.10740740740740741
