3 0.5067708333333334 0.41574074074074074 0.026041666666666668 0.04259259259259259
3 0.5302083333333333 0.4194444444444444 0.03229166666666667 0.044444444444444446
9 0.47968750000000004 0.4217592592592593 0.016666666666666666 0.04351851851851852
1 0.42109375 0.45787037037037037 0.0171875 0.05648148148148148
1 0.440625 0.43148148148148147 0.00625 0.020370370370370372
6 0.3020833333333333 0.7314814814814815 0.17916666666666667 0.5148148148148148
7 0.42213541666666665 0.4324074074074074 0.0234375 0.08888888888888889
7 0.43984375000000003 0.4185185185185185 0.0109375 0.040740740740740744
7 0.3424479166666667 0.5652777777777778 0.09010416666666667 0.49907407407407406
7 0.28567708333333336 0.5449074074074074 0.17239583333333333 0.549074074074074
7 0.4825520833333333 0.41666666666666663 0.0078125 0.03888888888888889
