7 0.18411458333333333 0.6513888888888888 0.0296875 0.10648148148148148
7 0.16614583333333333 0.6555555555555556 0.022916666666666665 0.1
7 0.14270833333333333 0.6277777777777778 0.019791666666666666 0.04259259259259259
7 0.040625 0.6574074074074074 0.01875 0.07592592592592592
7 0.05651041666666667 0.6574074074074073 0.013020833333333334 0.06851851851851852
7 0.06510416666666667 0.662962962962963 0.029166666666666667 0.07777777777777778
7 0.11848958333333333 0.6263888888888889 0.0171875 0.041666666666666664
7 0.21067708333333332 0.6166666666666667 0.013020833333333334 0.03888888888888889
9 0.19244791666666666 0.6388888888888888 0.05260416666666667 0.08148148148148149
9 0.020572916666666666 0.7055555555555556 0.04114583333333333 0.1574074074074074
9 0.08203125 0.6865740740740741 0.06822916666666666 0.14351851851851852
6 0.11692708333333333 0.6916666666666668 0.0203125 0.05925925925925926
6 0.13645833333333332 0.6805555555555556 0.027083333333333334 0.05185185185185185
3 0.3190104166666667 0.7087962962962964 0.23177083333333334 0.3416666666666667
3 0.4002604166666667 0.5833333333333333 0.0421875 0.08333333333333333
3 0.4114583333333333 0.5671296296296297 0.014583333333333334 0.041666666666666664
2 0.3828125 0.5291666666666667 0.035416666666666666 0.03425925925925926
7 0.7455729166666666 0.48518518518518516 0.028645833333333332 0.07777777777777778
7 0.65859375 0.5097222222222222 0.0171875 0.06574074074074074
7 0.6864583333333334 0.5074074074074074 0.01875 0.05555555555555555
7 0.7669270833333334 0.475462962962963 0.016145833333333335 0.04351851851851852
3 0.8614583333333333 0.6449074074074075 0.27708333333333335 0.4824074074074074
9 0.6518229166666667 0.5268518518518519 0.03802083333333333 0.08148148148148149
9 0.68359375 0.5217592592592593 0.0296875 0.0787037037037037
9 0.73359375 0.5189814814814815 0.049479166666666664 0.12314814814814815
0 0.60078125 0.5439814814814815 0.05677083333333333 0.12129629629629629
3 0.5203125 0.5583333333333333 0.06041666666666667 0.07962962962962963
2 0.48984374999999997 0.5231481481481481 0.058854166666666666 0.12222222222222222
