4 0.19505208333333332 0.6995370370370371 0.0734375 0.15648148148148147
9 0.04348958333333333 0.7356481481481482 0.08697916666666666 0.16018518518518518
7 0.04791666666666666 0.7004629629629631 0.023958333333333335 0.07685185185185185
7 0.11171874999999999 0.7087962962962964 0.0265625 0.1287037037037037
9 0.09296874999999999 0.7157407407407407 0.08385416666666666 0.12407407407407407
9 0.12552083333333333 0.7166666666666667 0.08020833333333334 0.08703703703703704
7 0.25390625 0.6537037037037038 0.028645833333333332 0.07962962962962963
6 0.25 0.6833333333333333 0.025 0.06111111111111111
2 0.7640625 0.45462962962962966 0.39791666666666664 0.5296296296296297
3 0.38020833333333337 0.7185185185185186 0.2125 0.32222222222222224
2 0.4200520833333333 0.549537037037037 0.03697916666666667 0.032407407407407406
