0 0.05286458333333333 0.6935185185185184 0.0828125 0.19074074074074074
0 0.14296875 0.7027777777777777 0.1203125 0.23148148148148148
0 0.23255208333333335 0.6708333333333333 0.06614583333333333 0.12129629629629629
7 0.27239583333333334 0.6273148148148148 0.011458333333333333 0.049074074074074076
3 0.36822916666666666 0.6972222222222223 0.16979166666666667 0.24814814814814815
2 0.4080729166666667 0.5597222222222222 0.050520833333333334 0.08055555555555556
7 0.7468750000000001 0.5708333333333333 0.01875 0.11574074074074074
7 0.7330729166666666 0.5583333333333333 0.019270833333333334 0.07777777777777778
9 0.7359375 0.5824074074074074 0.057291666666666664 0.12962962962962962
0 0.7765624999999999 0.5740740740740741 0.04479166666666667 0.09814814814814815
7 0.8450520833333334 0.5597222222222222 0.0390625 0.13425925925925927
7 0.821875 0.5504629629629629 0.026041666666666668 0.09907407407407408
9 0.8361979166666668 0.5879629629629629 0.0921875 0.15925925925925927
7 0.9442708333333334 0.5393518518518519 0.030208333333333334 0.11203703703703703
3 0.23515625 0.6703703703703704 0.06822916666666666 0.1259259259259259
