2 0.08046875 0.4194444444444444 0.1609375 0.5851851851851851
3 0.23854166666666665 0.6578703703703703 0.43854166666666666 0.6305555555555555
7 0.45234375 0.5310185185185186 0.019270833333333334 0.12685185185185185
7 0.6239583333333333 0.5601851851851851 0.028125 0.13703703703703704
3 0.53125 0.5648148148148148 0.08333333333333333 0.12222222222222222
3 0.5703125 0.5462962962962963 0.06354166666666666 0.11851851851851852
7 0.7098958333333334 0.5726851851851852 0.021875 0.13425925925925927
9 0.6796875 0.549074074074074 0.035416666666666666 0.1037037037037037
7 0.6447916666666667 0.5509259259259259 0.013541666666666667 0.08703703703703704
9 0.6588541666666667 0.549537037037037 0.021875 0.09722222222222222
2 0.5880208333333333 0.5111111111111111 0.10416666666666667 0.17037037037037037
2 0.8578125 0.48518518518518516 0.284375 0.5981481481481481
