3 0.23020833333333332 0.4574074074074074 0.11458333333333333 0.15185185185185185
9 0.02734375 0.45092592592592595 0.0546875 0.11481481481481481
3 0.30494791666666665 0.42407407407407405 0.025520833333333333 0.044444444444444446
7 0.32395833333333335 0.4231481481481481 0.015625 0.05185185185185185
6 0.3247395833333333 0.4453703703703704 0.016145833333333335 0.02962962962962963
3 0.8528645833333333 0.4555555555555556 0.21614583333333334 0.17962962962962964
7 0.6942708333333333 0.42083333333333334 0.0125 0.04537037037037037
9 0.6859375 0.4393518518518519 0.030208333333333334 0.058333333333333334
7 0.7291666666666666 0.42777777777777776 0.013541666666666667 0.05185185185185185
9 0.7197916666666667 0.4384259259259259 0.03125 0.062037037037037036
9 0.6140625000000001 0.4337962962962963 0.026041666666666668 0.05277777777777778
6 0.35963541666666665 0.42685185185185187 0.016145833333333335 0.027777777777777776
