3 0.41562499999999997 0.6773148148148148 0.11770833333333333 0.17685185185185184
7 0.09401041666666667 0.7027777777777777 0.04114583333333333 0.11481481481481481
7 0.14140624999999998 0.5949074074074074 0.0265625 0.11388888888888889
6 0.26171875 0.6643518518518519 0.0296875 0.06388888888888888
7 0.22604166666666667 0.5828703703703704 0.016666666666666666 0.05462962962962963
7 0.09895833333333333 0.5962962962962962 0.040625 0.08333333333333333
7 0.0625 0.6046296296296296 0.030208333333333334 0.09074074074074075
7 0.26484375 0.6032407407407407 0.03177083333333333 0.06018518518518518
7 0.48098958333333336 0.6087962962962963 0.013020833333333334 0.06944444444444445
7 0.49973958333333335 0.6074074074074074 0.013020833333333334 0.06296296296296296
9 0.8489583333333334 0.674074074074074 0.07083333333333333 0.14444444444444443
1 0.08958333333333333 0.7152777777777777 0.046875 0.1935185185185185
