3 0.2846354166666667 0.6416666666666667 0.12135416666666667 0.1425925925925926
3 0.5104166666666667 0.6009259259259259 0.140625 0.2722222222222222
0 0.3916666666666667 0.624537037037037 0.07708333333333334 0.16203703703703703
0 0.23046875 0.6273148148148149 0.0546875 0.11388888888888889
9 0.03723958333333333 0.6851851851851851 0.0734375 0.11851851851851852
9 0.17057291666666666 0.6351851851851852 0.044270833333333336 0.09259259259259259
6 0.34869791666666666 0.6185185185185185 0.0171875 0.04814814814814815
7 0.05130208333333333 0.6310185185185185 0.033854166666666664 0.10462962962962963
7 0.13619791666666667 0.6171296296296296 0.0140625 0.075
7 0.35078125000000004 0.5976851851851852 0.013020833333333334 0.058333333333333334
7 0.17473958333333334 0.6097222222222223 0.0171875 0.062037037037037036
7 0.15859375 0.6162037037037037 0.0171875 0.0787037037037037
7 0.11979166666666667 0.6226851851851852 0.020833333333333332 0.08425925925925926
