7 0.9692708333333334 0.5814814814814815 0.06145833333333333 0.25555555555555554
7 0.76484375 0.5203703703703704 0.0265625 0.12407407407407407
7 0.9169270833333333 0.5351851851851852 0.0203125 0.1537037037037037
7 0.9208333333333333 0.5476851851851852 0.015625 0.13425925925925927
3 0.23229166666666667 0.6518518518518519 0.46458333333333335 0.6962962962962963
2 0.63515625 0.42083333333333334 0.0890625 0.062037037037037036
0 0.8361979166666667 0.5509259259259259 0.09635416666666667 0.19444444444444445
9 0.7588541666666666 0.5375 0.04791666666666667 0.14907407407407408
9 0.9572916666666667 0.5476851851851852 0.08541666666666667 0.1935185185185185
3 0.6846354166666667 0.5976851851851852 0.19010416666666666 0.25092592592592594
11 0.46015625000000004 0.4976851851851852 0.0578125 0.16574074074074074
