9 0.49114583333333334 0.5796296296296296 0.171875 0.4703703703703704
2 0.47682291666666665 0.38888888888888884 0.22760416666666666 0.20555555555555555
9 0.8135416666666667 0.4907407407407407 0.07291666666666667 0.2740740740740741
0 0.6283854166666667 0.47175925925925927 0.04739583333333333 0.09907407407407408
9 0.3901041666666667 0.5333333333333333 0.071875 0.26296296296296295
9 0.1546875 0.5833333333333334 0.21145833333333333 0.2
0 0.5671875 0.48287037037037034 0.042708333333333334 0.09722222222222222
9 0.9213541666666666 0.4828703703703704 0.15729166666666666 0.3712962962962963
9 0.328125 0.5782407407407407 0.13229166666666667 0.36018518518518516
7 0.6940104166666667 0.49027777777777776 0.04114583333333333 0.19722222222222222
7 0.9625 0.43703703703703706 0.06458333333333334 0.3388888888888889
7 0.7419270833333332 0.48564814814814816 0.03697916666666667 0.1824074074074074
9 0.7421875 0.5185185185185185 0.07083333333333333 0.12407407407407407
