3 0.42604166666666665 0.7175925925925926 0.22083333333333333 0.3425925925925926
7 0.04583333333333334 0.6703703703703704 0.017708333333333333 0.11296296296296296
7 0.06432291666666667 0.6699074074074074 0.0171875 0.11018518518518519
9 0.0796875 0.6865740740740741 0.04479166666666667 0.07314814814814814
7 0.11666666666666667 0.662962962962963 0.0125 0.09259259259259259
9 0.13854166666666667 0.701851851851852 0.0625 0.07962962962962963
6 0.21380208333333334 0.6939814814814814 0.019270833333333334 0.049074074074074076
7 0.21666666666666667 0.6481481481481481 0.016666666666666666 0.07222222222222222
9 0.24192708333333335 0.6638888888888889 0.049479166666666664 0.12222222222222222
9 0.2752604166666667 0.6523148148148149 0.0296875 0.10277777777777777
9 0.31484375 0.6458333333333334 0.03177083333333333 0.10462962962962963
7 0.1796875 0.6430555555555555 0.019791666666666666 0.08981481481481482
