7 0.1 0.5254629629629629 0.052083333333333336 0.20277777777777778
6 0.10442708333333334 0.5842592592592593 0.07447916666666667 0.17777777777777778
3 0.19765625 0.49074074074074076 0.021354166666666667 0.02962962962962963
7 0.15520833333333334 0.4921296296296296 0.009375 0.041666666666666664
9 0.22838541666666667 0.49953703703703706 0.018229166666666668 0.04537037037037037
7 0.24817708333333333 0.5027777777777778 0.008854166666666666 0.04259259259259259
0 0.26979166666666665 0.5032407407407408 0.028125 0.04722222222222222
7 0.2942708333333333 0.49953703703703706 0.011458333333333333 0.03981481481481482
6 0.2942708333333333 0.5106481481481482 0.014583333333333334 0.026851851851851852
0 0.3182291666666667 0.5018518518518518 0.020833333333333332 0.040740740740740744
3 0.38177083333333334 0.5078703703703704 0.05416666666666667 0.06388888888888888
0 0.34765625 0.4981481481481481 0.016145833333333335 0.03333333333333333
7 0.4200520833333333 0.5074074074074074 0.0140625 0.06666666666666667
0 0.8479166666666667 0.5625 0.09791666666666667 0.1638888888888889
2 0.24661458333333333 0.4861111111111111 0.030729166666666665 0.07222222222222222
