3 0.8703125 0.5592592592592593 0.259375 0.21666666666666667
3 0.63125 0.5462962962962963 0.07604166666666666 0.07777777777777778
3 0.39348958333333334 0.5722222222222222 0.024479166666666666 0.05555555555555555
3 0.4182291666666667 0.5736111111111111 0.03229166666666667 0.05092592592592592
3 0.43906249999999997 0.5671296296296297 0.023958333333333335 0.03981481481481482
0 0.3252604166666667 0.5893518518518519 0.024479166666666666 0.05277777777777778
7 0.17395833333333333 0.6134259259259259 0.016666666666666666 0.058333333333333334
7 0.24296874999999998 0.6134259259259259 0.0296875 0.09907407407407408
6 0.24427083333333333 0.6407407407407407 0.03125 0.09074074074074075
7 0.08567708333333333 0.6277777777777778 0.016145833333333335 0.08518518518518518
7 0.024218749999999997 0.6518518518518519 0.028645833333333332 0.10185185185185185
7 0.09973958333333333 0.6319444444444445 0.0171875 0.07685185185185185
7 0.18958333333333333 0.6115740740740742 0.0125 0.05648148148148148
3 0.9455729166666667 0.4587962962962963 0.10885416666666667 0.11388888888888889
