3 0.37578125 0.8421296296296297 0.26927083333333335 0.31574074074074077
6 0.5497395833333334 0.7486111111111111 0.018229166666666668 0.08796296296296297
7 0.05208333333333333 0.6731481481481482 0.04479166666666667 0.09074074074074075
7 0.10885416666666667 0.7055555555555555 0.05416666666666667 0.12407407407407407
1 0.09296874999999999 0.8796296296296297 0.12760416666666666 0.15925925925925927
7 0.15130208333333334 0.6717592592592593 0.024479166666666666 0.06018518518518518
7 0.19739583333333333 0.7162037037037037 0.03333333333333333 0.14537037037037037
9 0.9708333333333333 0.8097222222222222 0.058333333333333334 0.14907407407407408
7 0.9591145833333333 0.787037037037037 0.0234375 0.07777777777777778
9 0.8895833333333333 0.7976851851851852 0.046875 0.1361111111111111
9 0.85625 0.7777777777777778 0.019791666666666666 0.07777777777777778
3 0.6395833333333333 0.736111111111111 0.023958333333333335 0.025925925925925925
