9 0.08880208333333332 0.6300925925925926 0.17552083333333332 0.44166666666666665
7 0.7494791666666667 0.5912037037037037 0.159375 0.44166666666666665
6 0.7356770833333334 0.7393518518518519 0.20677083333333332 0.3990740740740741
7 0.6872395833333332 0.5907407407407408 0.11510416666666666 0.40370370370370373
9 0.19973958333333333 0.5712962962962963 0.08802083333333334 0.23333333333333334
3 0.52109375 0.5467592592592593 0.10052083333333334 0.14166666666666666
9 0.26328125 0.5416666666666666 0.04010416666666667 0.11296296296296296
11 0.41458333333333336 0.5222222222222223 0.1125 0.2740740740740741
6 0.32317708333333334 0.5680555555555555 0.028645833333333332 0.08055555555555556
7 0.32421875 0.5324074074074074 0.027604166666666666 0.09814814814814815
