7 0.17005208333333335 0.662037037037037 0.019270833333333334 0.09814814814814815
7 0.10442708333333334 0.6861111111111111 0.019270833333333334 0.1
4 0.115625 0.6888888888888889 0.05416666666666667 0.08888888888888889
7 0.0796875 0.6976851851851852 0.019791666666666666 0.09166666666666666
7 0.2125 0.6550925925925927 0.017708333333333333 0.08796296296296297
7 0.18958333333333333 0.6625 0.016666666666666666 0.08796296296296297
3 0.271875 0.6777777777777777 0.08541666666666667 0.1648148148148148
7 0.5190104166666667 0.5745370370370371 0.030729166666666665 0.2657407407407407
3 0.3799479166666666 0.7023148148148148 0.1828125 0.2675925925925926
7 0.013020833333333332 0.6763888888888889 0.022916666666666665 0.08796296296296297
7 0.0375 0.6546296296296296 0.020833333333333332 0.05740740740740741
