7 0.07291666666666667 0.7319444444444445 0.09791666666666667 0.3490740740740741
7 0.40546875 0.7032407407407408 0.0484375 0.1787037037037037
7 0.4421875 0.6995370370370371 0.065625 0.18981481481481483
7 0.5596354166666667 0.6986111111111111 0.06927083333333334 0.19166666666666668
7 0.2713541666666667 0.6981481481481482 0.065625 0.12777777777777777
9 0.11796875 0.7902777777777777 0.2359375 0.4064814814814815
9 0.26484375 0.7356481481481482 0.14739583333333334 0.287962962962963
9 0.41640625 0.7361111111111112 0.11927083333333334 0.24444444444444444
9 0.5343749999999999 0.7787037037037037 0.13229166666666667 0.17407407407407408
9 0.6708333333333333 0.7592592592592593 0.121875 0.2351851851851852
9 0.7734375 0.713425925925926 0.04791666666666667 0.0824074074074074
9 0.7229166666666667 0.7111111111111111 0.041666666666666664 0.1111111111111111
9 0.8231770833333334 0.7379629629629629 0.05677083333333333 0.07037037037037037
9 0.884375 0.7374999999999999 0.041666666666666664 0.10092592592592593
