11 0.41770833333333335 0.5601851851851851 0.21458333333333332 0.4462962962962963
7 0.12395833333333334 0.6481481481481481 0.04479166666666667 0.15925925925925927
7 0.18385416666666665 0.6287037037037037 0.04895833333333333 0.12777777777777777
9 0.07447916666666667 0.6518518518518519 0.071875 0.13518518518518519
1 0.18098958333333331 0.6685185185185185 0.0765625 0.08703703703703704
3 0.309375 0.6208333333333333 0.071875 0.2324074074074074
2 0.55859375 0.5462962962962963 0.08697916666666666 0.18333333333333332
3 0.6244791666666667 0.5986111111111111 0.14270833333333333 0.12129629629629629
3 0.8041666666666667 0.549537037037037 0.046875 0.075
9 0.07109375 0.650462962962963 0.05572916666666667 0.13240740740740742
9 0.10911458333333332 0.6444444444444445 0.034895833333333334 0.14074074074074075
9 0.14635416666666665 0.6444444444444445 0.0375 0.15185185185185185
9 0.21666666666666667 0.6375000000000001 0.03854166666666667 0.1175925925925926
9 0.26875 0.625925925925926 0.03333333333333333 0.11481481481481481
