9 0.2872395833333333 0.6050925925925926 0.0390625 0.11018518518518519
9 0.2578125 0.6064814814814814 0.022916666666666665 0.04259259259259259
3 0.3609375 0.6000000000000001 0.05 0.07407407407407407
3 0.4630208333333333 0.6078703703703704 0.08645833333333333 0.08796296296296297
7 0.11145833333333334 0.562037037037037 0.053125 0.1648148148148148
9 0.06276041666666667 0.7069444444444444 0.12552083333333333 0.44166666666666665
7 0.2776041666666667 0.5319444444444444 0.01875 0.028703703703703703
7 0.29583333333333334 0.5361111111111111 0.015625 0.024074074074074074
3 0.39088541666666665 0.587962962962963 0.025520833333333333 0.05
11 0.3606770833333333 0.5425925925925926 0.06510416666666667 0.02962962962962963
9 0.31197916666666664 0.5759259259259258 0.010416666666666666 0.04814814814814815
11 0.3182291666666667 0.5476851851851852 0.05 0.09537037037037037
7 0.2572916666666667 0.5666666666666667 0.011458333333333333 0.02962962962962963
9 0.2421875 0.5736111111111111 0.017708333333333333 0.03796296296296296
9 0.41875 0.5787037037037037 0.03125 0.053703703703703705
