9 0.40286458333333336 0.3819444444444445 0.044270833333333336 0.12685185185185185
9 0.32291666666666663 0.4273148148148148 0.10833333333333334 0.29907407407407405
9 0.9276041666666667 0.3976851851851852 0.14479166666666668 0.44351851851851853
9 0.7606770833333334 0.3143518518518518 0.12447916666666667 0.15648148148148147
9 0.6713541666666667 0.3277777777777778 0.05416666666666667 0.10555555555555556
9 0.5942708333333333 0.32083333333333336 0.03958333333333333 0.06574074074074074
6 0.4747395833333333 0.45092592592592595 0.06510416666666667 0.17777777777777778
7 0.6575520833333334 0.33564814814814814 0.0234375 0.09907407407407408
7 0.78203125 0.31574074074074077 0.06302083333333333 0.17037037037037037
7 0.06901041666666667 0.4282407407407407 0.05572916666666667 0.2361111111111111
7 0.7388020833333333 0.31712962962962965 0.043229166666666666 0.14907407407407408
7 0.6794270833333333 0.3310185185185185 0.0296875 0.11574074074074074
7 0.9619791666666667 0.3458333333333333 0.06458333333333334 0.30648148148148147
7 0.47109375000000003 0.38796296296296295 0.0640625 0.20185185185185187
7 0.91796875 0.3384259259259259 0.0859375 0.3101851851851852
7 0.59765625 0.31851851851851853 0.025520833333333333 0.05
