7 0.10598958333333333 0.6958333333333333 0.03802083333333333 0.08611111111111111
6 0.10520833333333333 0.7402777777777777 0.041666666666666664 0.10092592592592593
3 0.20338541666666665 0.6361111111111111 0.1234375 0.13333333333333333
2 0.04791666666666667 0.6657407407407407 0.09583333333333334 0.3925925925925926
3 0.2651041666666667 0.7847222222222222 0.33645833333333336 0.4305555555555556
3 0.20234375000000002 0.6291666666666667 0.1140625 0.10462962962962963
7 0.31588541666666664 0.14166666666666666 0.022395833333333334 0.06111111111111111
7 0.3375 0.13703703703703704 0.013541666666666667 0.06111111111111111
7 0.4236979166666667 0.1111111111111111 0.030729166666666665 0.08703703703703704
7 0.48046875 0.12777777777777777 0.024479166666666666 0.06296296296296296
7 0.6580729166666667 0.11018518518518519 0.016145833333333335 0.06851851851851852
7 0.6869791666666667 0.09907407407407406 0.017708333333333333 0.06296296296296296
7 0.7434895833333334 0.07222222222222222 0.022395833333333334 0.12222222222222222
7 0.7973958333333333 0.06342592592592593 0.027083333333333334 0.10462962962962963
