3 0.5020833333333333 0.7856481481481481 0.11354166666666667 0.1787037037037037
9 0.5963541666666666 0.7402777777777778 0.029166666666666667 0.07314814814814814
9 0.9575520833333333 0.7958333333333334 0.0515625 0.12314814814814815
6 0.8697916666666666 0.7925925925925926 0.029166666666666667 0.02962962962962963
9 0.796875 0.7569444444444444 0.020833333333333332 0.04722222222222222
9 0.0328125 0.7870370370370371 0.065625 0.37222222222222223
7 0.016666666666666666 0.6675925925925926 0.03125 0.1
7 0.125 0.7759259259259259 0.06458333333333334 0.37222222222222223
9 0.14427083333333335 0.8023148148148147 0.178125 0.38796296296296295
7 0.23697916666666666 0.6833333333333333 0.020833333333333332 0.07222222222222222
7 0.26614583333333336 0.6935185185185185 0.03125 0.09259259259259259
7 0.31276041666666665 0.6814814814814815 0.0484375 0.10740740740740741
1 0.2921875 0.8569444444444444 0.07291666666666667 0.22870370370370371
6 0.3609375 0.7680555555555555 0.03229166666666667 0.06574074074074074
7 0.36614583333333334 0.7106481481481481 0.023958333333333335 0.04537037037037037
9 0.39088541666666665 0.7222222222222222 0.0234375 0.06666666666666667
6 0.61875 0.7412037037037037 0.010416666666666666 0.03611111111111111
7 0.8697916666666667 0.7527777777777778 0.026041666666666668 0.04259259259259259
7 0.9651041666666667 0.7731481481481481 0.027083333333333334 0.08518518518518518
7 0.42942708333333335 0.7287037037037036 0.011979166666666667 0.06296296296296296
