7 0.21328125 0.5726851851851852 0.0203125 0.06574074074074074
7 0.24427083333333333 0.5657407407407408 0.014583333333333334 0.07037037037037037
9 0.021614583333333333 0.6337962962962963 0.043229166666666666 0.18796296296296297
4 0.046093749999999996 0.6277777777777778 0.0640625 0.11851851851851852
3 0.13984375 0.6032407407407407 0.12864583333333332 0.12129629629629629
9 0.31536458333333334 0.5666666666666667 0.04010416666666667 0.12222222222222222
7 0.23151041666666666 0.5625 0.0109375 0.049074074074074076
9 0.26276041666666666 0.562037037037037 0.025520833333333333 0.07222222222222222
0 0.290625 0.5634259259259259 0.03333333333333333 0.10092592592592593
2 0.6510416666666666 0.4736111111111111 0.228125 0.3212962962962963
3 0.403125 0.5861111111111111 0.15208333333333332 0.23333333333333334
