3 0.7403645833333333 0.7527777777777778 0.37864583333333335 0.3685185185185185
7 0.15911458333333334 0.6712962962962963 0.0171875 0.0962962962962963
7 0.07135416666666666 0.5337962962962963 0.134375 0.38425925925925924
7 0.17317708333333334 0.6356481481481482 0.009895833333333333 0.021296296296296296
7 0.20781249999999998 0.6462962962962963 0.022916666666666665 0.05185185185185185
6 0.2015625 0.7152777777777778 0.028125 0.09351851851851851
3 0.29947916666666663 0.7703703703703704 0.20625 0.3388888888888889
3 0.39999999999999997 0.6796296296296296 0.03958333333333333 0.1037037037037037
3 0.4760416666666667 0.7129629629629629 0.11666666666666667 0.17407407407407408
9 0.05182291666666667 0.7282407407407407 0.10364583333333334 0.5435185185185185
