11 0.134375 0.5333333333333333 0.2677083333333333 0.17777777777777778
7 0.325 0.5537037037037037 0.025 0.13148148148148148
9 0.4005208333333333 0.6101851851851852 0.134375 0.35185185185185186
3 0.7541666666666667 0.7199074074074074 0.49166666666666664 0.5601851851851852
2 0.82421875 0.337037037037037 0.3515625 0.32037037037037036
2 0.62109375 0.4865740740740741 0.06302083333333333 0.2064814814814815
2 0.5697916666666666 0.5009259259259259 0.04479166666666667 0.15
9 0.4625 0.5597222222222222 0.042708333333333334 0.2064814814814815
11 0.27057291666666666 0.5300925925925926 0.0484375 0.15833333333333333
11 0.30755208333333334 0.5319444444444444 0.04635416666666667 0.13425925925925927
6 0.49505208333333334 0.5453703703703704 0.013020833333333334 0.040740740740740744
