3 0.19557291666666665 0.7361111111111112 0.2109375 0.31851851851851853
3 0.38671875 0.6662037037037036 0.018229166666666668 0.03981481481481482
0 0.36614583333333334 0.6685185185185185 0.013541666666666667 0.03518518518518519
7 0.6114583333333333 0.700925925925926 0.009375 0.05555555555555555
7 0.013802083333333333 0.7337962962962963 0.027604166666666666 0.10648148148148148
9 0.01640625 0.6462962962962963 0.0328125 0.06851851851851852
7 0.6010416666666667 0.7023148148148148 0.010416666666666666 0.05648148148148148
9 0.8755208333333333 0.7407407407407407 0.09166666666666666 0.1648148148148148
7 0.8994791666666666 0.7101851851851851 0.019791666666666666 0.08333333333333333
7 0.87734375 0.6986111111111112 0.0234375 0.062037037037037036
9 0.946875 0.7671296296296297 0.04895833333333333 0.05648148148148148
11 0.07473958333333333 0.662037037037037 0.08072916666666667 0.14814814814814814
