0 0.052864583333333326 0.6037037037037037 0.06822916666666666 0.14629629629629629
0 0.10130208333333333 0.5976851851851852 0.0265625 0.11388888888888889
11 0.12265625 0.5652777777777778 0.05677083333333333 0.0824074074074074
11 0.20260416666666664 0.5407407407407407 0.10208333333333333 0.1425925925925926
9 0.16874999999999998 0.5773148148148148 0.036458333333333336 0.09722222222222222
0 0.3364583333333333 0.5717592592592592 0.05520833333333333 0.11574074074074074
3 0.44895833333333335 0.5416666666666667 0.025 0.044444444444444446
3 0.79296875 0.5138888888888888 0.4140625 0.6222222222222222
9 0.032552083333333336 0.7083333333333334 0.06510416666666667 0.15185185185185185
6 0.37109375 0.5620370370370371 0.015104166666666667 0.03333333333333333
