3 0.7052083333333333 0.5449074074074074 0.05520833333333333 0.06574074074074074
3 0.5236979166666667 0.5916666666666666 0.0921875 0.15555555555555556
3 0.21302083333333333 0.701851851851852 0.2864583333333333 0.31851851851851853
2 0.8484375 0.4717592592592592 0.23958333333333334 0.23055555555555557
2 0.42578125 0.549074074074074 0.0921875 0.17962962962962964
2 0.265625 0.5435185185185185 0.15 0.17222222222222222
11 0.6395833333333333 0.538888888888889 0.04479166666666667 0.08148148148148149
9 0.0375 0.6453703703703704 0.04479166666666667 0.09074074074074075
9 0.014583333333333334 0.6527777777777778 0.029166666666666667 0.10740740740740741
7 0.36666666666666664 0.5986111111111111 0.019791666666666666 0.08981481481481482
7 0.014583333333333334 0.6462962962962964 0.017708333333333333 0.08518518518518518
7 0.05364583333333334 0.6194444444444444 0.013541666666666667 0.04259259259259259
7 0.04635416666666667 0.6185185185185186 0.010416666666666666 0.03333333333333333
