3 0.5078125 0.5833333333333334 0.078125 0.13148148148148148
2 0.7401041666666667 0.4865740740740741 0.18645833333333334 0.24722222222222223
2 0.27890625 0.5527777777777778 0.22760416666666666 0.34629629629629627
2 0.9054687499999999 0.46018518518518514 0.18802083333333333 0.2814814814814815
6 0.12473958333333333 0.6291666666666667 0.0265625 0.04537037037037037
6 0.4028645833333333 0.6060185185185185 0.025520833333333333 0.06388888888888888
6 0.159375 0.6310185185185184 0.020833333333333332 0.05092592592592592
7 0.03984375 0.6263888888888889 0.030729166666666665 0.12685185185185185
7 0.15885416666666666 0.6101851851851852 0.017708333333333333 0.06296296296296296
7 0.403125 0.5791666666666667 0.025 0.08425925925925926
