9 0.08098958333333334 0.724537037037037 0.16197916666666667 0.4898148148148148
0 0.5268229166666667 0.7115740740740741 0.15052083333333333 0.3175925925925926
7 0.7078125000000001 0.7 0.07291666666666667 0.26481481481481484
9 0.3984375 0.6902777777777778 0.05 0.11944444444444445
9 0.8122395833333333 0.7055555555555556 0.059895833333333336 0.13703703703703704
6 0.30078125 0.8699074074074074 0.09322916666666667 0.2601851851851852
7 0.3122395833333333 0.6958333333333333 0.10989583333333333 0.35462962962962963
9 0.24375000000000002 0.6731481481481482 0.041666666666666664 0.2537037037037037
2 0.37265625 0.6263888888888889 0.0390625 0.13240740740740742
2 0.44453125 0.638888888888889 0.034895833333333334 0.07962962962962963
2 0.42213541666666665 0.6305555555555555 0.0140625 0.046296296296296294
11 0.8651041666666667 0.6884259259259259 0.05625 0.10092592592592593
2 0.20104166666666667 0.611574074074074 0.184375 0.275
