7 0.09036458333333333 0.6356481481481482 0.0234375 0.11388888888888889
9 0.9322916666666667 0.6333333333333333 0.07291666666666667 0.1111111111111111
0 0.4583333333333333 0.6157407407407407 0.021875 0.05555555555555555
0 0.29661458333333335 0.6814814814814816 0.14010416666666667 0.2833333333333333
6 0.7283854166666667 0.6416666666666666 0.028645833333333332 0.07777777777777778
7 0.196875 0.6263888888888889 0.014583333333333334 0.062037037037037036
7 0.4356770833333333 0.6101851851851852 0.013020833333333334 0.03148148148148148
9 0.8895833333333333 0.625462962962963 0.035416666666666666 0.09907407407407408
6 0.4361979166666667 0.6361111111111111 0.011979166666666667 0.04259259259259259
7 0.7278645833333334 0.6199074074074075 0.0234375 0.0824074074074074
2 0.38229166666666664 0.5564814814814815 0.08229166666666667 0.15925925925925927
0 0.4083333333333333 0.6324074074074074 0.04895833333333333 0.10740740740740741
11 0.05286458333333333 0.712037037037037 0.10572916666666667 0.5611111111111111
0 0.7453125 0.6125 0.027083333333333334 0.06759259259259259
7 0.9596354166666667 0.4986111111111111 0.08072916666666667 0.31574074074074077
