3 0.44609375 0.8268518518518518 0.2734375 0.34629629629629627
7 0.7294270833333334 0.7712962962962963 0.050520833333333334 0.2814814814814815
9 0.16328125 0.825462962962963 0.1171875 0.175
0 0.25546875 0.6675925925925926 0.0390625 0.10185185185185185
11 0.3078125 0.6300925925925925 0.041666666666666664 0.08425925925925926
7 0.15338541666666666 0.6597222222222222 0.05364583333333333 0.14537037037037037
7 0.7942708333333334 0.7685185185185185 0.05416666666666667 0.2962962962962963
7 0.85390625 0.7 0.050520833333333334 0.1425925925925926
7 0.9192708333333333 0.7944444444444445 0.16145833333333334 0.4111111111111111
6 0.9018229166666666 0.9 0.19635416666666666 0.2
7 0.012760416666666666 0.6509259259259259 0.025520833333333333 0.08888888888888889
7 0.03515625 0.6694444444444444 0.019270833333333334 0.09259259259259259
9 0.12552083333333333 0.6444444444444445 0.019791666666666666 0.053703703703703705
6 0.012760416666666666 0.7342592592592593 0.025520833333333333 0.12222222222222222
