7 0.01640625 0.5796296296296296 0.0328125 0.20555555555555555
7 0.8002604166666667 0.6180555555555556 0.21510416666666668 0.7638888888888888
7 0.6778645833333333 0.6527777777777778 0.12135416666666667 0.6944444444444444
7 0.5955729166666667 0.6601851851851852 0.18072916666666666 0.6796296296296296
9 0.013541666666666667 0.612962962962963 0.027083333333333334 0.16111111111111112
9 0.03125 0.5222222222222223 0.06041666666666667 0.12962962962962962
9 0.17161458333333335 0.5180555555555555 0.04739583333333333 0.125
0 0.10052083333333334 0.5185185185185185 0.05625 0.09259259259259259
0 0.14557291666666666 0.5148148148148148 0.025520833333333333 0.07592592592592592
9 0.33880208333333334 0.49398148148148147 0.021354166666666667 0.05462962962962963
3 0.40963541666666664 0.48703703703703705 0.025520833333333333 0.040740740740740744
0 0.37630208333333337 0.4888888888888889 0.0171875 0.03333333333333333
6 0.36432291666666666 0.4967592592592593 0.0109375 0.032407407407407406
