3 0.7502604166666667 0.8004629629629629 0.3609375 0.3768518518518518
2 0.15 0.5833333333333333 0.17708333333333334 0.35
2 0.4239583333333333 0.587037037037037 0.14270833333333333 0.3333333333333333
11 0.5809895833333333 0.6680555555555556 0.1296875 0.19907407407407407
9 0.4575520833333333 0.7708333333333333 0.17864583333333334 0.4546296296296296
9 0.26875 0.6805555555555556 0.08333333333333333 0.2462962962962963
9 0.21041666666666667 0.6907407407407407 0.07708333333333334 0.2222222222222222
6 0.16484374999999998 0.7777777777777778 0.07552083333333333 0.16666666666666666
7 0.18072916666666666 0.7273148148148149 0.06979166666666667 0.2675925925925926
7 0.328125 0.662962962962963 0.040625 0.0962962962962963
6 0.32291666666666663 0.7194444444444446 0.03958333333333333 0.09444444444444444
2 0.04140625 0.5708333333333333 0.0828125 0.3712962962962963
