3 0.4434895833333334 0.4712962962962963 0.024479166666666666 0.02962962962962963
7 0.16197916666666667 0.5009259259259259 0.0125 0.05
7 0.19166666666666668 0.4986111111111111 0.013541666666666667 0.06759259259259259
7 0.3963541666666667 0.4837962962962963 0.020833333333333332 0.06944444444444445
6 0.3971354166666667 0.5050925925925925 0.021354166666666667 0.06018518518518518
3 0.7127604166666667 0.4814814814814815 0.0921875 0.09074074074074075
7 0.23880208333333333 0.4962962962962963 0.009895833333333333 0.03888888888888889
7 0.9265625 0.48379629629629634 0.0875 0.24166666666666667
6 0.9296875 0.5402777777777777 0.13645833333333332 0.2490740740740741
7 0.12265625 0.5050925925925926 0.018229166666666668 0.0824074074074074
9 0.47109375000000003 0.47962962962962963 0.024479166666666666 0.06666666666666667
7 0.07109375 0.5087962962962963 0.025520833333333333 0.09907407407407408
9 0.04583333333333333 0.5513888888888889 0.08645833333333333 0.20092592592592592
3 0.5604166666666667 0.4787037037037037 0.041666666666666664 0.05185185185185185
11 0.8161458333333333 0.44999999999999996 0.06770833333333333 0.10555555555555556
11 0.6169270833333333 0.4634259259259259 0.07864583333333333 0.1527777777777778
9 0.15598958333333332 0.5171296296296296 0.028645833333333332 0.03611111111111111
