9 0.15703125 0.587037037037037 0.04010416666666667 0.1037037037037037
9 0.20182291666666669 0.5898148148148148 0.050520833333333334 0.12407407407407407
7 0.2747395833333333 0.5587962962962963 0.025520833333333333 0.0824074074074074
6 0.27473958333333337 0.5912037037037037 0.0265625 0.07314814814814814
3 0.36432291666666666 0.586574074074074 0.15677083333333333 0.2490740740740741
3 0.46119791666666665 0.5282407407407408 0.025520833333333333 0.03796296296296296
7 0.51015625 0.525 0.015104166666666667 0.053703703703703705
11 0.590625 0.48564814814814816 0.12083333333333333 0.21203703703703702
7 0.7036458333333334 0.5083333333333333 0.021875 0.1
9 0.6875 0.5375 0.05625 0.08425925925925926
7 0.85 0.5333333333333333 0.04583333333333333 0.34629629629629627
7 0.9158854166666667 0.5509259259259259 0.09114583333333333 0.362962962962963
6 0.9153645833333333 0.6578703703703703 0.16927083333333334 0.33240740740740743
7 0.7875 0.4861111111111111 0.0125 0.06666666666666667
9 0.8140624999999999 0.5078703703703704 0.040625 0.14166666666666666
