7 0.23020833333333335 0.711574074074074 0.040625 0.1712962962962963
2 0.16875 0.612037037037037 0.29270833333333335 0.3648148148148148
9 0.35781250000000003 0.6939814814814814 0.036458333333333336 0.14166666666666666
9 0.3302083333333333 0.673611111111111 0.017708333333333333 0.075
7 0.6453125 0.687962962962963 0.013541666666666667 0.05555555555555555
2 0.7111979166666667 0.6634259259259259 0.10572916666666667 0.13796296296296295
1 0.8567708333333334 0.7851851851851852 0.03854166666666667 0.07592592592592592
2 0.82265625 0.6944444444444444 0.11510416666666666 0.19074074074074074
2 0.9411458333333333 0.6824074074074074 0.11770833333333333 0.2574074074074074
7 0.85 0.7259259259259259 0.040625 0.1037037037037037
0 0.3307291666666667 0.6689814814814815 0.01875 0.08425925925925926
