7 0.7049479166666667 0.5476851851851852 0.0390625 0.1287037037037037
7 0.009635416666666667 0.5902777777777777 0.019270833333333334 0.13796296296296295
9 0.22708333333333333 0.5689814814814815 0.05625 0.11388888888888889
7 0.9252604166666667 0.5203703703703704 0.034895833333333334 0.1259259259259259
9 0.45208333333333334 0.5550925925925926 0.04479166666666667 0.12685185185185185
3 0.3854166666666667 0.5569444444444445 0.06770833333333333 0.10277777777777777
3 0.8424479166666666 0.5981481481481481 0.2234375 0.19074074074074074
6 0.7023437499999999 0.5768518518518518 0.04739583333333333 0.1111111111111111
11 0.2989583333333333 0.5083333333333333 0.11875 0.2722222222222222
3 0.5463541666666667 0.5337962962962962 0.028125 0.04537037037037037
3 0.5825520833333333 0.5291666666666667 0.03697916666666667 0.05462962962962963
9 0.93125 0.5819444444444444 0.06145833333333333 0.11574074074074074
