7 0.14921875 0.6027777777777779 0.0203125 0.09444444444444444
11 0.6026041666666666 0.5361111111111111 0.19270833333333334 0.37962962962962965
9 0.37526041666666665 0.5671296296296297 0.04739583333333333 0.1361111111111111
7 0.46223958333333337 0.5194444444444445 0.0328125 0.05185185185185185
6 0.46458333333333335 0.5874999999999999 0.03333333333333333 0.10648148148148148
7 0.1953125 0.5810185185185185 0.029166666666666667 0.12685185185185185
9 0.3494791666666666 0.5574074074074074 0.030208333333333334 0.09814814814814815
6 0.41432291666666665 0.5523148148148148 0.0140625 0.04351851851851852
11 0.4520833333333333 0.524537037037037 0.06145833333333333 0.15092592592592594
3 0.7533854166666667 0.5643518518518519 0.1234375 0.2101851851851852
11 0.078125 0.5615740740740741 0.15625 0.875
2 0.3268229166666667 0.5175925925925926 0.0640625 0.15925925925925927
