3 0.47630208333333335 0.48611111111111116 0.15260416666666668 0.26851851851851855
0 0.033854166666666664 0.6333333333333333 0.06770833333333333 0.5055555555555555
9 0.6432291666666666 0.4486111111111111 0.027083333333333334 0.0712962962962963
9 0.3940104166666667 0.46805555555555556 0.024479166666666666 0.05648148148148148
9 0.6820312500000001 0.44907407407407407 0.0453125 0.10185185185185185
9 0.5453125000000001 0.4527777777777778 0.021875 0.10555555555555556
9 0.5872395833333334 0.4462962962962963 0.0234375 0.05
7 0.125 0.6365740740740741 0.08645833333333333 0.38981481481481484
7 0.6958333333333333 0.4398148148148148 0.022916666666666665 0.08888888888888889
7 0.6471354166666667 0.44351851851851853 0.018229166666666668 0.07407407407407407
