1 0.13828125 0.5643518518518519 0.06822916666666666 0.08796296296296297
7 0.203125 0.5592592592592592 0.019791666666666666 0.10925925925925926
7 0.22890625 0.5652777777777778 0.0203125 0.09907407407407408
7 0.2609375 0.5805555555555556 0.021875 0.0962962962962963
7 0.27708333333333335 0.5884259259259259 0.021875 0.10462962962962963
11 0.29921875 0.5805555555555556 0.05677083333333333 0.12037037037037036
7 0.35 0.5893518518518519 0.03333333333333333 0.10462962962962963
6 0.3513020833333333 0.6217592592592592 0.033854166666666664 0.09907407407407408
7 0.4135416666666667 0.6652777777777779 0.1375 0.4564814814814815
6 0.4135416666666667 0.8027777777777777 0.1375 0.39444444444444443
7 0.5158854166666667 0.6356481481481482 0.06197916666666667 0.22685185185185186
6 0.5169270833333334 0.7379629629629629 0.0609375 0.21481481481481482
7 0.56171875 0.6027777777777777 0.049479166666666664 0.18888888888888888
6 0.5609375000000001 0.699537037037037 0.04895833333333333 0.17314814814814813
0 0.6924479166666666 0.6740740740740742 0.17239583333333333 0.3148148148148148
3 0.8494791666666667 0.7041666666666666 0.190625 0.24351851851851852
