0 0.03567708333333333 0.6597222222222222 0.07135416666666666 0.4675925925925926
9 0.07526041666666666 0.5800925925925926 0.04635416666666667 0.11388888888888889
7 0.09296874999999999 0.5796296296296296 0.018229166666666668 0.10185185185185185
7 0.12005208333333334 0.5569444444444444 0.015104166666666667 0.06574074074074074
7 0.13776041666666666 0.5541666666666667 0.015104166666666667 0.062037037037037036
9 0.10390625 0.5740740740740741 0.044270833333333336 0.1
6 0.16041666666666665 0.5861111111111111 0.034375 0.05185185185185185
7 0.15312499999999998 0.5717592592592592 0.022916666666666665 0.08611111111111111
9 0.19088541666666664 0.5583333333333333 0.03177083333333333 0.07592592592592592
7 0.22005208333333334 0.5578703703703705 0.0171875 0.07685185185185185
11 0.34401041666666665 0.46064814814814814 0.2078125 0.5027777777777778
4 0.44895833333333335 0.5222222222222223 0.022916666666666665 0.07037037037037037
3 0.8565104166666667 0.5597222222222222 0.2328125 0.42685185185185187
