3 0.7348958333333333 0.7958333333333333 0.28541666666666665 0.35462962962962963
3 0.36484375 0.799074074074074 0.3380208333333333 0.37222222222222223
9 0.06067708333333333 0.7481481481481481 0.1171875 0.35185185185185186
0 0.9393229166666667 0.7601851851851852 0.12135416666666667 0.47962962962962963
7 0.171875 0.7203703703703703 0.07916666666666666 0.29259259259259257
2 0.03854166666666667 0.5013888888888889 0.07708333333333334 0.1935185185185185
2 0.21171875 0.5356481481481481 0.21822916666666667 0.175
2 0.34895833333333337 0.5625 0.05416666666666667 0.07314814814814814
2 0.4330729166666667 0.5601851851851851 0.09322916666666667 0.07777777777777778
9 0.55 0.7148148148148149 0.07291666666666667 0.20185185185185187
