3 0.1015625 0.6314814814814814 0.203125 0.2462962962962963
3 0.21380208333333334 0.7597222222222223 0.4276041666666667 0.48055555555555557
3 0.9356770833333333 0.6370370370370371 0.12864583333333332 0.6
3 0.7346354166666667 0.6189814814814815 0.16302083333333334 0.2898148148148148
7 0.14322916666666666 0.3351851851851852 0.013541666666666667 0.07592592592592592
7 0.159375 0.3361111111111111 0.015625 0.07407407407407407
7 0.22213541666666667 0.3212962962962963 0.018229166666666668 0.06111111111111111
7 0.25026041666666665 0.33287037037037037 0.016145833333333335 0.05462962962962963
7 0.27786458333333336 0.3208333333333333 0.0171875 0.06944444444444445
7 0.2942708333333333 0.3212962962962963 0.013541666666666667 0.06111111111111111
7 0.33072916666666663 0.3208333333333333 0.0125 0.05648148148148148
7 0.3723958333333333 0.30787037037037035 0.021875 0.06944444444444445
7 0.4635416666666667 0.29027777777777775 0.019791666666666666 0.075
7 0.58984375 0.2791666666666667 0.0171875 0.05648148148148148
7 0.4953125 0.28935185185185186 0.021875 0.06388888888888888
