7 0.022656250000000003 0.6291666666666667 0.0421875 0.16574074074074074
7 0.8638020833333333 0.5240740740740741 0.04739583333333333 0.14629629629629629
6 0.03776041666666667 0.6634259259259259 0.0734375 0.13240740740740742
7 0.8182291666666667 0.5111111111111111 0.022916666666666665 0.07407407407407407
6 0.8192708333333333 0.5314814814814814 0.025 0.06111111111111111
2 0.7143229166666667 0.4375 0.10885416666666667 0.07314814814814814
6 0.8658854166666667 0.5666666666666667 0.05677083333333333 0.11666666666666667
3 0.69921875 0.5805555555555555 0.13697916666666668 0.22962962962962963
11 0.7437499999999999 0.5296296296296297 0.11875 0.16111111111111112
3 0.5757812499999999 0.7078703703703704 0.37135416666666665 0.4842592592592593
3 0.9830729166666666 0.48842592592592593 0.0328125 0.058333333333333334
7 0.09817708333333333 0.5898148148148148 0.0359375 0.10740740740740741
3 0.95078125 0.4842592592592592 0.0578125 0.06481481481481481
9 0.05807291666666667 0.6157407407407408 0.11614583333333334 0.13148148148148148
7 0.054427083333333334 0.5810185185185185 0.0453125 0.10092592592592593
7 0.07630208333333333 0.587037037037037 0.03802083333333333 0.10185185185185185
7 0.09609375 0.5865740740740741 0.028645833333333332 0.09907407407407408
9 0.11822916666666668 0.6287037037037038 0.04479166666666667 0.07962962962962963
