11 0.5408854166666667 0.48842592592592593 0.25885416666666666 0.6138888888888889
0 0.13880208333333333 0.48703703703703705 0.049479166666666664 0.15
0 0.03359375 0.5018518518518519 0.0671875 0.22592592592592592
7 0.7820312500000001 0.5365740740740741 0.08072916666666667 0.31574074074074077
0 0.34817708333333336 0.512962962962963 0.1046875 0.22407407407407406
6 0.8184895833333333 0.6462962962962963 0.16510416666666666 0.30925925925925923
9 0.25234375 0.5050925925925926 0.08177083333333333 0.21944444444444444
7 0.8192708333333334 0.5388888888888889 0.13125 0.34629629629629627
7 0.7208333333333333 0.46527777777777773 0.036458333333333336 0.17685185185185184
2 0.8526041666666666 0.4027777777777778 0.29375 0.3148148148148148
0 0.08854166666666667 0.4939814814814815 0.065625 0.18796296296296297
0 0.06302083333333333 0.4935185185185185 0.0875 0.20925925925925926
3 0.1859375 0.4865740740740741 0.04895833333333333 0.11388888888888889
11 0.3890625 0.45555555555555555 0.06041666666666667 0.16666666666666666
