3 0.62109375 0.5069444444444444 0.0515625 0.07685185185185185
3 0.4296875 0.5425925925925926 0.065625 0.10925925925925926
3 0.5041666666666667 0.500462962962963 0.022916666666666665 0.04351851851851852
3 0.46197916666666666 0.5111111111111111 0.022916666666666665 0.05555555555555555
0 0.7153645833333333 0.5009259259259259 0.0703125 0.13333333333333333
2 0.11041666666666666 0.549074074074074 0.22083333333333333 0.587037037037037
2 0.7807291666666666 0.4625 0.15 0.18611111111111112
9 0.2638020833333333 0.5416666666666667 0.025520833333333333 0.053703703703703705
9 0.2265625 0.5421296296296296 0.022916666666666665 0.06388888888888888
9 0.9799479166666667 0.5055555555555555 0.03802083333333333 0.07222222222222222
6 0.28802083333333334 0.5819444444444445 0.035416666666666666 0.07685185185185185
7 0.240625 0.5393518518518519 0.013541666666666667 0.06018518518518518
7 0.5450520833333333 0.5055555555555555 0.0171875 0.07962962962962963
7 0.4942708333333334 0.512962962962963 0.01875 0.05555555555555555
7 0.28958333333333336 0.5560185185185185 0.034375 0.10092592592592593
7 0.2635416666666667 0.5412037037037037 0.01875 0.049074074074074076
