2 0.38593750000000004 0.5699074074074074 0.11041666666666666 0.16944444444444445
7 0.6473958333333334 0.562037037037037 0.030208333333333334 0.08148148148148149
9 0.12630208333333331 0.6712962962962963 0.10052083333333334 0.19074074074074074
7 0.14791666666666667 0.6319444444444444 0.03229166666666667 0.13055555555555556
3 0.6864583333333333 0.575 0.08333333333333333 0.11481481481481481
11 0.24453124999999998 0.6412037037037037 0.1546875 0.27314814814814814
3 0.5171875 0.600462962962963 0.18854166666666666 0.125
7 0.45625 0.5745370370370371 0.015625 0.04351851851851852
7 0.4018229166666667 0.6041666666666667 0.024479166666666666 0.08796296296296297
2 0.9143229166666668 0.5023148148148148 0.1703125 0.21388888888888888
7 0.11848958333333334 0.637037037037037 0.0359375 0.15
6 0.6307291666666666 0.5884259259259259 0.04479166666666667 0.08055555555555556
6 0.4015625 0.6273148148148148 0.025 0.06944444444444445
7 0.04947916666666667 0.6699074074074074 0.042708333333333334 0.17314814814814813
9 0.7864583333333333 0.6129629629629629 0.165625 0.412962962962963
