6 0.25703125 0.6083333333333333 0.08072916666666667 0.12962962962962962
7 0.2755208333333333 0.5634259259259259 0.042708333333333334 0.15648148148148147
9 0.8562500000000001 0.5212962962962964 0.06875 0.10740740740740741
0 0.37526041666666665 0.5430555555555555 0.04739583333333333 0.10833333333333334
9 0.0609375 0.6055555555555555 0.10208333333333333 0.21296296296296297
7 0.8731770833333333 0.5046296296296297 0.027604166666666666 0.10555555555555556
3 0.15338541666666666 0.5768518518518518 0.1015625 0.10740740740740741
7 0.09140625 0.549074074074074 0.0328125 0.13518518518518519
7 0.8447916666666667 0.4810185185185185 0.021875 0.0712962962962963
7 0.23723958333333334 0.5666666666666667 0.03802083333333333 0.13518518518518519
9 0.3296875 0.537962962962963 0.03229166666666667 0.08703703703703704
9 0.65078125 0.5074074074074074 0.022395833333333334 0.05740740740740741
0 0.43906249999999997 0.5462962962962963 0.075 0.16296296296296298
6 0.23671875 0.6092592592592593 0.0484375 0.11666666666666667
11 0.7898437500000001 0.4837962962962963 0.10364583333333334 0.14351851851851852
