2 0.20390625 0.4162037037037037 0.4078125 0.8324074074074074
7 0.7143229166666667 0.5782407407407407 0.018229166666666668 0.08981481481481482
7 0.8244791666666667 0.575 0.023958333333333335 0.09814814814814815
7 0.7755208333333333 0.5837962962962963 0.026041666666666668 0.10092592592592593
9 0.7963541666666666 0.5828703703703704 0.04479166666666667 0.09907407407407408
9 0.7052083333333333 0.5837962962962963 0.040625 0.08981481481481482
2 0.6299479166666667 0.5532407407407407 0.0890625 0.16203703703703703
6 0.7442708333333333 0.5787037037037037 0.029166666666666667 0.05925925925925926
0 0.68515625 0.5842592592592593 0.025520833333333333 0.08703703703703704
3 0.4119791666666666 0.5916666666666667 0.028125 0.1037037037037037
3 0.43359375 0.5944444444444444 0.022395833333333334 0.05
