0 0.17161458333333332 0.7398148148148148 0.34322916666666664 0.5166666666666667
7 0.5677083333333334 0.7601851851851851 0.190625 0.4722222222222222
7 0.38567708333333334 0.7939814814814814 0.08072916666666667 0.2953703703703704
6 0.38776041666666666 0.837037037037037 0.0890625 0.2574074074074074
0 0.6640625 0.811574074074074 0.115625 0.3416666666666667
0 0.8567708333333333 0.8162037037037038 0.16979166666666667 0.3675925925925926
0 0.9403645833333334 0.7736111111111111 0.11927083333333334 0.44537037037037036
7 0.7408854166666667 0.7689814814814815 0.0578125 0.1675925925925926
6 0.734375 0.8208333333333333 0.06041666666666667 0.1527777777777778
2 0.4721354166666667 0.6546296296296297 0.17760416666666667 0.3851851851851852
3 0.7822916666666666 0.7541666666666667 0.17708333333333334 0.2824074074074074
7 0.5151041666666667 0.7712962962962964 0.08125 0.34444444444444444
6 0.559375 0.8694444444444445 0.190625 0.2611111111111111
