9 0.45052083333333337 0.4842592592592593 0.034375 0.09444444444444444
9 0.7468750000000001 0.5032407407407408 0.115625 0.2824074074074074
9 0.6786458333333334 0.4648148148148148 0.057291666666666664 0.14629629629629629
1 0.3106770833333333 0.5902777777777778 0.06510416666666667 0.20092592592592592
6 0.6221354166666666 0.5 0.044270833333333336 0.12407407407407407
7 0.3138020833333333 0.5240740740740741 0.06510416666666667 0.22962962962962963
7 0.5567708333333333 0.4893518518518518 0.020833333333333332 0.1287037037037037
7 0.6226562499999999 0.48657407407407405 0.03697916666666667 0.13796296296296295
7 0.6838541666666667 0.4597222222222222 0.030208333333333334 0.11574074074074074
7 0.7291666666666666 0.4550925925925926 0.036458333333333336 0.1638888888888889
7 0.7627604166666666 0.462037037037037 0.0515625 0.18518518518518517
7 0.34921874999999997 0.4810185185185185 0.022395833333333334 0.06388888888888888
7 0.3997395833333333 0.5 0.019270833333333334 0.1
7 0.6450520833333333 0.45925925925925926 0.030729166666666665 0.08703703703703704
