7 0.9416666666666667 0.6527777777777778 0.04479166666666667 0.17777777777777778
7 0.18776041666666665 0.6749999999999999 0.03177083333333333 0.18518518518518517
7 0.22239583333333332 0.6634259259259259 0.0375 0.16203703703703703
7 0.09583333333333333 0.6680555555555556 0.06666666666666667 0.23055555555555557
7 0.3020833333333333 0.6185185185185185 0.03958333333333333 0.10925925925925926
7 0.25442708333333336 0.6527777777777778 0.0296875 0.11851851851851852
3 0.42604166666666665 0.763888888888889 0.19791666666666666 0.34074074074074073
3 0.5807291666666666 0.6541666666666666 0.078125 0.11203703703703703
3 0.7888020833333333 0.7560185185185185 0.2994791666666667 0.3194444444444444
9 0.30026041666666664 0.6953703703703704 0.07447916666666667 0.11666666666666667
9 0.07161458333333333 0.7138888888888888 0.12864583333333332 0.3037037037037037
11 0.28203125 0.5879629629629629 0.0953125 0.10925925925925926
