2 0.26093750000000004 0.5300925925925926 0.153125 0.21388888888888888
9 0.17109375 0.6342592592592593 0.09322916666666667 0.20185185185185187
3 0.07473958333333333 0.5949074074074074 0.06822916666666666 0.09907407407407408
7 0.3651041666666667 0.6069444444444444 0.036458333333333336 0.1361111111111111
6 0.3666666666666667 0.6550925925925926 0.03854166666666667 0.10092592592592593
9 0.39322916666666663 0.5976851851851852 0.030208333333333334 0.06944444444444445
0 0.45208333333333334 0.6055555555555556 0.041666666666666664 0.0962962962962963
3 0.490625 0.5814814814814815 0.026041666666666668 0.044444444444444446
7 0.0296875 0.5555555555555556 0.03854166666666667 0.17962962962962964
2 0.37395833333333334 0.5351851851851852 0.0625 0.07592592592592592
