3 0.4161458333333334 0.4601851851851852 0.065625 0.053703703703703705
9 0.4635416666666667 0.4597222222222222 0.040625 0.0824074074074074
9 0.71484375 0.4268518518518518 0.0671875 0.1
9 0.7567708333333334 0.4263888888888889 0.08541666666666667 0.11944444444444445
9 0.6354166666666666 0.43148148148148147 0.046875 0.09259259259259259
9 0.5901041666666667 0.4375 0.05416666666666667 0.06759259259259259
6 0.07057291666666667 0.5259259259259259 0.07552083333333333 0.15185185185185185
7 0.375 0.48101851851851857 0.023958333333333335 0.10092592592592593
7 0.12734375 0.5078703703703703 0.0453125 0.20092592592592592
7 0.73203125 0.41203703703703703 0.0203125 0.07962962962962963
7 0.6361979166666666 0.42453703703703705 0.021354166666666667 0.0787037037037037
7 0.30520833333333336 0.4722222222222222 0.016666666666666666 0.08148148148148149
7 0.7403645833333333 0.41203703703703703 0.0328125 0.08888888888888889
7 0.6596354166666667 0.4324074074074074 0.018229166666666668 0.07962962962962963
7 0.3971354166666667 0.46805555555555556 0.015104166666666667 0.07314814814814814
7 0.4713541666666667 0.4476851851851852 0.016666666666666666 0.06759259259259259
7 0.67578125 0.43472222222222223 0.018229166666666668 0.0712962962962963
7 0.53046875 0.4277777777777778 0.027604166666666666 0.037037037037037035
7 0.6080729166666667 0.42268518518518516 0.0140625 0.05648148148148148
7 0.5919270833333333 0.42777777777777776 0.016145833333333335 0.06111111111111111
7 0.7067708333333333 0.41018518518518515 0.020833333333333332 0.07222222222222222
