3 0.3046875 0.7407407407407407 0.13229166666666667 0.13518518518518519
7 0.04453125 0.700925925925926 0.044270833333333336 0.18888888888888888
9 0.9484375 0.7518518518518519 0.035416666666666666 0.10555555555555556
3 0.18203124999999998 0.6967592592592593 0.1265625 0.07314814814814814
7 0.07317708333333332 0.6805555555555555 0.0109375 0.04814814814814815
7 0.090625 0.6782407407407407 0.014583333333333334 0.04537037037037037
6 0.08125 0.7185185185185186 0.03333333333333333 0.03888888888888889
7 0.4984375 0.6800925925925926 0.015625 0.03981481481481482
7 0.49609375 0.6560185185185184 0.15572916666666667 0.06574074074074074
7 0.9276041666666667 0.7425925925925927 0.011458333333333333 0.053703703703703705
7 0.9013020833333333 0.7374999999999999 0.013020833333333334 0.05092592592592592
9 0.9140625 0.749537037037037 0.019791666666666666 0.06388888888888888
7 0.20546875 0.6574074074074074 0.0171875 0.03333333333333333
