3 0.9283854166666666 0.5069444444444444 0.1421875 0.13425925925925927
7 0.10572916666666667 0.5574074074074074 0.023958333333333335 0.15185185185185185
7 0.15182291666666664 0.5763888888888888 0.03177083333333333 0.18611111111111112
3 0.5794270833333334 0.5236111111111111 0.0890625 0.12314814814814815
0 0.21640625000000002 0.5805555555555555 0.09427083333333333 0.18333333333333332
7 0.12890625 0.5662037037037037 0.0296875 0.16018518518518518
11 0.5127604166666666 0.5050925925925926 0.059895833333333336 0.29907407407407405
7 0.051562500000000004 0.5300925925925926 0.026041666666666668 0.075
0 0.29583333333333334 0.5662037037037037 0.034375 0.1824074074074074
7 0.011979166666666667 0.5837962962962963 0.023958333333333335 0.20277777777777778
11 0.4075520833333333 0.5333333333333333 0.21510416666666668 0.5351851851851852
7 0.08567708333333333 0.5194444444444445 0.025520833333333333 0.06296296296296296
