6 0.61171875 0.5185185185185185 0.021354166666666667 0.06296296296296296
7 0.12369791666666666 0.5152777777777777 0.018229166666666668 0.08611111111111111
6 0.7669270833333333 0.524537037037037 0.03697916666666667 0.10648148148148148
7 0.35807291666666663 0.5064814814814815 0.0140625 0.05740740740740741
7 0.3005208333333333 0.49953703703703706 0.008333333333333333 0.03796296296296296
7 0.19765625 0.5305555555555556 0.019270833333333334 0.07407407407407407
7 0.76484375 0.49722222222222223 0.0296875 0.09259259259259259
9 0.88515625 0.5106481481481482 0.05260416666666667 0.13240740740740742
7 0.4239583333333333 0.49537037037037035 0.013541666666666667 0.044444444444444446
7 0.4744791666666667 0.5041666666666667 0.017708333333333333 0.075
7 0.04817708333333333 0.5171296296296296 0.024479166666666666 0.09907407407407408
7 0.6111979166666667 0.4949074074074074 0.0203125 0.06388888888888888
3 0.22109375 0.5 0.0578125 0.05925925925925926
6 0.4239583333333333 0.5106481481481482 0.013541666666666667 0.03611111111111111
11 0.6867187499999999 0.4847222222222222 0.04739583333333333 0.07314814814814814
1 0.35859375 0.5208333333333334 0.0140625 0.041666666666666664
