7 0.25755208333333335 0.537962962962963 0.0234375 0.10925925925925926
9 0.35572916666666665 0.5439814814814815 0.0375 0.1287037037037037
7 0.440625 0.549537037037037 0.0625 0.23796296296296296
0 0.8596354166666667 0.5976851851851852 0.28072916666666664 0.4675925925925926
2 0.04791666666666667 0.4486111111111111 0.09583333333333334 0.13796296296296295
9 0.43802083333333336 0.575462962962963 0.08541666666666667 0.262037037037037
7 0.3776041666666667 0.5199074074074074 0.034375 0.16018518518518518
7 0.07473958333333333 0.6277777777777778 0.06302083333333333 0.39444444444444443
7 0.21953125 0.5421296296296296 0.0234375 0.12314814814814815
7 0.11692708333333333 0.6300925925925926 0.06927083333333334 0.4305555555555556
9 0.371875 0.5486111111111112 0.05520833333333333 0.16944444444444445
7 0.4973958333333333 0.5259259259259259 0.021875 0.13703703703703704
7 0.025781250000000002 0.6319444444444444 0.0484375 0.3472222222222222
2 0.17630208333333333 0.5037037037037037 0.15052083333333333 0.2037037037037037
7 0.29322916666666665 0.5375 0.029166666666666667 0.13240740740740742
7 0.5192708333333333 0.549074074074074 0.035416666666666666 0.1685185185185185
9 0.3184895833333333 0.5310185185185184 0.03177083333333333 0.09166666666666666
2 0.4864583333333333 0.4597222222222222 0.08333333333333333 0.06388888888888888
