7 0.2885416666666667 0.7875 0.09583333333333334 0.325
7 0.4622395833333333 0.7425925925925926 0.20572916666666666 0.5148148148148148
7 0.7609375 0.7648148148148148 0.09583333333333334 0.3037037037037037
7 0.7091145833333333 0.7476851851851851 0.059895833333333336 0.22314814814814815
6 0.29192708333333334 0.8550925925925925 0.1046875 0.2898148148148148
6 0.46119791666666665 0.861574074074074 0.2515625 0.27685185185185185
6 0.7442708333333333 0.8337962962962963 0.09479166666666666 0.27870370370370373
0 0.10520833333333333 0.6828703703703703 0.21041666666666667 0.6305555555555555
9 0.23697916666666669 0.7541666666666667 0.07083333333333333 0.2861111111111111
0 0.5989583333333334 0.8 0.17604166666666668 0.3925925925925926
0 0.9054687499999999 0.7166666666666667 0.1890625 0.5666666666666667
2 0.4158854166666667 0.6365740740740741 0.20260416666666667 0.4564814814814815
