7 0.0734375 0.6074074074074074 0.04479166666666667 0.2222222222222222
0 0.5580729166666667 0.5398148148148149 0.04739583333333333 0.11851851851851852
2 0.3619791666666667 0.36898148148148147 0.371875 0.712037037037037
7 0.7393229166666666 0.624074074074074 0.16197916666666667 0.6074074074074074
0 0.6260416666666667 0.5550925925925926 0.09270833333333334 0.20833333333333334
6 0.75703125 0.7486111111111111 0.2421875 0.5009259259259259
9 0.08229166666666667 0.6337962962962963 0.14895833333333333 0.262037037037037
7 0.159375 0.5671296296296297 0.016666666666666666 0.0824074074074074
7 0.17552083333333332 0.5819444444444444 0.021875 0.11574074074074074
3 0.0796875 0.6319444444444444 0.159375 0.16574074074074074
