9 0.019270833333333334 0.5856481481481481 0.03854166666666667 0.14722222222222223
7 0.9138020833333332 0.5444444444444445 0.03697916666666667 0.12777777777777777
9 0.8888020833333333 0.5527777777777778 0.08697916666666666 0.1111111111111111
3 0.9776041666666666 0.5476851851851852 0.04479166666666667 0.36018518518518516
7 0.47265625 0.5888888888888889 0.06302083333333333 0.2740740740740741
1 0.4822916666666666 0.6787037037037037 0.030208333333333334 0.16111111111111112
9 0.42864583333333334 0.536574074074074 0.028125 0.06574074074074074
9 0.61171875 0.525 0.0265625 0.07407407407407407
0 0.6890625 0.5393518518518519 0.0625 0.11388888888888889
3 0.5674479166666667 0.5388888888888889 0.06614583333333333 0.07962962962962963
3 0.39140624999999996 0.5453703703703704 0.03802083333333333 0.07592592592592592
0 0.25 0.5564814814814815 0.053125 0.11481481481481481
3 0.16276041666666666 0.6152777777777777 0.2109375 0.22870370370370371
11 0.3208333333333333 0.500462962962963 0.10833333333333334 0.23796296296296296
11 0.11640624999999999 0.49351851851851847 0.14114583333333333 0.11851851851851852
