6 0.7986979166666667 0.7583333333333333 0.4015625 0.48148148148148145
6 0.5296875 0.5796296296296296 0.10104166666666667 0.22962962962962963
7 0.08098958333333334 0.4787037037037037 0.0296875 0.14814814814814814
7 0.36171875000000003 0.4981481481481482 0.0328125 0.1037037037037037
7 0.09791666666666667 0.4736111111111111 0.022916666666666665 0.14166666666666666
6 0.15416666666666667 0.5148148148148148 0.03333333333333333 0.06851851851851852
6 0.35963541666666665 0.5217592592592593 0.03697916666666667 0.09166666666666666
3 0.32708333333333334 0.49768518518518523 0.06770833333333333 0.08796296296296297
7 0.03697916666666667 0.44675925925925924 0.03229166666666667 0.15648148148148147
11 0.6317708333333334 0.5004629629629629 0.14375 0.2935185185185185
7 0.5356770833333333 0.512962962962963 0.07447916666666667 0.2518518518518518
7 0.73203125 0.6217592592592593 0.25364583333333335 0.7564814814814815
11 0.25390625 0.46111111111111114 0.0953125 0.1925925925925926
9 0.03828125 0.4777777777777778 0.0765625 0.22407407407407406
7 0.15286458333333336 0.4736111111111111 0.03177083333333333 0.11018518518518519
0 0.190625 0.48287037037037034 0.035416666666666666 0.06944444444444445
9 0.13020833333333331 0.47129629629629627 0.030208333333333334 0.07407407407407407
