7 0.7919270833333333 0.5171296296296296 0.13802083333333334 0.7027777777777777
3 0.29348958333333336 0.6532407407407408 0.5151041666666667 0.6935185185185185
6 0.02786458333333333 0.6189814814814816 0.0328125 0.12314814814814815
7 0.014583333333333334 0.5597222222222222 0.029166666666666667 0.08611111111111111
6 0.0171875 0.663425925925926 0.034375 0.1287037037037037
7 0.9765625 0.4467592592592593 0.046875 0.14166666666666666
7 0.8450520833333333 0.4509259259259259 0.021354166666666667 0.1
7 0.95703125 0.4263888888888889 0.024479166666666666 0.08981481481481482
6 0.8997395833333334 0.4625 0.07760416666666667 0.08611111111111111
7 0.8973958333333334 0.4421296296296296 0.021875 0.09537037037037037
9 0.8377604166666667 0.4583333333333333 0.0484375 0.1
