9 0.90859375 0.6319444444444444 0.08489583333333334 0.13240740740740742
3 0.2734375 0.7699074074074075 0.15208333333333332 0.35833333333333334
0 0.6765625 0.6458333333333334 0.071875 0.13055555555555556
7 0.3385416666666667 0.6564814814814814 0.09375 0.5
7 0.89609375 0.611111111111111 0.0203125 0.08703703703703704
7 0.9252604166666667 0.6162037037037037 0.0296875 0.1398148148148148
7 0.90625 0.6078703703703704 0.017708333333333333 0.09537037037037037
7 0.9026041666666668 0.6175925925925926 0.03333333333333333 0.1111111111111111
9 0.4580729166666666 0.6833333333333333 0.40572916666666664 0.6314814814814815
2 0.6283854166666667 0.6217592592592592 0.03802083333333333 0.09537037037037037
6 0.6145833333333334 0.6527777777777778 0.019791666666666666 0.05740740740740741
