7 0.02421875 0.575925925925926 0.0484375 0.17777777777777778
7 0.037760416666666664 0.5861111111111111 0.04739583333333333 0.1925925925925926
7 0.3341145833333333 0.5449074074074074 0.0515625 0.15648148148148147
6 0.03203125 0.6421296296296296 0.0640625 0.19537037037037036
6 0.340625 0.5884259259259259 0.04895833333333333 0.1527777777777778
3 0.23802083333333335 0.561574074074074 0.09270833333333334 0.125
3 0.3846354166666667 0.5314814814814814 0.06197916666666667 0.08333333333333333
7 0.4197916666666667 0.5148148148148148 0.017708333333333333 0.05555555555555555
6 0.42031250000000003 0.5351851851851852 0.011458333333333333 0.037037037037037035
7 0.4466145833333333 0.513425925925926 0.018229166666666668 0.06944444444444445
6 0.44557291666666665 0.5342592592592592 0.0140625 0.04259259259259259
8 0.31588541666666664 0.5259259259259259 0.0546875 0.1
11 0.2768229166666667 0.5083333333333333 0.06927083333333334 0.13148148148148148
3 0.7359374999999999 0.5194444444444444 0.12291666666666666 0.12222222222222222
0 0.959375 0.47453703703703703 0.06666666666666667 0.08981481481481482
3 0.5809895833333334 0.5069444444444444 0.09322916666666667 0.06944444444444445
0 0.6440104166666667 0.5023148148148149 0.03802083333333333 0.06944444444444445
3 0.52734375 0.5115740740740741 0.034895833333333334 0.05648148148148148
2 0.5895833333333333 0.47824074074074074 0.06875 0.08981481481481482
3 0.5005208333333333 0.5101851851851852 0.029166666666666667 0.046296296296296294
3 0.42083333333333334 0.5157407407407407 0.04375 0.06111111111111111
7 0.90546875 0.4967592592592593 0.027604166666666666 0.11388888888888889
9 0.8692708333333333 0.49537037037037035 0.06770833333333333 0.12037037037037036
7 0.8216145833333334 0.4828703703703704 0.025520833333333333 0.07314814814814814
9 0.8276041666666667 0.5 0.051041666666666666 0.10555555555555556
0 0.14453125 0.5828703703703704 0.09947916666666666 0.19166666666666668
9 0.82578125 0.5013888888888889 0.04635416666666667 0.10277777777777777
