7 0.88125 0.3851851851851852 0.05416666666666667 0.16666666666666666
7 0.9372395833333333 0.3523148148148148 0.027604166666666666 0.0787037037037037
9 0.40182291666666664 0.5013888888888889 0.1234375 0.33240740740740743
9 0.17760416666666667 0.5731481481481482 0.35520833333333335 0.8518518518518519
6 0.67421875 0.7305555555555556 0.3078125 0.5370370370370371
7 0.5033854166666667 0.5194444444444445 0.09947916666666666 0.43703703703703706
7 0.2015625 0.32916666666666666 0.09583333333333334 0.3101851851851852
7 0.66640625 0.5708333333333333 0.28489583333333335 0.8379629629629629
3 0.9625 0.41574074074074074 0.07395833333333333 0.1574074074074074
7 0.2807291666666667 0.40555555555555556 0.13020833333333334 0.4222222222222222
7 0.8171875000000001 0.38564814814814813 0.022916666666666665 0.09537037037037037
9 0.8104166666666667 0.3837962962962963 0.051041666666666666 0.10648148148148148
6 0.5158854166666667 0.6282407407407408 0.06822916666666666 0.2638888888888889
