2 0.016666666666666666 0.6990740740740741 0.03333333333333333 0.23333333333333334
7 0.19583333333333336 0.7296296296296296 0.03958333333333333 0.13148148148148148
3 0.0796875 0.7356481481481482 0.052083333333333336 0.075
6 0.19583333333333333 0.7513888888888889 0.09583333333333334 0.09722222222222222
0 0.340625 0.6861111111111111 0.03854166666666667 0.07407407407407407
7 0.39479166666666665 0.6837962962962963 0.027083333333333334 0.08425925925925926
6 0.39921875 0.7087962962962963 0.0234375 0.06574074074074074
7 0.2703125 0.6935185185185185 0.015625 0.05555555555555555
6 0.2703125 0.7069444444444444 0.015625 0.04537037037037037
0 0.3177083333333333 0.687962962962963 0.0125 0.05185185185185185
3 0.7736979166666667 0.5717592592592593 0.45260416666666664 0.8564814814814815
6 0.24557291666666667 0.7032407407407407 0.0171875 0.04351851851851852
