7 0.5588541666666667 0.5814814814814815 0.035416666666666666 0.17962962962962964
2 0.90625 0.5305555555555556 0.18541666666666667 0.5574074074074075
7 0.4283854166666667 0.5902777777777778 0.013020833333333334 0.04722222222222222
1 0.42916666666666664 0.6064814814814815 0.008333333333333333 0.03333333333333333
3 0.5419270833333334 0.6083333333333334 0.0609375 0.09074074074074075
3 0.4010416666666667 0.5962962962962963 0.016666666666666666 0.053703703703703705
9 0.25833333333333336 0.6018518518518519 0.021875 0.06666666666666667
0 0.21953124999999998 0.6050925925925926 0.0609375 0.1175925925925926
3 0.12708333333333333 0.6958333333333333 0.25416666666666665 0.29907407407407405
11 0.34479166666666666 0.5578703703703703 0.103125 0.24537037037037038
9 0.47708333333333336 0.6402777777777778 0.07395833333333333 0.16574074074074074
