7 0.015364583333333333 0.6337962962962963 0.028645833333333332 0.12129629629629629
7 0.04114583333333333 0.6324074074074074 0.022916666666666665 0.1037037037037037
7 0.06067708333333333 0.6226851851851852 0.019270833333333334 0.10277777777777777
7 0.06822916666666666 0.6657407407407407 0.01875 0.10740740740740741
7 0.08489583333333334 0.65 0.014583333333333334 0.1111111111111111
9 0.14479166666666665 0.6476851851851853 0.06041666666666667 0.13796296296296295
7 0.22057291666666667 0.6212962962962962 0.018229166666666668 0.07222222222222222
7 0.16432291666666668 0.5986111111111111 0.019270833333333334 0.041666666666666664
7 0.17916666666666667 0.6273148148148149 0.016666666666666666 0.07314814814814814
7 0.21171874999999998 0.5958333333333333 0.013020833333333334 0.041666666666666664
7 0.23307291666666666 0.5930555555555556 0.0109375 0.04537037037037037
7 0.23932291666666666 0.5930555555555556 0.0078125 0.04537037037037037
7 0.25 0.5921296296296297 0.007291666666666667 0.041666666666666664
9 0.2674479166666667 0.6041666666666667 0.024479166666666666 0.06759259259259259
7 0.48098958333333336 0.575 0.0265625 0.12777777777777777
3 0.36041666666666666 0.6657407407407407 0.19166666666666668 0.2740740740740741
3 0.42473958333333334 0.5685185185185185 0.0234375 0.07037037037037037
3 0.43984375000000003 0.5657407407407408 0.024479166666666666 0.05185185185185185
2 0.41510416666666666 0.5268518518518518 0.03854166666666667 0.04259259259259259
3 0.5177083333333333 0.562037037037037 0.035416666666666666 0.05740740740740741
7 0.8098958333333334 0.5356481481481482 0.019791666666666666 0.11018518518518519
9 0.8010416666666667 0.5462962962962963 0.05625 0.11851851851851852
9 0.6848958333333334 0.5435185185185185 0.03125 0.07407407407407407
6 0.6395833333333333 0.5509259259259259 0.016666666666666666 0.04259259259259259
7 0.9713541666666667 0.5476851851851852 0.053125 0.22314814814814815
