1 0.31875 0.7203703703703704 0.09375 0.1259259259259259
7 0.32395833333333335 0.6759259259259258 0.04479166666666667 0.15555555555555556
7 0.4088541666666667 0.6995370370370371 0.065625 0.18981481481481483
7 0.6411458333333333 0.700925925925926 0.05 0.13333333333333333
9 0.24375 0.6726851851851852 0.09270833333333334 0.1712962962962963
9 0.059375 0.6537037037037037 0.0625 0.09814814814814815
7 0.22890624999999998 0.6481481481481481 0.04739583333333333 0.12777777777777777
3 0.019791666666666666 0.6347222222222223 0.03958333333333333 0.0824074074074074
3 0.9565104166666666 0.7351851851851852 0.08697916666666666 0.17962962962962964
7 0.5247395833333334 0.6842592592592592 0.016145833333333335 0.07037037037037037
7 0.5408854166666667 0.6842592592592592 0.016145833333333335 0.07037037037037037
7 0.6023437500000001 0.6907407407407408 0.0140625 0.08703703703703704
