7 0.13723958333333333 0.7398148148148148 0.07447916666666667 0.35185185185185186
7 0.15572916666666667 0.649537037037037 0.06041666666666667 0.1712962962962963
7 0.21536458333333333 0.6532407407407408 0.030729166666666665 0.13240740740740742
7 0.065625 0.7282407407407407 0.08854166666666667 0.36018518518518516
3 0.3494791666666667 0.7763888888888889 0.21458333333333332 0.3509259259259259
3 0.61484375 0.7236111111111111 0.2390625 0.2972222222222222
3 0.8697916666666667 0.8046296296296296 0.2604166666666667 0.3907407407407407
9 0.21536458333333333 0.6722222222222223 0.05677083333333333 0.17592592592592593
9 0.26432291666666663 0.6611111111111112 0.0546875 0.16111111111111112
11 0.4520833333333333 0.6319444444444444 0.06145833333333333 0.10648148148148148
