7 0.9651041666666667 0.4486111111111111 0.028125 0.0787037037037037
0 0.5708333333333333 0.45694444444444443 0.025 0.062037037037037036
7 0.23750000000000002 0.49953703703703706 0.011458333333333333 0.03796296296296296
9 0.8947916666666667 0.44537037037037036 0.06770833333333333 0.09259259259259259
6 0.39166666666666666 0.5087962962962963 0.025 0.06944444444444445
3 0.44583333333333336 0.4625 0.015625 0.025
7 0.20286458333333332 0.5074074074074074 0.0140625 0.046296296296296294
9 0.4697916666666667 0.4685185185185185 0.016666666666666666 0.046296296296296294
7 0.390625 0.48009259259259257 0.026041666666666668 0.075
9 0.2630208333333333 0.5078703703703704 0.03958333333333333 0.10092592592592593
7 0.9419270833333333 0.4560185185185185 0.0234375 0.062037037037037036
2 0.67578125 0.41481481481481486 0.11822916666666666 0.1574074074074074
6 0.41041666666666665 0.4842592592592592 0.010416666666666666 0.03888888888888889
