6 0.14427083333333335 0.8078703703703703 0.07916666666666666 0.17314814814814813
7 0.13958333333333334 0.6587962962962963 0.05 0.11388888888888889
7 0.23125 0.6689814814814815 0.025 0.07685185185185185
9 0.27213541666666663 0.7291666666666666 0.08489583333333334 0.24166666666666667
7 0.6625 0.5398148148148149 0.035416666666666666 0.09814814814814815
7 0.5932291666666667 0.5361111111111111 0.034375 0.10555555555555556
11 0.7872395833333333 0.6870370370370371 0.2765625 0.2537037037037037
7 0.3919270833333333 0.6625 0.03802083333333333 0.1287037037037037
2 0.13619791666666667 0.6407407407407408 0.2713541666666667 0.3055555555555556
11 0.26328125 0.6462962962962963 0.19322916666666667 0.18888888888888888
