0 0.31093750000000003 0.6625000000000001 0.05 0.13240740740740742
9 0.35598958333333336 0.6541666666666667 0.03697916666666667 0.10648148148148148
2 0.19296875 0.5949074074074074 0.08385416666666666 0.23055555555555557
2 0.271875 0.6060185185185185 0.09479166666666666 0.1712962962962963
2 0.7927083333333333 0.6634259259259259 0.209375 0.20833333333333334
7 0.7528645833333333 0.6847222222222222 0.03697916666666667 0.11388888888888889
7 0.72265625 0.7351851851851852 0.03802083333333333 0.1962962962962963
2 0.11848958333333334 0.5 0.23177083333333334 1.0
2 0.19114583333333335 0.5990740740740741 0.07291666666666667 0.2537037037037037
2 0.58828125 0.6462962962962963 0.0578125 0.11296296296296296
2 0.54765625 0.6402777777777778 0.044270833333333336 0.08796296296296297
2 0.6544270833333333 0.6375 0.0578125 0.1361111111111111
