7 0.5255208333333334 0.5356481481481482 0.04895833333333333 0.2175925925925926
9 0.6856770833333333 0.5069444444444444 0.0890625 0.2712962962962963
9 0.38359375 0.5162037037037037 0.021354166666666667 0.06388888888888888
2 0.8677083333333333 0.33425925925925926 0.2635416666666667 0.6666666666666666
3 0.44375 0.5111111111111111 0.09791666666666667 0.13148148148148148
2 0.2484375 0.5032407407407408 0.04375 0.16018518518518518
2 0.5247395833333334 0.4532407407407407 0.13697916666666668 0.21944444444444444
9 0.14817708333333335 0.600925925925926 0.15885416666666666 0.4166666666666667
2 0.19713541666666667 0.4699074074074074 0.12760416666666666 0.21944444444444444
7 0.3091145833333333 0.5287037037037037 0.0140625 0.06666666666666667
7 0.62890625 0.5583333333333333 0.0578125 0.34629629629629627
3 0.5791666666666667 0.5013888888888889 0.08854166666666667 0.14722222222222223
2 0.07161458333333333 0.4930555555555556 0.14322916666666666 0.47314814814814815
7 0.69921875 0.46898148148148144 0.059895833333333336 0.2361111111111111
