3 0.43124999999999997 0.6657407407407407 0.057291666666666664 0.07962962962962963
9 0.053385416666666664 0.7435185185185186 0.10677083333333333 0.4425925925925926
9 0.3427083333333333 0.6787037037037037 0.06145833333333333 0.17962962962962964
2 0.24296875 0.5981481481481481 0.0921875 0.25925925925925924
9 0.153125 0.6967592592592593 0.09479166666666666 0.2824074074074074
9 0.39140625 0.6444444444444445 0.025520833333333333 0.07592592592592592
2 0.08046874999999999 0.46944444444444444 0.15989583333333332 0.1814814814814815
2 0.31015625 0.5907407407407408 0.04114583333333333 0.18703703703703703
2 0.7765625 0.6291666666666667 0.159375 0.24351851851851852
3 0.9286458333333334 0.7657407407407407 0.13958333333333334 0.2351851851851852
2 0.9325520833333334 0.5578703703703703 0.13489583333333333 0.16574074074074074
2 0.578125 0.5717592592592593 0.09791666666666667 0.07685185185185185
