7 0.058854166666666666 0.5865740740740741 0.023958333333333335 0.07685185185185185
7 0.12708333333333333 0.576851851851852 0.0125 0.05925925925925926
7 0.26666666666666666 0.5375000000000001 0.0125 0.062037037037037036
2 0.76953125 0.43379629629629635 0.20260416666666667 0.25833333333333336
7 0.1434895833333333 0.575 0.015104166666666667 0.05740740740740741
7 0.009114583333333334 0.5962962962962963 0.0171875 0.07777777777777778
9 0.39921875 0.5375000000000001 0.021354166666666667 0.05648148148148148
7 0.3286458333333333 0.562962962962963 0.04583333333333333 0.13703703703703704
9 0.1609375 0.5671296296296297 0.026041666666666668 0.058333333333333334
7 0.04401041666666666 0.562962962962963 0.013020833333333334 0.040740740740740744
7 0.29739583333333336 0.5430555555555555 0.013541666666666667 0.05092592592592592
7 0.20651041666666664 0.5638888888888889 0.015104166666666667 0.06851851851851852
9 0.03203125 0.5921296296296296 0.03697916666666667 0.075
7 0.8072916666666666 0.45787037037037037 0.046875 0.21203703703703702
7 0.1375 0.5750000000000001 0.011458333333333333 0.05925925925925926
6 0.3296875 0.6097222222222223 0.05 0.13425925925925927
7 0.23411458333333335 0.5537037037037037 0.0171875 0.05
