11 0.21796875 0.611574074074074 0.08802083333333334 0.0712962962962963
9 0.2635416666666667 0.6291666666666667 0.03333333333333333 0.09351851851851851
3 0.32317708333333334 0.6222222222222222 0.05572916666666667 0.07777777777777778
9 0.3723958333333333 0.5995370370370371 0.029166666666666667 0.07314814814814814
2 0.3276041666666667 0.575 0.12291666666666666 0.1037037037037037
2 0.4481770833333333 0.5416666666666667 0.10260416666666666 0.2222222222222222
2 0.5635416666666666 0.49444444444444446 0.12291666666666666 0.3074074074074074
2 0.8080729166666666 0.362962962962963 0.38385416666666666 0.725925925925926
7 0.12135416666666668 0.6444444444444445 0.019791666666666666 0.08703703703703704
2 0.03307291666666667 0.6296296296296297 0.06614583333333333 0.4166666666666667
11 0.09401041666666667 0.6259259259259259 0.06510416666666667 0.12407407407407407
