3 0.025520833333333333 0.7208333333333333 0.051041666666666666 0.2638888888888889
9 0.14140625 0.7143518518518518 0.0671875 0.1935185185185185
9 0.4221354166666667 0.7217592592592593 0.024479166666666666 0.026851851851851852
7 0.4471354166666667 0.7101851851851851 0.011979166666666667 0.06296296296296296
7 0.48854166666666665 0.7152777777777778 0.011458333333333333 0.06759259259259259
0 0.7203125 0.7157407407407408 0.05 0.06666666666666667
11 0.8216145833333334 0.7162037037037037 0.09427083333333333 0.06388888888888888
9 0.9799479166666666 0.7675925925925926 0.04010416666666667 0.10740740740740741
7 0.1513020833333333 0.6791666666666667 0.0296875 0.1175925925925926
7 0.12604166666666666 0.6731481481481482 0.026041666666666668 0.07592592592592592
7 0.19505208333333332 0.6754629629629629 0.0140625 0.05277777777777778
9 0.17838541666666669 0.6837962962962963 0.018229166666666668 0.06388888888888888
9 0.22109375 0.712037037037037 0.03697916666666667 0.15
9 0.2596354166666667 0.7000000000000001 0.034895833333333334 0.1
9 0.2885416666666667 0.7050925925925926 0.025 0.0712962962962963
9 0.3138020833333333 0.6935185185185185 0.025520833333333333 0.07222222222222222
7 0.3119791666666667 0.6893518518518519 0.013541666666666667 0.05462962962962963
7 0.4145833333333333 0.6944444444444444 0.0125 0.022222222222222223
