7 0.8028645833333333 0.4976851851851852 0.03177083333333333 0.10648148148148148
9 0.15468749999999998 0.6 0.13645833333333332 0.22777777777777777
9 0.21744791666666666 0.5875 0.03697916666666667 0.1398148148148148
7 0.20963541666666666 0.5037037037037038 0.0265625 0.040740740740740744
7 0.18151041666666667 0.49074074074074076 0.024479166666666666 0.03333333333333333
11 0.05598958333333333 0.5712962962962962 0.07864583333333333 0.13518518518518519
11 0.015364583333333333 0.5921296296296297 0.030729166666666665 0.15462962962962962
6 0.803125 0.5231481481481481 0.04479166666666667 0.10185185185185185
3 0.7497395833333333 0.4986111111111111 0.06614583333333333 0.09907407407407408
11 0.88515625 0.4875 0.1203125 0.14537037037037037
3 0.68046875 0.513425925925926 0.06302083333333333 0.0787037037037037
3 0.5007812500000001 0.5162037037037037 0.03177083333333333 0.058333333333333334
3 0.5916666666666667 0.5101851851851852 0.04375 0.053703703703703705
8 0.40885416666666663 0.5217592592592593 0.0375 0.07685185185185185
3 0.4567708333333333 0.5384259259259259 0.075 0.125
9 0.5447916666666667 0.5435185185185185 0.07395833333333333 0.1925925925925926
11 0.3130208333333333 0.49212962962962964 0.14375 0.3138888888888889
