9 0.08385416666666667 0.6185185185185186 0.06875 0.16111111111111112
9 0.13411458333333331 0.6032407407407407 0.0546875 0.1175925925925926
7 0.13046875 0.5611111111111111 0.013020833333333334 0.05
7 0.2015625 0.5856481481481481 0.014583333333333334 0.07314814814814814
2 0.24192708333333335 0.5587962962962962 0.06197916666666667 0.08055555555555556
9 0.31588541666666664 0.5763888888888888 0.022395833333333334 0.06018518518518518
2 0.31666666666666665 0.5583333333333332 0.053125 0.04814814814814815
2 0.37578125 0.549537037037037 0.0484375 0.09537037037037037
0 0.453125 0.575462962962963 0.036458333333333336 0.07314814814814814
3 0.5270833333333332 0.5564814814814815 0.025 0.04259259259259259
9 0.5135416666666666 0.5662037037037037 0.013541666666666667 0.04351851851851852
6 0.5127604166666667 0.5805555555555556 0.015104166666666667 0.040740740740740744
3 0.71484375 0.5638888888888889 0.11822916666666666 0.16296296296296298
3 0.9226562500000001 0.6064814814814815 0.1515625 0.2777777777777778
6 0.6309895833333333 0.5708333333333333 0.015104166666666667 0.04351851851851852
2 0.7466145833333333 0.5375 0.17760416666666667 0.17314814814814813
