3 0.5109375 0.800462962962963 0.4427083333333333 0.3990740740740741
2 0.05130208333333333 0.6152777777777778 0.10260416666666666 0.3527777777777778
7 0.13645833333333335 0.6652777777777779 0.03333333333333333 0.10277777777777777
6 0.12578125 0.7833333333333333 0.0390625 0.1259259259259259
9 0.18932291666666667 0.7268518518518519 0.08489583333333334 0.25555555555555554
2 0.16848958333333333 0.5847222222222223 0.13072916666666667 0.1824074074074074
7 0.2765625 0.5662037037037038 0.019791666666666666 0.05648148148148148
7 0.38046874999999997 0.5425925925925925 0.0203125 0.07777777777777778
9 0.8653645833333333 0.7699074074074075 0.26927083333333335 0.4601851851851852
7 0.8192708333333334 0.6342592592592593 0.06145833333333333 0.15185185185185185
