7 0.6328125 0.33402777777777776 0.0265625 0.2125
7 0.67578125 0.2826388888888889 0.01875 0.07916666666666666
9 0.7195312500000001 0.3125 0.0578125 0.20555555555555555
0 0.55 0.3277777777777778 0.084375 0.2388888888888889
0 0.61171875 0.30833333333333335 0.040625 0.16111111111111112
0 0.65859375 0.29374999999999996 0.0265625 0.0763888888888889
7 0.348046875 0.3368055555555556 0.04140625 0.16805555555555557
7 0.42265625 0.3201388888888889 0.0328125 0.11805555555555555
7 0.4796875 0.3041666666666667 0.0234375 0.14722222222222223
7 0.868359375 0.5 0.26328125 1.0
0 0.9187500000000001 0.5 0.1625 1.0
7 0.4984375 0.3104166666666667 0.0203125 0.1597222222222222
