0 0.718359375 0.3798611111111111 0.03515625 0.07361111111111111
7 0.7003906249999999 0.36319444444444443 0.00859375 0.03194444444444444
0 0.66328125 0.35833333333333334 0.0109375 0.025
0 0.81015625 0.38958333333333334 0.03125 0.06805555555555555
11 0.7683593750000001 0.3694444444444444 0.06171875 0.044444444444444446
11 0.8441406250000001 0.39375000000000004 0.03359375 0.05138888888888889
0 0.91015625 0.5 0.1796875 1.0
7 0.8890625 0.7354166666666666 0.221875 0.5097222222222222
6 0.696484375 0.38958333333333334 0.01171875 0.03194444444444444
2 0.659375 0.34791666666666665 0.015625 0.034722222222222224
6 0.6453125 0.3611111111111111 0.0046875 0.011111111111111112
0 0.6765625 0.36111111111111116 0.009375 0.016666666666666666
