0 0.8914062500000001 0.5 0.2171875 1.0
7 0.424609375 0.20416666666666666 0.01171875 0.13333333333333333
9 0.500390625 0.24791666666666667 0.06015625 0.0763888888888889
11 0.625 0.1513888888888889 0.08125 0.16944444444444445
11 0.6785156250000001 0.1611111111111111 0.02578125 0.06666666666666667
7 0.37578125 0.2520833333333333 0.0390625 0.1763888888888889
7 0.34453124999999996 0.23402777777777778 0.0359375 0.1597222222222222
7 0.299609375 0.23333333333333334 0.03828125 0.18333333333333332
7 0.591796875 0.075 0.02109375 0.07777777777777778
7 0.63046875 0.0798611111111111 0.0140625 0.04583333333333333
