0 0.187109375 0.3236111111111111 0.07734375 0.15
0 0.8109375 0.3506944444444444 0.153125 0.4236111111111111
3 0.09101562499999999 0.3090277777777778 0.13828125 0.14583333333333334
0 0.9480468750000001 0.5 0.10390625 1.0
7 0.928125 0.47708333333333336 0.14375 0.9375
2 0.388671875 0.2847222222222222 0.06015625 0.07777777777777778
0 0.384765625 0.30069444444444443 0.02734375 0.0375
0 0.42890625 0.30416666666666664 0.0171875 0.03888888888888889
2 0.445703125 0.2902777777777778 0.03984375 0.058333333333333334
6 0.0140625 0.2965277777777778 0.028125 0.09027777777777778
0 0.7171875 0.3090277777777778 0.025 0.0875
