7 0.41953125 0.2625 0.025 0.12222222222222222
7 0.48046875 0.2791666666666667 0.0234375 0.1111111111111111
0 0.884375 0.5020833333333333 0.23125 0.9958333333333333
0 0.047265625 0.7791666666666667 0.09453125 0.44166666666666665
11 0.6304687499999999 0.2125 0.0796875 0.14444444444444443
7 0.44492187499999997 0.26805555555555555 0.02578125 0.1111111111111111
9 0.5398437500000001 0.27847222222222223 0.0453125 0.07083333333333333
7 0.6007812499999999 0.15555555555555556 0.0171875 0.05555555555555555
7 0.63046875 0.15625 0.0140625 0.043055555555555555
11 0.6703125 0.22291666666666665 0.0203125 0.06805555555555555
