7 0.7777343750000001 0.29930555555555555 0.01015625 0.02638888888888889
0 0.803125 0.3111111111111111 0.028125 0.058333333333333334
0 0.9125 0.2590277777777778 0.175 0.5180555555555556
7 0.861328125 0.6729166666666666 0.27734375 0.6541666666666667
7 0.60703125 0.3145833333333333 0.0140625 0.04583333333333333
7 0.63125 0.3284722222222222 0.0078125 0.034722222222222224
7 0.6378906249999999 0.32499999999999996 0.00546875 0.044444444444444446
9 0.6765625000000001 0.32986111111111116 0.0296875 0.04861111111111111
9 0.6609375 0.30763888888888885 0.0234375 0.07361111111111111
9 0.694921875 0.3243055555555555 0.01484375 0.043055555555555555
7 0.684375 0.30069444444444443 0.0078125 0.02638888888888889
7 0.753515625 0.3006944444444445 0.00859375 0.018055555555555554
1 0.75234375 0.31736111111111115 0.0046875 0.018055555555555554
6 0.7765625 0.32430555555555557 0.0109375 0.02638888888888889
