7 0.5221354166666666 0.6662037037037036 0.1703125 0.5638888888888889
0 0.740625 0.599537037037037 0.23020833333333332 0.5194444444444445
0 0.34739583333333335 0.5731481481481482 0.19166666666666668 0.3648148148148148
0 0.46171874999999996 0.4810185185185185 0.07135416666666666 0.12314814814814815
6 0.5145833333333333 0.9259259259259259 0.096875 0.13703703703703704
7 0.8419270833333333 0.775462962962963 0.31614583333333335 0.44907407407407407
7 0.9458333333333333 0.5328703703703704 0.027083333333333334 0.07685185185185185
9 0.9403645833333334 0.5731481481481482 0.0296875 0.053703703703703705
0 0.89140625 0.5416666666666666 0.0484375 0.12222222222222222
0 0.9791666666666667 0.5662037037037038 0.041666666666666664 0.21203703703703702
0 0.85234375 0.5351851851851852 0.0171875 0.11296296296296296
