0 0.90234375 0.5 0.1953125 1.0
7 0.858203125 0.648611111111111 0.28359375 0.7027777777777777
0 0.66015625 0.3006944444444445 0.1328125 0.3236111111111111
0 0.7632812499999999 0.27569444444444446 0.0484375 0.12361111111111112
7 0.737890625 0.25763888888888886 0.02265625 0.04583333333333333
6 0.7328125 0.2909722222222222 0.0171875 0.04583333333333333
9 0.23515625 0.3506944444444444 0.3046875 0.7013888888888888
7 0.4359375 0.2763888888888889 0.0234375 0.13055555555555556
7 0.101953125 0.21458333333333335 0.02421875 0.09027777777777778
7 0.4578125 0.23055555555555557 0.0171875 0.058333333333333334
7 0.5140625 0.27569444444444446 0.0328125 0.11527777777777778
7 0.56875 0.2840277777777778 0.015625 0.05138888888888889
