7 0.6390625 0.2916666666666667 0.025 0.15
9 0.698046875 0.2743055555555556 0.06328125 0.16805555555555557
7 0.677734375 0.2388888888888889 0.01015625 0.044444444444444446
0 0.656640625 0.2652777777777778 0.03203125 0.08055555555555556
0 0.5753906249999999 0.2902777777777778 0.06796875 0.18055555555555555
0 0.62265625 0.2708333333333333 0.034375 0.12222222222222222
7 0.501171875 0.2736111111111111 0.01796875 0.12222222222222222
7 0.462890625 0.28402777777777777 0.03359375 0.10972222222222222
7 0.4109375 0.2951388888888889 0.021875 0.13472222222222222
3 0.063671875 0.36874999999999997 0.12734375 0.16527777777777777
0 0.875390625 0.5 0.24921875 1.0
7 0.882421875 0.5 0.23515625 1.0
7 0.5234375 0.2798611111111111 0.0234375 0.13194444444444445
