0 0.11796875 0.45625000000000004 0.2359375 0.7430555555555556
7 0.06953125 0.34930555555555554 0.1125 0.29305555555555557
0 0.824609375 0.33125000000000004 0.07109375 0.2013888888888889
0 0.775 0.32708333333333334 0.028125 0.07361111111111111
0 0.92578125 0.4965277777777778 0.1484375 0.9930555555555556
7 0.88359375 0.45069444444444445 0.2046875 0.7986111111111112
7 0.575390625 0.3451388888888889 0.01796875 0.10416666666666667
9 0.742578125 0.33958333333333335 0.02734375 0.05138888888888889
7 0.7449218750000001 0.30486111111111114 0.01015625 0.02638888888888889
7 0.726171875 0.3125 0.00703125 0.05
7 0.73515625 0.30625 0.0078125 0.02361111111111111
