0 0.122265625 0.33958333333333335 0.09765625 0.15416666666666667
0 0.175390625 0.30486111111111114 0.01796875 0.0763888888888889
0 0.20625000000000002 0.32430555555555557 0.0171875 0.0375
7 0.419140625 0.3104166666666667 0.01328125 0.034722222222222224
0 0.442578125 0.3090277777777778 0.01015625 0.0375
0 0.84375 0.3305555555555556 0.228125 0.5805555555555556
7 0.9406249999999999 0.5201388888888889 0.11875 0.9597222222222223
0 0.94765625 0.5 0.1046875 1.0
0 0.390234375 0.30486111111111114 0.03046875 0.0625
7 0.41523437500000004 0.30763888888888885 0.01484375 0.0375
2 0.44453125000000004 0.28194444444444444 0.065625 0.08055555555555556
7 0.6746093750000001 0.28125 0.01484375 0.034722222222222224
