6 0.0296875 0.32569444444444445 0.059375 0.1625
7 0.17812499999999998 0.39513888888888893 0.0875 0.41805555555555557
0 0.807421875 0.2861111111111111 0.02734375 0.058333333333333334
7 0.78359375 0.2743055555555556 0.0109375 0.02638888888888889
6 0.782421875 0.29791666666666666 0.01015625 0.02638888888888889
0 0.88828125 0.49166666666666664 0.2234375 0.9833333333333333
7 0.861328125 0.6465277777777778 0.27734375 0.7041666666666667
7 0.62265625 0.29236111111111107 0.0125 0.04583333333333333
7 0.6550781250000001 0.30069444444444443 0.01015625 0.0375
7 0.646484375 0.3034722222222222 0.00703125 0.034722222222222224
9 0.689453125 0.3055555555555555 0.02734375 0.041666666666666664
9 0.70703125 0.2986111111111111 0.0140625 0.03611111111111111
9 0.673828125 0.28125 0.02109375 0.06527777777777778
1 0.759375 0.29374999999999996 0.0078125 0.015277777777777777
7 0.76015625 0.2763888888888889 0.0078125 0.019444444444444445
