7 0.415625 0.27569444444444446 0.034375 0.16527777777777777
7 0.523046875 0.24097222222222223 0.04140625 0.12361111111111112
9 0.4921875 0.44791666666666663 0.1421875 0.2986111111111111
0 0.73359375 0.2902777777777778 0.034375 0.1
0 0.699609375 0.29374999999999996 0.02890625 0.07916666666666666
7 0.65 0.3 0.015625 0.06388888888888888
7 0.6339843749999999 0.29375 0.00859375 0.06527777777777778
0 0.8445312500000001 0.28194444444444444 0.06875 0.18055555555555555
0 0.9 0.4979166666666667 0.2 0.9958333333333333
7 0.8894531250000001 0.4013888888888889 0.22109375 0.8
0 0.77421875 0.2888888888888889 0.0234375 0.05
