7 0.4536458333333333 0.5537037037037037 0.12604166666666666 0.42962962962962964
0 0.12395833333333334 0.48842592592592593 0.09166666666666666 0.562037037037037
0 0.04869791666666667 0.5 0.09739583333333333 1.0
6 0.45078125 0.837962962962963 0.10364583333333334 0.2740740740740741
7 0.5796875 0.44537037037037036 0.010416666666666666 0.03518518518518519
6 0.5791666666666667 0.4675925925925926 0.007291666666666667 0.02962962962962963
7 0.56484375 0.44212962962962965 0.0067708333333333336 0.023148148148148147
6 0.5648437500000001 0.45787037037037037 0.009895833333333333 0.023148148148148147
7 0.5471354166666667 0.43703703703703706 0.0046875 0.012962962962962963
0 0.5153645833333333 0.4439814814814815 0.0359375 0.07685185185185185
0 0.7744791666666666 0.7194444444444444 0.4510416666666667 0.5611111111111111
7 0.3609375 0.45555555555555555 0.020833333333333332 0.10185185185185185
6 0.5466145833333333 0.44861111111111107 0.0036458333333333334 0.013888888888888888
