0 0.869140625 0.49583333333333335 0.22265625 0.9916666666666667
7 0.86796875 0.6909722222222222 0.2640625 0.6013888888888889
7 0.25234375 0.2729166666666667 0.028125 0.1625
7 0.34726562499999997 0.27152777777777776 0.03359375 0.14583333333333334
7 0.398046875 0.2659722222222222 0.02890625 0.12361111111111112
0 0.745703125 0.3111111111111111 0.04296875 0.13055555555555556
0 0.7757812500000001 0.2826388888888889 0.0140625 0.05416666666666667
7 0.705078125 0.3048611111111111 0.01796875 0.04583333333333333
7 0.421484375 0.26666666666666666 0.03046875 0.13055555555555556
7 0.797265625 0.27847222222222223 0.01640625 0.029166666666666667
6 0.798046875 0.29791666666666666 0.01484375 0.009722222222222222
