7 0.8878906249999999 0.5 0.22421875 1.0
0 0.86171875 0.4930555555555556 0.121875 0.9861111111111112
0 0.5328125 0.42083333333333334 0.3234375 0.8111111111111111
0 0.720703125 0.3090277777777778 0.02109375 0.08472222222222223
0 0.750390625 0.2986111111111111 0.01171875 0.03333333333333333
9 0.7 0.3034722222222222 0.0234375 0.0375
7 0.700390625 0.27222222222222225 0.01015625 0.016666666666666666
0 0.794921875 0.2951388888888889 0.01640625 0.0375
0 0.780078125 0.2888888888888889 0.01171875 0.025
0 0.7625000000000001 0.28680555555555554 0.0140625 0.029166666666666667
7 0.13984375 0.31805555555555554 0.0359375 0.21666666666666667
