0 0.4984375 0.3326388888888889 0.3125 0.6652777777777777
0 0.8312499999999999 0.12013888888888888 0.0171875 0.05694444444444444
9 0.80078125 0.12916666666666665 0.03125 0.09444444444444444
9 0.769140625 0.13472222222222222 0.02578125 0.06666666666666667
9 0.74140625 0.13194444444444445 0.0234375 0.06111111111111111
0 0.919140625 0.10972222222222222 0.03359375 0.075
0 0.961328125 0.5 0.07734375 1.0
7 0.933984375 0.5027777777777778 0.13203125 0.9944444444444445
0 0.85546875 0.12291666666666667 0.028125 0.059722222222222225
0 0.88515625 0.11944444444444445 0.03125 0.07777777777777778
7 0.09296874999999999 0.17777777777777778 0.04375 0.28055555555555556
7 0.708984375 0.13402777777777777 0.01640625 0.07361111111111111
