0 0.3828125 0.6050925925925926 0.17083333333333334 0.525
7 0.49609375 0.5162037037037037 0.04114583333333333 0.10833333333333334
0 0.5380208333333334 0.5277777777777778 0.04583333333333333 0.1388888888888889
7 0.56875 0.525 0.015625 0.10555555555555556
7 0.6354166666666667 0.5037037037037037 0.030208333333333334 0.06481481481481481
3 0.7083333333333334 0.5662037037037038 0.10208333333333333 0.13796296296296295
6 0.49895833333333334 0.5879629629629629 0.034375 0.07777777777777778
7 0.2817708333333333 0.4986111111111111 0.051041666666666666 0.2175925925925926
7 0.24062499999999998 0.5009259259259259 0.036458333333333336 0.07037037037037037
7 0.7651041666666666 0.5018518518518519 0.46979166666666666 0.9962962962962963
0 0.07239583333333334 0.49907407407407406 0.13854166666666667 0.9981481481481481
7 0.2125 0.5097222222222222 0.028125 0.0787037037037037
0 0.5924479166666666 0.4805555555555555 0.028645833333333332 0.07222222222222222
6 0.63515625 0.5675925925925926 0.034895833333333334 0.08148148148148149
7 0.80859375 0.5041666666666667 0.03177083333333333 0.049074074074074076
7 0.7807291666666667 0.5157407407407407 0.021875 0.044444444444444446
