7 0.094921875 0.25416666666666665 0.06640625 0.11944444444444445
0 0.146875 0.46527777777777773 0.284375 0.8583333333333333
7 0.6593749999999999 0.3111111111111111 0.0328125 0.1361111111111111
9 0.71328125 0.30208333333333337 0.0546875 0.14305555555555555
0 0.6046874999999999 0.3076388888888889 0.05625 0.15416666666666667
0 0.6472656250000001 0.2923611111111111 0.03828125 0.11527777777777778
0 0.677734375 0.29027777777777775 0.02109375 0.075
7 0.500390625 0.2986111111111111 0.02265625 0.08333333333333333
7 0.53046875 0.29444444444444445 0.0140625 0.10555555555555556
7 0.5484375 0.29930555555555555 0.0234375 0.10972222222222222
7 0.88671875 0.5486111111111112 0.2265625 0.9027777777777778
