7 0.779296875 0.2743055555555556 0.00859375 0.018055555555555554
6 0.780078125 0.29791666666666666 0.01171875 0.029166666666666667
0 0.8054687500000001 0.2888888888888889 0.0265625 0.05277777777777778
9 0.6707031250000001 0.30694444444444446 0.03046875 0.05555555555555555
0 0.8992187500000001 0.5 0.1984375 1.0
7 0.87109375 0.6777777777777778 0.2578125 0.6444444444444445
7 0.5960937500000001 0.29375 0.0140625 0.05694444444444444
7 0.6265625 0.3020833333333333 0.0078125 0.04583333333333333
7 0.6203125 0.30416666666666664 0.00625 0.044444444444444446
9 0.69140625 0.30000000000000004 0.015625 0.04722222222222222
9 0.652734375 0.28402777777777777 0.02265625 0.07916666666666666
1 0.753125 0.29444444444444445 0.00625 0.022222222222222223
