7 0.16874999999999998 0.2722222222222222 0.021875 0.058333333333333334
7 0.20664062500000002 0.2798611111111111 0.02109375 0.09583333333333334
7 0.241796875 0.2743055555555556 0.01796875 0.09861111111111111
0 0.33515625 0.3145833333333333 0.103125 0.1625
9 0.42148437499999997 0.37430555555555556 0.07109375 0.10138888888888889
7 0.630859375 0.3055555555555556 0.01328125 0.06111111111111111
0 0.696875 0.2881944444444444 0.015625 0.034722222222222224
6 0.6945312499999999 0.31527777777777777 0.0125 0.03888888888888889
0 0.724609375 0.3034722222222222 0.03515625 0.07083333333333333
11 0.769921875 0.26944444444444443 0.04453125 0.09722222222222222
0 0.86796875 0.3368055555555556 0.2625 0.6736111111111112
7 0.8609375 0.6659722222222222 0.278125 0.6569444444444444
