7 0.17539062500000002 0.3729166666666667 0.21953125 0.6486111111111111
0 0.21562499999999998 0.49444444444444446 0.428125 0.9888888888888889
7 0.522265625 0.30069444444444443 0.03984375 0.19027777777777777
0 0.8933593750000001 0.4888888888888889 0.21328125 0.9777777777777777
7 0.8625 0.6340277777777779 0.275 0.6763888888888889
0 0.790625 0.2701388888888889 0.028125 0.059722222222222225
7 0.6382812499999999 0.27638888888888885 0.009375 0.03888888888888889
9 0.6984375 0.28541666666666665 0.0265625 0.029166666666666667
9 0.684375 0.26458333333333334 0.0171875 0.05416666666666667
6 0.768359375 0.2798611111111111 0.01171875 0.029166666666666667
7 0.76953125 0.2597222222222222 0.0125 0.030555555555555555
