7 0.462890625 0.36041666666666666 0.03203125 0.14583333333333334
0 0.75546875 0.32430555555555557 0.0296875 0.08194444444444444
0 0.812890625 0.325 0.08203125 0.18333333333333332
0 0.9265625000000001 0.49722222222222223 0.146875 0.9944444444444445
7 0.89453125 0.4423611111111111 0.2109375 0.8819444444444444
9 0.713671875 0.34097222222222223 0.02890625 0.0625
7 0.7179687499999999 0.30069444444444443 0.0125 0.02638888888888889
7 0.6929687499999999 0.3104166666666667 0.009375 0.05138888888888889
7 0.702734375 0.30069444444444443 0.00703125 0.02361111111111111
7 0.6984375 0.3145833333333334 0.00625 0.04861111111111111
