9 0.36210937499999996 0.40138888888888885 0.14921875 0.225
9 0.53203125 0.3375 0.0671875 0.11388888888888889
7 0.529296875 0.27569444444444446 0.02734375 0.09305555555555556
7 0.198046875 0.30069444444444443 0.02890625 0.1763888888888889
0 0.780859375 0.2743055555555555 0.02734375 0.05694444444444444
7 0.75390625 0.26319444444444445 0.0109375 0.020833333333333332
0 0.8757812500000001 0.5 0.2484375 1.0
7 0.854296875 0.6402777777777777 0.29140625 0.7194444444444444
7 0.23945312500000002 0.32291666666666663 0.02890625 0.15694444444444444
7 0.270703125 0.33402777777777776 0.02109375 0.12638888888888888
7 0.28671875 0.30069444444444443 0.0234375 0.11805555555555555
9 0.42656249999999996 0.29305555555555557 0.0828125 0.25
1 0.711328125 0.2854166666666667 0.00703125 0.02361111111111111
7 0.7117187500000001 0.26458333333333334 0.0109375 0.020833333333333332
6 0.7546875 0.2847222222222222 0.009375 0.027777777777777776
0 0.743359375 0.26666666666666666 0.01015625 0.027777777777777776
0 0.7640625 0.2673611111111111 0.0125 0.0375
0 0.73515625 0.2638888888888889 0.0078125 0.027777777777777776
