7 0.38984375 0.25625 0.0453125 0.2569444444444444
7 0.28984374999999996 0.26319444444444445 0.075 0.2513888888888889
7 0.609765625 0.24583333333333332 0.03046875 0.11388888888888889
7 0.634765625 0.25625 0.02265625 0.06805555555555555
0 0.7117187500000001 0.24513888888888888 0.0453125 0.10972222222222222
0 0.752734375 0.2388888888888889 0.04765625 0.12222222222222222
0 0.807421875 0.23819444444444446 0.02734375 0.04583333333333333
0 0.850390625 0.18680555555555556 0.05078125 0.1625
0 0.9285156250000001 0.4986111111111111 0.14296875 0.9972222222222222
7 0.8941406249999999 0.3666666666666667 0.18515625 0.7138888888888889
