9 0.18177083333333333 0.3537037037037037 0.09791666666666667 0.2796296296296296
7 0.18645833333333334 0.2125 0.027083333333333334 0.030555555555555555
7 0.4505208333333333 0.31481481481481477 0.027083333333333334 0.06481481481481481
6 0.44921875 0.36342592592592593 0.028645833333333332 0.075
0 0.4197916666666667 0.31712962962962965 0.040625 0.09722222222222222
7 0.5247395833333334 0.30000000000000004 0.0140625 0.037037037037037035
6 0.5252604166666667 0.3337962962962963 0.013020833333333334 0.03981481481481482
0 0.4934895833333333 0.30648148148148147 0.022395833333333334 0.05925925925925926
7 0.8010416666666667 0.3277777777777778 0.042708333333333334 0.08518518518518518
1 0.8028645833333333 0.43287037037037035 0.059895833333333336 0.1287037037037037
7 0.76015625 0.3282407407407407 0.030729166666666665 0.05462962962962963
6 0.7619791666666667 0.38796296296296295 0.019791666666666666 0.07222222222222222
6 0.7046875 0.34814814814814815 0.011458333333333333 0.04259259259259259
7 0.7052083333333333 0.3138888888888889 0.0125 0.027777777777777776
7 0.6846354166666666 0.3138888888888889 0.0046875 0.046296296296296294
0 0.8364583333333334 0.34675925925925927 0.04583333333333333 0.13425925925925927
7 0.925 0.34675925925925927 0.01875 0.049074074074074076
9 0.9065104166666667 0.399537037037037 0.04635416666666667 0.07685185185185185
7 0.9755208333333333 0.35555555555555557 0.028125 0.06851851851851852
7 0.8122395833333333 0.6814814814814815 0.37552083333333336 0.6277777777777778
7 0.4721354166666667 0.2990740740740741 0.0109375 0.02962962962962963
6 0.47135416666666663 0.32962962962962966 0.010416666666666666 0.03518518518518519
9 0.6807291666666666 0.325 0.020833333333333332 0.06296296296296296
0 0.7080729166666666 0.3287037037037037 0.024479166666666666 0.06851851851851852
7 0.7231770833333334 0.33425925925925926 0.0067708333333333336 0.03518518518518519
