0 0.459765625 0.4277777777777778 0.16640625 0.32222222222222224
7 0.609375 0.3597222222222222 0.0140625 0.07222222222222222
9 0.7390625000000001 0.35277777777777775 0.01875 0.03888888888888889
0 0.765625 0.33472222222222225 0.01875 0.05277777777777778
0 0.8148437500000001 0.3715277777777778 0.0921875 0.23472222222222222
0 0.923828125 0.49930555555555556 0.15234375 0.9986111111111111
7 0.88828125 0.5041666666666667 0.2234375 0.9916666666666667
9 0.103515625 0.7763888888888889 0.20390625 0.44722222222222224
0 0.01875 0.45833333333333337 0.0375 0.2
7 0.740234375 0.32222222222222224 0.01640625 0.030555555555555555
