0 0.746484375 0.3152777777777778 0.03515625 0.08333333333333333
7 0.840234375 0.3090277777777778 0.01328125 0.02361111111111111
0 0.9078125 0.33125 0.184375 0.6625
7 0.880859375 0.6993055555555556 0.23828125 0.5986111111111111
6 0.8375 0.34305555555555556 0.0125 0.041666666666666664
11 0.861328125 0.32013888888888886 0.03203125 0.07083333333333333
11 0.828515625 0.3145833333333333 0.02890625 0.059722222222222225
0 0.766796875 0.31319444444444444 0.01171875 0.029166666666666667
7 0.728125 0.3020833333333333 0.0109375 0.04027777777777778
0 0.717578125 0.30486111111111114 0.01328125 0.029166666666666667
