7 0.3265625 0.45 0.125 0.46111111111111114
1 0.3390625 0.6069444444444445 0.196875 0.30833333333333335
0 0.655859375 0.35416666666666663 0.13203125 0.35
0 0.744140625 0.3125 0.02734375 0.075
0 0.77265625 0.3055555555555556 0.015625 0.030555555555555555
6 0.5671875 0.3805555555555556 0.0625 0.08055555555555556
7 0.884765625 0.47152777777777777 0.22734375 0.8458333333333333
0 0.9191406249999999 0.5 0.16171875 1.0
7 0.5625 0.3458333333333333 0.021875 0.14166666666666666
7 0.544921875 0.33472222222222225 0.01953125 0.11388888888888889
