7 0.08203125 0.46458333333333335 0.1640625 0.9013888888888889
1 0.144921875 0.7659722222222223 0.28984375 0.46805555555555556
0 0.488671875 0.38819444444444445 0.15859375 0.2902777777777778
0 0.8128906250000001 0.3194444444444444 0.07265625 0.19444444444444445
0 0.92578125 0.5020833333333333 0.1484375 0.9958333333333333
7 0.88671875 0.4333333333333333 0.2265625 0.8222222222222222
0 0.7722656250000001 0.3097222222222222 0.01484375 0.075
7 0.62109375 0.32986111111111116 0.01875 0.0763888888888889
9 0.7484375 0.3222222222222222 0.0234375 0.044444444444444446
7 0.7503906250000001 0.28750000000000003 0.01015625 0.022222222222222223
7 0.740234375 0.29097222222222224 0.00859375 0.029166666666666667
