0 0.872265625 0.4965277777777778 0.25546875 0.9930555555555556
11 0.9582031249999999 0.18472222222222223 0.08359375 0.2111111111111111
7 0.596484375 0.25416666666666665 0.02109375 0.07222222222222222
0 0.586328125 0.22013888888888888 0.03515625 0.04583333333333333
0 0.218359375 0.21736111111111112 0.04609375 0.05694444444444444
0 0.0671875 0.2375 0.0828125 0.125
0 0.378125 0.2222222222222222 0.03125 0.05
0 0.179296875 0.21041666666666664 0.03203125 0.05416666666666667
0 0.25390625 0.21458333333333332 0.0296875 0.05138888888888889
0 0.2984375 0.21597222222222223 0.034375 0.04583333333333333
7 0.38398437500000004 0.23472222222222222 0.01484375 0.058333333333333334
7 0.61640625 0.2520833333333333 0.0234375 0.08472222222222223
7 0.741796875 0.22777777777777777 0.01484375 0.05277777777777778
0 0.630859375 0.22291666666666665 0.03515625 0.06527777777777778
0 0.680078125 0.22430555555555554 0.05234375 0.06805555555555555
0 0.7156250000000001 0.22430555555555556 0.021875 0.06527777777777778
