7 0.6424479166666667 0.5435185185185185 0.1390625 0.3925925925925926
7 0.7791666666666667 0.7148148148148148 0.44166666666666665 0.5703703703703704
6 0.5807291666666666 0.8375 0.10729166666666666 0.1638888888888889
0 0.3463541666666667 0.5175925925925926 0.09375 0.29444444444444445
0 0.19661458333333331 0.5763888888888888 0.2046875 0.812037037037037
0 0.5013020833333334 0.47731481481481486 0.03177083333333333 0.08055555555555556
7 0.5486979166666667 0.46527777777777773 0.0109375 0.03425925925925926
6 0.5481770833333333 0.49027777777777776 0.008854166666666666 0.023148148148148147
7 0.4036458333333333 0.47453703703703703 0.008333333333333333 0.05277777777777778
7 0.4122395833333334 0.47916666666666663 0.008854166666666666 0.049074074074074076
7 0.42265625 0.46064814814814814 0.009895833333333333 0.023148148148148147
6 0.42291666666666666 0.4847222222222222 0.008333333333333333 0.028703703703703703
7 0.44947916666666665 0.4708333333333333 0.009375 0.049074074074074076
7 0.52890625 0.45833333333333337 0.0046875 0.009259259259259259
6 0.52890625 0.4671296296296296 0.0036458333333333334 0.010185185185185186
0 0.5380208333333334 0.46435185185185185 0.010416666666666666 0.030555555555555555
3 0.5596354166666667 0.462037037037037 0.009895833333333333 0.020370370370370372
