0 0.5546875 0.3229166666666667 0.2140625 0.5625
0 0.808203125 0.23402777777777778 0.02578125 0.05138888888888889
0 0.8484375 0.23402777777777778 0.03125 0.07916666666666666
9 0.757421875 0.23819444444444446 0.02578125 0.0763888888888889
7 0.37734375000000003 0.275 0.034375 0.18888888888888888
7 0.9046875 0.42083333333333334 0.190625 0.8416666666666667
6 0.773828125 0.24930555555555556 0.00859375 0.034722222222222224
7 0.77578125 0.23055555555555557 0.0125 0.03888888888888889
9 0.7332031250000001 0.23680555555555555 0.02578125 0.059722222222222225
0 0.8277343749999999 0.23541666666666666 0.01328125 0.059722222222222225
7 0.775 0.23055555555555557 0.0125 0.044444444444444446
