7 0.60390625 0.6069444444444445 0.1484375 0.4842592592592593
0 0.265625 0.6175925925925927 0.25104166666666666 0.725925925925926
0 0.7877604166666667 0.5680555555555555 0.0890625 0.21203703703703702
0 0.5812499999999999 0.5393518518518519 0.2125 0.38055555555555554
0 0.8953125000000001 0.5162037037037037 0.13541666666666666 0.08425925925925926
7 0.7919270833333334 0.7537037037037038 0.4161458333333333 0.4925925925925926
6 0.5479166666666667 0.9310185185185185 0.121875 0.13796296296296295
0 0.4065104166666667 0.5504629629629629 0.0421875 0.22314814814814815
0 0.45078124999999997 0.5847222222222223 0.0515625 0.32314814814814813
0 0.7356770833333334 0.5342592592592592 0.025520833333333333 0.18333333333333332
7 0.6546875 0.6231481481481482 0.14791666666666667 0.5481481481481482
7 0.5786458333333333 0.5796296296296296 0.12083333333333333 0.40555555555555556
