0 0.88828125 0.5 0.2234375 1.0
7 0.859765625 0.6333333333333333 0.28046875 0.7333333333333333
0 0.741796875 0.2791666666666667 0.06171875 0.14166666666666666
0 0.646875 0.27847222222222223 0.071875 0.19583333333333333
7 0.5308593749999999 0.2326388888888889 0.03671875 0.09027777777777778
9 0.526171875 0.32083333333333336 0.06953125 0.11944444444444445
0 0.154296875 0.5027777777777778 0.30859375 0.9944444444444445
7 0.07734375 0.5583333333333333 0.1546875 0.6111111111111112
7 0.7015625 0.24027777777777776 0.0203125 0.03888888888888889
6 0.7015625 0.27708333333333335 0.0109375 0.02638888888888889
