0 0.814453125 0.3458333333333333 0.22265625 0.575
0 0.9386718749999999 0.5 0.12265625 1.0
7 0.919921875 0.4083333333333333 0.16015625 0.8166666666666667
0 0.075 0.34097222222222223 0.090625 0.1597222222222222
7 0.1375 0.3090277777777778 0.0234375 0.08194444444444444
7 0.1625 0.33055555555555555 0.0234375 0.044444444444444446
0 0.36953125 0.3263888888888889 0.0203125 0.041666666666666664
0 0.4234375 0.32430555555555557 0.015625 0.0375
2 0.41953124999999997 0.3006944444444445 0.059375 0.07916666666666666
7 0.6535156249999999 0.31736111111111115 0.01640625 0.04861111111111111
