7 0.51015625 0.23819444444444446 0.04375 0.2013888888888889
7 0.583984375 0.22430555555555556 0.03671875 0.14027777777777778
7 0.60390625 0.21527777777777776 0.0234375 0.1111111111111111
0 0.69765625 0.23055555555555557 0.0625 0.1638888888888889
0 0.83046875 0.2125 0.028125 0.06388888888888888
0 0.86328125 0.20694444444444443 0.0265625 0.06388888888888888
0 0.894921875 0.20972222222222223 0.03203125 0.06666666666666667
7 0.8875 0.20833333333333331 0.0234375 0.06944444444444445
7 0.849609375 0.20902777777777778 0.01640625 0.05694444444444444
7 0.9343750000000001 0.3416666666666667 0.13125 0.6833333333333333
7 0.8523437500000001 0.20763888888888887 0.0140625 0.06527777777777778
7 0.88828125 0.2152777777777778 0.0140625 0.06944444444444445
