7 0.59140625 0.5083333333333333 0.0734375 0.18888888888888888
6 0.58984375 0.6356481481481482 0.03802083333333333 0.1398148148148148
0 0.4861979166666667 0.4875 0.08072916666666667 0.19166666666666668
9 0.2986979166666666 0.4824074074074074 0.0515625 0.1685185185185185
0 0.23255208333333333 0.4564814814814815 0.0828125 0.10555555555555556
0 0.3307291666666667 0.46759259259259256 0.027083333333333334 0.08703703703703704
7 0.82265625 0.7217592592592592 0.3546875 0.5564814814814815
7 0.875 0.4722222222222222 0.040625 0.1537037037037037
0 0.7479166666666667 0.49907407407407406 0.04895833333333333 0.08888888888888889
0 0.08776041666666666 0.5 0.17552083333333332 1.0
7 0.8036458333333334 0.4967592592592593 0.027083333333333334 0.04537037037037037
9 0.8018229166666666 0.537962962962963 0.0328125 0.040740740740740744
9 0.7010416666666667 0.5009259259259259 0.01875 0.024074074074074074
7 0.7020833333333333 0.4763888888888889 0.016666666666666666 0.012037037037037037
0 0.6799479166666668 0.4837962962962963 0.025520833333333333 0.04722222222222222
