7 0.09453125 0.35555555555555557 0.1890625 0.6194444444444445
0 0.173046875 0.46944444444444444 0.34609375 0.9388888888888889
7 0.535546875 0.22847222222222222 0.03046875 0.08194444444444444
9 0.521875 0.3090277777777778 0.0703125 0.11527777777777778
0 0.65078125 0.26666666666666666 0.065625 0.18333333333333332
7 0.7097656250000001 0.2361111111111111 0.01015625 0.027777777777777776
6 0.70390625 0.25555555555555554 0.0046875 0.041666666666666664
0 0.7414062499999999 0.25625 0.0484375 0.12083333333333333
0 0.894140625 0.5 0.21171875 1.0
7 0.851953125 0.6305555555555555 0.29609375 0.725
