0 0.750390625 0.2965277777777778 0.03203125 0.09305555555555556
0 0.8234375 0.27013888888888893 0.0421875 0.14027777777777778
0 0.9171874999999999 0.4951388888888889 0.165625 0.9902777777777778
7 0.908203125 0.5020833333333333 0.18359375 0.9958333333333333
7 0.689453125 0.26805555555555555 0.02421875 0.041666666666666664
9 0.6828124999999999 0.33194444444444443 0.04375 0.09166666666666666
7 0.65390625 0.2895833333333333 0.0109375 0.06527777777777778
0 0.730078125 0.2881944444444445 0.01015625 0.059722222222222225
0 0.784765625 0.2826388888888889 0.01640625 0.034722222222222224
0 0.7710937499999999 0.2826388888888889 0.009375 0.02638888888888889
0 0.794921875 0.28055555555555556 0.00390625 0.022222222222222223
