7 0.044140625 0.2361111111111111 0.02109375 0.06388888888888888
7 0.065234375 0.23888888888888887 0.02578125 0.06944444444444445
0 0.18828124999999998 0.2451388888888889 0.034375 0.07083333333333333
0 0.21953125 0.24444444444444446 0.028125 0.05555555555555555
7 0.23593750000000002 0.23402777777777778 0.009375 0.04027777777777778
2 0.26992187500000003 0.21041666666666667 0.06171875 0.09861111111111111
0 0.5128906249999999 0.22986111111111113 0.04453125 0.08472222222222223
7 0.790234375 0.2125 0.02734375 0.09444444444444444
7 0.587890625 0.21319444444444444 0.01484375 0.05138888888888889
9 0.583984375 0.21944444444444444 0.04296875 0.09166666666666666
7 0.898046875 0.5 0.20234375 1.0
0 0.873828125 0.5 0.05546875 1.0
