0 0.580078125 0.35833333333333334 0.06953125 0.15833333333333333
0 0.22265625 0.5 0.4453125 1.0
7 0.144921875 0.45625 0.28515625 0.7236111111111111
9 0.468359375 0.4340277777777778 0.17109375 0.5819444444444445
0 0.79453125 0.3645833333333333 0.109375 0.3013888888888889
0 0.726953125 0.3375 0.02265625 0.058333333333333334
0 0.91953125 0.5 0.1609375 1.0
7 0.8703125 0.46319444444444446 0.259375 0.9263888888888889
9 0.705078125 0.3423611111111111 0.02109375 0.0375
7 0.706640625 0.3125 0.01015625 0.019444444444444445
