9 0.272265625 0.5020833333333333 0.54453125 0.9958333333333333
7 0.41874999999999996 0.2777777777777778 0.1765625 0.55
0 0.729296875 0.2965277777777778 0.08203125 0.2152777777777778
0 0.9132812499999999 0.5 0.1734375 1.0
7 0.866796875 0.42777777777777776 0.26640625 0.8555555555555555
9 0.658984375 0.2861111111111111 0.02421875 0.07777777777777778
0 0.5921875 0.29583333333333334 0.0515625 0.09444444444444444
0 0.6214843750000001 0.2861111111111111 0.01015625 0.06388888888888888
0 0.640234375 0.28541666666666665 0.01640625 0.06527777777777778
7 0.6734375 0.27222222222222225 0.0125 0.027777777777777776
1 0.6734375 0.29930555555555555 0.0078125 0.029166666666666667
