7 0.642578125 0.3090277777777778 0.03828125 0.18194444444444444
7 0.494921875 0.2833333333333333 0.01953125 0.125
7 0.448828125 0.2923611111111111 0.03828125 0.12361111111111112
7 0.383203125 0.30069444444444443 0.02421875 0.1597222222222222
9 0.70859375 0.28888888888888886 0.059375 0.18055555555555555
7 0.683203125 0.2625 0.01953125 0.05555555555555555
1 0.6792968749999999 0.3194444444444444 0.02109375 0.075
0 0.887109375 0.5 0.21171875 1.0
7 0.8828125 0.47708333333333336 0.2203125 0.9541666666666667
7 0.5121093750000001 0.29166666666666663 0.01796875 0.14166666666666666
0 0.566015625 0.30347222222222225 0.07890625 0.20416666666666666
0 0.627734375 0.2847222222222222 0.04453125 0.1527777777777778
0 0.6625 0.275 0.0265625 0.08333333333333333
