0 0.4666666666666667 0.5203703703703704 0.08020833333333334 0.23148148148148148
7 0.5986979166666667 0.5148148148148148 0.0609375 0.17407407407407408
6 0.5968749999999999 0.6402777777777778 0.04375 0.16018518518518518
0 0.8057291666666666 0.5337962962962963 0.04375 0.1175925925925926
9 0.7763020833333334 0.5277777777777778 0.018229166666666668 0.08333333333333333
7 0.8390624999999999 0.5087962962962963 0.008333333333333333 0.03796296296296296
7 0.884375 0.524074074074074 0.015625 0.04259259259259259
9 0.8348958333333334 0.5569444444444445 0.021875 0.03796296296296296
9 0.8757812500000001 0.5699074074074074 0.030729166666666665 0.05277777777777778
7 0.825 0.7310185185185185 0.35 0.525
0 0.23463541666666665 0.4907407407407407 0.0921875 0.14629629629629629
0 0.07994791666666666 0.5 0.15989583333333332 1.0
0 0.17708333333333334 0.47314814814814815 0.029166666666666667 0.15
7 0.28619791666666666 0.5226851851851851 0.022395833333333334 0.05092592592592592
7 0.5479166666666667 0.48148148148148145 0.011458333333333333 0.03148148148148148
0 0.5674479166666667 0.4888888888888889 0.025520833333333333 0.053703703703703705
7 0.528125 0.48148148148148145 0.013541666666666667 0.03148148148148148
0 0.7471354166666667 0.5069444444444444 0.025520833333333333 0.062037037037037036
0 0.6783854166666666 0.4949074074074074 0.024479166666666666 0.04537037037037037
