0 0.5984375 0.32638888888888884 0.2046875 0.5083333333333333
7 0.41953124999999997 0.35 0.053125 0.2611111111111111
9 0.741796875 0.25763888888888886 0.02265625 0.0625
0 0.8093750000000001 0.25277777777777777 0.0265625 0.06111111111111111
7 0.884765625 0.5 0.23046875 1.0
7 0.504296875 0.3277777777777778 0.02265625 0.29444444444444445
0 0.78125 0.2548611111111111 0.0140625 0.04027777777777778
0 0.791796875 0.2583333333333333 0.00859375 0.04722222222222222
9 0.836328125 0.2548611111111111 0.01171875 0.0375
6 0.7578125 0.26666666666666666 0.0109375 0.027777777777777776
7 0.7609375 0.2520833333333333 0.0140625 0.02361111111111111
