7 0.20390625 0.3354166666666667 0.059375 0.2847222222222222
7 0.241796875 0.28680555555555554 0.04296875 0.17916666666666667
7 0.371875 0.26875 0.0234375 0.14027777777777778
7 0.146484375 0.2930555555555555 0.04765625 0.21944444444444444
7 0.58515625 0.11527777777777778 0.01875 0.07777777777777778
11 0.61953125 0.21041666666666664 0.103125 0.1986111111111111
11 0.68515625 0.22430555555555554 0.028125 0.0875
9 0.455859375 0.3090277777777778 0.08828125 0.12638888888888888
0 0.891015625 0.5 0.21796875 1.0
7 0.62578125 0.13055555555555554 0.0203125 0.04722222222222222
3 0.75234375 0.22083333333333333 0.0265625 0.019444444444444445
