7 0.5222656250000001 0.3451388888888889 0.03828125 0.27361111111111114
7 0.63515625 0.33194444444444443 0.0359375 0.2222222222222222
0 0.5710937500000001 0.3027777777777778 0.08125 0.25833333333333336
9 0.7476562499999999 0.30694444444444446 0.0640625 0.16944444444444445
0 0.86484375 0.9020833333333333 0.0546875 0.19583333333333333
7 0.887109375 0.5 0.22578125 1.0
0 0.6843750000000001 0.28055555555555556 0.0296875 0.075
0 0.712890625 0.26944444444444443 0.02109375 0.044444444444444446
0 0.7820312500000001 0.2673611111111111 0.0140625 0.06527777777777778
0 0.814453125 0.26666666666666666 0.04453125 0.13333333333333333
