7 0.219140625 0.28958333333333336 0.05078125 0.38472222222222224
7 0.051953124999999996 0.2875 0.08359375 0.4
7 0.57890625 0.2520833333333333 0.0171875 0.11527777777777778
7 0.61015625 0.28194444444444444 0.0203125 0.09444444444444444
0 0.694921875 0.2548611111111111 0.03515625 0.1125
0 0.74609375 0.2520833333333333 0.04375 0.12361111111111112
0 0.7953125000000001 0.23888888888888887 0.021875 0.03888888888888889
0 0.85546875 0.15416666666666667 0.0421875 0.11388888888888889
0 0.928125 0.4986111111111111 0.14375 0.9944444444444445
7 0.8917968749999999 0.35416666666666663 0.21640625 0.6666666666666666
