7 0.47226562499999997 0.39583333333333337 0.11953125 0.5
7 0.312109375 0.41944444444444445 0.15546875 0.6111111111111112
9 0.7515624999999999 0.2659722222222222 0.0796875 0.22083333333333333
0 0.6722656250000001 0.2472222222222222 0.04140625 0.08055555555555556
7 0.628515625 0.24791666666666667 0.01796875 0.05416666666666667
0 0.8093750000000001 0.20277777777777778 0.0421875 0.1111111111111111
7 0.8757812500000001 0.37222222222222223 0.2484375 0.7444444444444445
0 0.908984375 0.49722222222222223 0.14609375 0.9694444444444444
0 0.399609375 0.2791666666666667 0.20703125 0.4361111111111111
0 0.708203125 0.22847222222222222 0.02265625 0.05138888888888889
