0 0.158203125 0.35000000000000003 0.08203125 0.15
3 0.062109375 0.3590277777777778 0.12109375 0.1763888888888889
0 0.7859375 0.38402777777777775 0.1734375 0.45694444444444443
7 0.9015625 0.4361111111111111 0.1625 0.8333333333333334
0 0.9226562500000001 0.5 0.1546875 1.0
0 0.359765625 0.3270833333333333 0.02421875 0.04583333333333333
2 0.391796875 0.30624999999999997 0.05234375 0.07361111111111111
0 0.38906250000000003 0.32499999999999996 0.01875 0.04722222222222222
2 0.440234375 0.31527777777777777 0.02109375 0.044444444444444446
0 0.43515625 0.3277777777777778 0.0171875 0.03611111111111111
