7 0.3375 0.3569444444444444 0.0484375 0.3333333333333333
7 0.249609375 0.3375 0.05703125 0.25277777777777777
0 0.615234375 0.3868055555555555 0.26171875 0.6652777777777777
0 0.48046875 0.2895833333333333 0.05625 0.2875
0 0.83046875 0.28125 0.0234375 0.06805555555555555
0 0.88359375 0.8923611111111112 0.0671875 0.2152777777777778
7 0.9152343749999999 0.5020833333333333 0.16953125 0.9958333333333333
7 0.76328125 0.2847222222222222 0.0109375 0.058333333333333334
9 0.788671875 0.27638888888888885 0.01796875 0.03888888888888889
0 0.814453125 0.2736111111111111 0.00859375 0.03611111111111111
7 0.7785156249999999 0.275 0.00546875 0.022222222222222223
