7 0.5316406250000001 0.3368055555555555 0.04140625 0.1625
1 0.531640625 0.45555555555555555 0.03203125 0.11666666666666667
0 0.684765625 0.3597222222222222 0.09765625 0.31666666666666665
0 0.7398437499999999 0.32083333333333336 0.0171875 0.06111111111111111
0 0.7652343749999999 0.3125 0.01328125 0.03888888888888889
7 0.870703125 0.44583333333333336 0.25859375 0.7138888888888889
0 0.8953125000000001 0.5 0.209375 1.0
6 0.6195312500000001 0.34652777777777777 0.021875 0.05694444444444444
7 0.60390625 0.32847222222222217 0.0203125 0.07916666666666666
7 0.59375 0.30763888888888885 0.009375 0.0375
0 0.807421875 0.30277777777777776 0.00859375 0.030555555555555555
0 0.796875 0.29791666666666666 0.0078125 0.02361111111111111
