7 0.171484375 0.4902777777777778 0.12421875 0.5638888888888889
9 0.74609375 0.30833333333333335 0.0421875 0.11388888888888889
0 0.7921874999999999 0.2923611111111111 0.0328125 0.06805555555555555
0 0.8250000000000001 0.2715277777777778 0.0296875 0.09583333333333334
0 0.925390625 0.5 0.14921875 1.0
7 0.876953125 0.5 0.24609375 1.0
7 0.6585937500000001 0.3 0.00625 0.041666666666666664
7 0.674609375 0.31319444444444444 0.01171875 0.0763888888888889
7 0.6875 0.30486111111111114 0.0125 0.09027777777777778
0 0.698828125 0.29444444444444445 0.02578125 0.08611111111111111
