7 0.439453125 0.36180555555555555 0.04609375 0.24305555555555555
7 0.405859375 0.3826388888888889 0.03515625 0.09027777777777778
7 0.467578125 0.3145833333333333 0.01796875 0.09583333333333334
7 0.61796875 0.3458333333333333 0.028125 0.1111111111111111
0 0.654296875 0.34444444444444444 0.06328125 0.13333333333333333
9 0.55546875 0.35625 0.075 0.21805555555555556
0 0.8214843749999999 0.32361111111111107 0.07109375 0.20277777777777778
0 0.9304687500000001 0.5 0.1390625 1.0
7 0.9 0.4673611111111111 0.2 0.9263888888888889
0 0.12890625 0.4027777777777778 0.2578125 0.8055555555555556
