0 0.5730468750000001 0.3576388888888889 0.08046875 0.18194444444444444
7 0.517578125 0.34097222222222223 0.02265625 0.10138888888888889
9 0.388671875 0.41736111111111107 0.24609375 0.6930555555555555
0 0.3046875 0.35694444444444445 0.05 0.19166666666666668
0 0.79375 0.33472222222222225 0.109375 0.3055555555555556
0 0.9249999999999999 0.5 0.15 1.0
7 0.8898437499999999 0.4548611111111111 0.2203125 0.9097222222222222
0 0.1515625 0.5 0.303125 1.0
9 0.7191406250000001 0.3236111111111111 0.03359375 0.05277777777777778
7 0.72109375 0.28958333333333336 0.0125 0.02361111111111111
