0 0.594140625 0.3347222222222222 0.19609375 0.4861111111111111
7 0.46054687499999997 0.3402777777777778 0.04140625 0.20277777777777778
9 0.735546875 0.25625 0.02578125 0.059722222222222225
0 0.8015625000000001 0.2548611111111111 0.021875 0.06527777777777778
0 0.9 0.5006944444444444 0.2 0.9986111111111111
7 0.8875000000000001 0.4986111111111111 0.225 0.9972222222222222
7 0.7570312499999999 0.2486111111111111 0.0171875 0.022222222222222223
6 0.7546875 0.2680555555555556 0.0125 0.016666666666666666
0 0.7757812500000001 0.25625 0.021875 0.043055555555555555
9 0.828125 0.25 0.0171875 0.030555555555555555
