0 0.642578125 0.28125 0.06796875 0.19305555555555556
0 0.732421875 0.2673611111111111 0.04921875 0.10416666666666667
0 0.878515625 0.49930555555555556 0.24296875 0.9958333333333333
7 0.70859375 0.9958333333333333 0.0109375 0.008333333333333333
7 0.848046875 0.6326388888888889 0.29296875 0.7263888888888889
0 0.124609375 0.4986111111111111 0.24921875 0.9972222222222222
7 0.03359375 0.6444444444444444 0.0671875 0.5361111111111111
9 0.5078125 0.33819444444444446 0.06875 0.14583333333333334
7 0.5109375 0.2215277777777778 0.0296875 0.059722222222222225
7 0.702734375 0.2472222222222222 0.01796875 0.03611111111111111
6 0.701953125 0.2729166666666667 0.01640625 0.018055555555555554
