11 0.62265625 0.19930555555555557 0.109375 0.19583333333333333
7 0.5886718750000001 0.125 0.01484375 0.08888888888888889
7 0.391796875 0.25763888888888886 0.02734375 0.12638888888888888
7 0.2734375 0.3354166666666667 0.0515625 0.23472222222222222
7 0.200390625 0.28402777777777777 0.03828125 0.1986111111111111
9 0.47265625 0.2986111111111111 0.0796875 0.11944444444444445
0 0.900390625 0.5 0.19921875 1.0
7 0.6292968750000001 0.12638888888888888 0.01796875 0.044444444444444446
11 0.687109375 0.2104166666666667 0.02734375 0.08472222222222223
3 0.751953125 0.21041666666666667 0.02421875 0.018055555555555554
