7 0.50546875 0.45138888888888884 0.203125 0.8277777777777777
0 0.2078125 0.4909722222222222 0.4078125 0.9819444444444444
7 0.32148437500000004 0.38263888888888886 0.14921875 0.7319444444444444
0 0.866796875 0.5 0.26640625 1.0
0 0.605859375 0.30833333333333335 0.10703125 0.39444444444444443
0 0.68359375 0.26180555555555557 0.0546875 0.1763888888888889
7 0.765234375 0.21458333333333332 0.03203125 0.09583333333333334
9 0.755078125 0.3416666666666667 0.04296875 0.10833333333333334
0 0.42890625 0.30833333333333335 0.0515625 0.30277777777777776
9 0.9445312499999999 0.27847222222222223 0.04375 0.10416666666666667
