7 0.91796875 0.4534722222222222 0.1640625 0.9041666666666667
0 0.85546875 0.26180555555555557 0.05 0.09027777777777778
0 0.7917968750000001 0.2618055555555555 0.03828125 0.07916666666666666
7 0.819140625 0.2576388888888889 0.01328125 0.09583333333333334
0 0.42304687500000004 0.3076388888888889 0.21796875 0.44305555555555554
7 0.31093750000000003 0.2798611111111111 0.025 0.23194444444444445
7 0.15468749999999998 0.27847222222222223 0.0875 0.3013888888888889
7 0.01484375 0.27083333333333337 0.0296875 0.3111111111111111
7 0.7703125 0.24861111111111112 0.0125 0.05555555555555555
9 0.753515625 0.2534722222222222 0.03359375 0.059722222222222225
