0 0.8421875000000001 0.3458333333333333 0.2015625 0.5777777777777777
0 0.9601562499999999 0.5083333333333333 0.0796875 0.9833333333333333
7 0.953125 0.5013888888888889 0.09375 0.9972222222222222
0 0.144140625 0.3388888888888889 0.08203125 0.12777777777777777
3 0.025390625 0.3541666666666667 0.05078125 0.18888888888888888
7 0.19609375 0.2875 0.009375 0.09166666666666666
0 0.403515625 0.29930555555555555 0.02109375 0.029166666666666667
0 0.451953125 0.3034722222222222 0.01796875 0.04583333333333333
2 0.4484375 0.28888888888888886 0.05625 0.08611111111111111
7 0.21757812499999998 0.31319444444444444 0.01484375 0.04027777777777778
7 0.671875 0.2930555555555555 0.0140625 0.041666666666666664
9 0.671484375 0.2881944444444444 0.03359375 0.0763888888888889
