0 0.9453125 0.5034722222222222 0.109375 0.9930555555555556
7 0.917578125 0.49097222222222225 0.16484375 0.9541666666666667
0 0.824609375 0.225 0.02734375 0.06111111111111111
0 0.86171875 0.2222222222222222 0.0109375 0.05
0 0.73203125 0.24027777777777778 0.0453125 0.12222222222222222
7 0.61875 0.24236111111111114 0.0203125 0.12916666666666668
7 0.640234375 0.24097222222222225 0.02421875 0.12916666666666668
7 0.659375 0.23402777777777778 0.0109375 0.09861111111111111
7 0.8414062499999999 0.22222222222222224 0.009375 0.06111111111111111
7 0.851953125 0.22916666666666669 0.01328125 0.05555555555555555
0 0.87734375 0.22361111111111112 0.025 0.06388888888888888
