7 0.6285156249999999 0.21666666666666667 0.03671875 0.11666666666666667
9 0.68203125 0.24444444444444446 0.040625 0.1527777777777778
0 0.723828125 0.2326388888888889 0.02578125 0.08194444444444444
0 0.886328125 0.5 0.22734375 1.0
7 0.575 0.2111111111111111 0.03125 0.04722222222222222
9 0.56484375 0.28402777777777777 0.0546875 0.05694444444444444
9 0.482421875 0.24305555555555558 0.05546875 0.11666666666666667
7 0.49374999999999997 0.25416666666666665 0.00625 0.09444444444444444
7 0.390234375 0.21805555555555556 0.01484375 0.05277777777777778
7 0.32890625 0.2465277777777778 0.040625 0.07083333333333333
7 0.07695312500000001 0.28055555555555556 0.05390625 0.25277777777777777
7 0.023828125 0.27569444444444446 0.04765625 0.24583333333333332
1 0.6234375000000001 0.3111111111111111 0.021875 0.1111111111111111
