7 0.166796875 0.3104166666666667 0.08984375 0.45694444444444443
0 0.2359375 0.4986111111111111 0.4578125 0.9972222222222222
7 0.51015625 0.24930555555555556 0.025 0.05694444444444444
0 0.62265625 0.2638888888888889 0.090625 0.2388888888888889
0 0.736328125 0.24652777777777776 0.02890625 0.08194444444444444
7 0.684765625 0.23819444444444446 0.01171875 0.04027777777777778
7 0.764453125 0.22916666666666669 0.01171875 0.027777777777777776
1 0.7640625 0.2569444444444445 0.0046875 0.03333333333333333
0 0.9054687499999999 0.5 0.1890625 1.0
7 0.867578125 0.6215277777777778 0.26484375 0.7347222222222223
