0 0.54375 0.37013888888888885 0.290625 0.7319444444444444
0 0.724609375 0.2763888888888889 0.02578125 0.075
0 0.8832031250000001 0.27083333333333337 0.17421875 0.325
0 0.9265625000000001 0.5 0.146875 1.0
7 0.8875000000000001 0.5069444444444444 0.225 0.9861111111111112
7 0.17578125 0.29305555555555557 0.0296875 0.19444444444444445
9 0.703125 0.2743055555555555 0.0171875 0.05694444444444444
0 0.7527343750000001 0.2652777777777778 0.01484375 0.030555555555555555
0 0.798046875 0.26458333333333334 0.01171875 0.03194444444444444
0 0.784375 0.25625 0.0078125 0.02361111111111111
