0 0.508203125 0.3076388888888889 0.31953125 0.6152777777777778
0 0.8359375 0.13541666666666669 0.0203125 0.08472222222222223
9 0.80078125 0.13055555555555554 0.03125 0.08611111111111111
0 0.962890625 0.5 0.07421875 1.0
7 0.9265625000000001 0.5 0.146875 1.0
7 0.169140625 0.1826388888888889 0.02734375 0.19305555555555556
7 0.7316406249999999 0.13680555555555554 0.01328125 0.059722222222222225
0 0.74609375 0.13402777777777777 0.01875 0.07083333333333333
0 0.7710937499999999 0.13333333333333333 0.025 0.07222222222222222
0 0.85625 0.12569444444444444 0.0328125 0.0625
0 0.887109375 0.13194444444444445 0.02734375 0.075
0 0.9171874999999999 0.12708333333333333 0.0359375 0.09305555555555556
