0 0.591015625 0.36944444444444446 0.11171875 0.23055555555555557
7 0.53359375 0.3951388888888889 0.0328125 0.18472222222222223
0 0.498828125 0.325 0.04140625 0.09722222222222222
7 0.1390625 0.30833333333333335 0.0578125 0.225
9 0.15 0.5256944444444445 0.3 0.9402777777777778
0 0.80390625 0.33611111111111114 0.0859375 0.2222222222222222
0 0.921484375 0.5041666666666667 0.15703125 0.9916666666666667
7 0.90859375 0.5055555555555555 0.1828125 0.9888888888888889
7 0.2125 0.35625 0.0390625 0.23472222222222222
7 0.308203125 0.31319444444444444 0.01953125 0.07361111111111111
3 0.354296875 0.32152777777777775 0.03828125 0.06527777777777778
7 0.15664062499999998 0.3534722222222222 0.04140625 0.2375
