0 0.7765624999999999 0.3083333333333333 0.025 0.075
0 0.8394531249999999 0.33055555555555555 0.09921875 0.225
0 0.928125 0.5 0.14375 1.0
7 0.89453125 0.4222222222222222 0.2109375 0.8305555555555556
7 0.0296875 0.41180555555555554 0.059375 0.29305555555555557
7 0.559765625 0.32430555555555557 0.01484375 0.11527777777777778
9 0.741015625 0.325 0.02734375 0.05277777777777778
7 0.741796875 0.2868055555555556 0.01796875 0.02638888888888889
7 0.724609375 0.29583333333333334 0.00390625 0.044444444444444446
7 0.727734375 0.2965277777777778 0.00390625 0.034722222222222224
7 0.731640625 0.2881944444444445 0.00390625 0.020833333333333332
