9 0.59140625 0.28402777777777777 0.04375 0.13472222222222222
9 0.60234375 0.3215277777777778 0.05625 0.09583333333333334
9 0.64765625 0.3111111111111111 0.0390625 0.06666666666666667
7 0.641015625 0.27152777777777776 0.01171875 0.04583333333333333
0 0.8171875000000001 0.2881944444444445 0.0265625 0.05416666666666667
7 0.789453125 0.2777777777777778 0.01171875 0.03333333333333333
0 0.920703125 0.25833333333333336 0.15390625 0.5166666666666667
7 0.871484375 0.6493055555555556 0.25703125 0.7013888888888888
7 0.49101562499999996 0.2895833333333333 0.01640625 0.07916666666666666
7 0.50390625 0.29374999999999996 0.0140625 0.07916666666666666
7 0.519921875 0.30694444444444446 0.01640625 0.07777777777777778
1 0.75390625 0.29305555555555557 0.0046875 0.019444444444444445
7 0.7546875 0.27569444444444446 0.0078125 0.018055555555555554
6 0.789453125 0.2972222222222222 0.01171875 0.025
0 0.801171875 0.2791666666666667 0.01171875 0.03611111111111111
