0 0.798046875 0.2902777777777778 0.02734375 0.058333333333333334
7 0.27187500000000003 0.3951388888888889 0.065625 0.3625
6 0.077734375 0.33819444444444446 0.11171875 0.1736111111111111
0 0.863671875 0.5013888888888889 0.27265625 0.9972222222222222
7 0.86328125 0.6597222222222222 0.2734375 0.6805555555555556
7 0.774609375 0.27708333333333335 0.01015625 0.02361111111111111
6 0.775 0.3013888888888889 0.0109375 0.027777777777777776
9 0.68828125 0.3104166666666667 0.0359375 0.04027777777777778
9 0.674609375 0.27499999999999997 0.01640625 0.03611111111111111
7 0.61953125 0.2965277777777778 0.0125 0.04583333333333333
7 0.6511718750000001 0.3034722222222222 0.01015625 0.04027777777777778
7 0.6433593750000001 0.30624999999999997 0.00703125 0.034722222222222224
1 0.7511718749999999 0.2965277777777778 0.00546875 0.020833333333333332
