7 0.35585937500000003 0.3819444444444444 0.09140625 0.35833333333333334
7 0.18828125 0.34375 0.078125 0.29583333333333334
0 0.93984375 0.10833333333333334 0.1046875 0.21666666666666667
0 0.8515625 0.9222222222222223 0.0421875 0.15555555555555556
7 0.883203125 0.5034722222222222 0.23359375 0.9930555555555556
0 0.7453125 0.24722222222222223 0.03125 0.06944444444444445
0 0.7953125 0.24097222222222223 0.0234375 0.05694444444444444
0 0.86328125 0.23888888888888887 0.0171875 0.03611111111111111
0 0.848046875 0.23194444444444445 0.01171875 0.025
7 0.6265625 0.26180555555555557 0.0109375 0.05138888888888889
