7 0.6195312500000001 0.34097222222222223 0.0140625 0.08194444444444444
7 0.701953125 0.3194444444444444 0.01171875 0.03333333333333333
6 0.7000000000000001 0.34791666666666665 0.0109375 0.0375
0 0.733203125 0.3347222222222222 0.03515625 0.06944444444444445
7 0.7582031250000001 0.32222222222222224 0.01015625 0.025
6 0.758984375 0.34375 0.01171875 0.034722222222222224
11 0.80390625 0.3027777777777778 0.0609375 0.12777777777777777
0 0.874609375 0.33611111111111114 0.25078125 0.6722222222222223
7 0.85859375 0.6965277777777777 0.2828125 0.6069444444444444
2 0.7503906250000001 0.30833333333333335 0.02578125 0.058333333333333334
