9 0.06874999999999999 0.5284722222222222 0.128125 0.35138888888888886
7 0.618359375 0.36388888888888893 0.01484375 0.08055555555555556
7 0.696875 0.3375 0.0109375 0.03333333333333333
6 0.6949218749999999 0.37083333333333335 0.01328125 0.030555555555555555
0 0.7265625 0.3590277777777778 0.0359375 0.07361111111111111
7 0.749609375 0.3416666666666667 0.00703125 0.016666666666666666
6 0.74921875 0.3645833333333333 0.0078125 0.02638888888888889
11 0.7914062500000001 0.325 0.053125 0.12222222222222222
2 0.744140625 0.3194444444444445 0.02421875 0.027777777777777776
0 0.708984375 0.34652777777777777 0.01171875 0.02638888888888889
0 0.8671875 0.5 0.265625 1.0
7 0.8578125 0.7027777777777777 0.284375 0.5944444444444444
