7 0.609375 0.7541666666666667 0.011458333333333333 0.05277777777777778
6 0.6161458333333334 0.7925925925925926 0.030208333333333334 0.05555555555555555
3 0.2734375 0.7226851851851852 0.030208333333333334 0.06944444444444445
7 0.3177083333333333 0.7101851851851851 0.004166666666666667 0.014814814814814815
6 0.31692708333333336 0.7222222222222222 0.005729166666666666 0.020370370370370372
7 0.3328125 0.7101851851851853 0.003125 0.009259259259259259
6 0.3328125 0.7175925925925926 0.003125 0.011111111111111112
3 0.34765625 0.7203703703703703 0.019270833333333334 0.025925925925925925
2 0.34375 0.6953703703703704 0.011458333333333333 0.018518518518518517
2 0.371875 0.6925925925925926 0.013541666666666667 0.02962962962962963
