9 0.010677083333333334 0.7222222222222222 0.021354166666666667 0.12777777777777777
0 0.27421875 0.687962962962963 0.0140625 0.02962962962962963
11 0.29947916666666663 0.6712962962962963 0.028125 0.06296296296296296
7 0.30442708333333335 0.6412037037037037 0.0078125 0.019444444444444445
9 0.3299479166666666 0.6814814814814816 0.0067708333333333336 0.018518518518518517
9 0.34218750000000003 0.6796296296296297 0.005208333333333333 0.012962962962962963
11 0.4088541666666667 0.6726851851851852 0.015625 0.032407407407407406
11 0.39479166666666665 0.6749999999999999 0.004166666666666667 0.011111111111111112
7 0.3768229166666667 0.6782407407407407 0.0026041666666666665 0.008333333333333333
7 0.3890625 0.6777777777777777 0.0020833333333333333 0.007407407407407408
11 0.7236979166666667 0.7120370370370371 0.05364583333333333 0.05925925925925926
7 0.2526041666666667 0.687037037037037 0.007291666666666667 0.022222222222222223
