3 0.5401041666666667 0.5597222222222222 0.011458333333333333 0.023148148148148147
0 0.2815104166666667 0.5611111111111111 0.0265625 0.053703703703703705
0 0.31276041666666665 0.5671296296296297 0.027604166666666666 0.058333333333333334
2 0.7552083333333334 0.5847222222222221 0.12395833333333334 0.13796296296296295
2 0.8276041666666667 0.5523148148148148 0.057291666666666664 0.09351851851851851
2 0.6572916666666667 0.548148148148148 0.06979166666666667 0.07407407407407407
9 0.7440104166666667 0.6333333333333333 0.059895833333333336 0.06851851851851852
9 0.36328125 0.5546296296296296 0.011979166666666667 0.03148148148148148
9 0.353125 0.5537037037037037 0.009375 0.02962962962962963
6 0.3919270833333333 0.5671296296296297 0.0067708333333333336 0.026851851851851852
6 0.40677083333333336 0.5430555555555555 0.005208333333333333 0.013888888888888888
7 0.9708333333333333 0.587962962962963 0.058333333333333334 0.2759259259259259
7 0.8338541666666667 0.6305555555555555 0.01875 0.08333333333333333
7 0.8502604166666667 0.6393518518518518 0.018229166666666668 0.0787037037037037
7 0.8755208333333333 0.6370370370370371 0.023958333333333335 0.09259259259259259
7 0.8953125000000001 0.6453703703703704 0.022916666666666665 0.08518518518518518
7 0.9028645833333333 0.6268518518518519 0.0171875 0.07222222222222222
7 0.93671875 0.6527777777777777 0.0078125 0.10925925925925926
7 0.7046874999999999 0.6125 0.013541666666666667 0.0712962962962963
7 0.7190104166666667 0.6069444444444444 0.0171875 0.04351851851851852
7 0.7783854166666667 0.6287037037037037 0.0109375 0.05185185185185185
7 0.5489583333333333 0.5773148148148148 0.007291666666666667 0.028703703703703703
7 0.3354166666666667 0.5638888888888889 0.020833333333333332 0.05
7 0.3541666666666667 0.5481481481481482 0.005208333333333333 0.025925925925925925
7 0.35911458333333335 0.5509259259259259 0.0078125 0.024074074074074074
7 0.39296875000000003 0.5527777777777777 0.013020833333333334 0.022222222222222223
7 0.4059895833333333 0.5342592592592592 0.0046875 0.011111111111111112
7 0.42500000000000004 0.5273148148148148 0.003125 0.012037037037037037
7 0.02395833333333333 0.5550925925925926 0.014583333333333334 0.03981481481481482
