7 0.26640625 0.7615740740740741 0.021354166666666667 0.05648148148148148
6 0.26171875 0.7930555555555555 0.0140625 0.04537037037037037
7 0.3502604166666667 0.7555555555555555 0.0109375 0.022222222222222223
6 0.35052083333333334 0.7699074074074075 0.005208333333333333 0.021296296296296296
7 0.3677083333333333 0.7560185185185185 0.00625 0.023148148148148147
6 0.36770833333333336 0.7717592592592593 0.005208333333333333 0.021296296296296296
3 0.41953124999999997 0.7930555555555555 0.0609375 0.0787037037037037
11 0.4 0.7587962962962963 0.017708333333333333 0.03425925925925926
2 0.46901041666666665 0.7578703703703704 0.033854166666666664 0.058333333333333334
2 0.53671875 0.7523148148148149 0.0828125 0.10277777777777777
