2 0.5111979166666667 0.7314814814814815 0.0359375 0.03333333333333333
2 0.4875 0.7310185185185185 0.011458333333333333 0.025
11 0.42734374999999997 0.7379629629629629 0.022395833333333334 0.04814814814814815
7 0.19609375 0.7592592592592593 0.0067708333333333336 0.046296296296296294
7 0.20052083333333334 0.7564814814814815 0.010416666666666666 0.05925925925925926
7 0.21536458333333333 0.7592592592592592 0.008854166666666666 0.06296296296296296
7 0.23515624999999998 0.7546296296296297 0.009895833333333333 0.046296296296296294
7 0.24479166666666666 0.7564814814814815 0.00625 0.03888888888888889
7 0.2533854166666667 0.7601851851851852 0.0078125 0.04259259259259259
9 0.3161458333333333 0.7481481481481481 0.008333333333333333 0.025925925925925925
0 0.36197916666666663 0.7444444444444445 0.00625 0.012962962962962963
7 0.3809895833333333 0.7435185185185186 0.0078125 0.018518518518518517
