2 0.8611979166666667 0.7000000000000001 0.27760416666666665 0.22777777777777777
7 0.6776041666666667 0.7273148148148149 0.019791666666666666 0.03796296296296296
6 0.6752604166666667 0.7472222222222222 0.03802083333333333 0.03333333333333333
7 0.5861979166666668 0.7199074074074073 0.0140625 0.025
6 0.5869791666666667 0.7356481481481482 0.015625 0.017592592592592594
7 0.48281250000000003 0.7078703703703704 0.011458333333333333 0.013888888888888888
6 0.4830729166666667 0.7199074074074074 0.015104166666666667 0.010185185185185186
2 0.425 0.6861111111111111 0.021875 0.04814814814814815
3 0.3986979166666667 0.7023148148148148 0.013020833333333334 0.013888888888888888
11 0.37239583333333337 0.7027777777777777 0.020833333333333332 0.025925925925925925
7 0.37161458333333336 0.7055555555555555 0.005729166666666666 0.016666666666666666
6 0.36848958333333337 0.7148148148148148 0.008854166666666666 0.011111111111111112
7 0.33749999999999997 0.6995370370370371 0.00625 0.010185185185185186
6 0.33541666666666664 0.7069444444444444 0.004166666666666667 0.008333333333333333
7 0.31875 0.7 0.010416666666666666 0.011111111111111112
6 0.3182291666666667 0.7125 0.008333333333333333 0.013888888888888888
0 0.34791666666666665 0.6995370370370371 0.00625 0.012037037037037037
7 0.3536458333333333 0.6990740740740741 0.004166666666666667 0.014814814814814815
3 0.36197916666666663 0.7023148148148148 0.00625 0.013888888888888888
