0 0.29010416666666666 0.711574074074074 0.03125 0.05092592592592592
7 0.3216145833333333 0.6986111111111111 0.0036458333333333334 0.013888888888888888
6 0.321875 0.7083333333333334 0.003125 0.014814814814814815
3 0.34765625 0.7092592592592593 0.0234375 0.03148148148148148
7 0.3346354166666667 0.6967592592592593 0.0036458333333333334 0.010185185185185186
6 0.33463541666666663 0.7055555555555555 0.0026041666666666665 0.011111111111111112
7 0.3677083333333333 0.6953703703703704 0.0020833333333333333 0.009259259259259259
2 0.3580729166666667 0.6759259259259259 0.013020833333333334 0.022222222222222223
3 0.3442708333333333 0.6851851851851852 0.010416666666666666 0.014814814814814815
7 0.440625 0.7143518518518518 0.00625 0.008333333333333333
6 0.4424479166666667 0.7240740740740741 0.008854166666666666 0.014814814814814815
7 0.5260416666666667 0.7263888888888889 0.010416666666666666 0.03425925925925926
6 0.5276041666666667 0.75 0.009375 0.027777777777777776
