7 0.5640625 0.7180555555555556 0.014583333333333334 0.017592592592592594
7 0.47734375 0.7148148148148148 0.011979166666666667 0.022222222222222223
7 0.44895833333333335 0.7078703703703704 0.009375 0.021296296296296296
7 0.40989583333333335 0.6912037037037038 0.0020833333333333333 0.012037037037037037
6 0.41067708333333336 0.7004629629629631 0.0036458333333333334 0.010185185185185186
6 0.4484375 0.7138888888888889 0.007291666666666667 0.012962962962962963
6 0.478125 0.7314814814814815 0.009375 0.03148148148148148
6 0.5656249999999999 0.7537037037037037 0.023958333333333335 0.05185185185185185
0 0.30520833333333336 0.6990740740740741 0.01875 0.044444444444444446
3 0.35546875 0.6972222222222223 0.022395833333333334 0.03888888888888889
7 0.328125 0.6879629629629629 0.003125 0.016666666666666666
6 0.32708333333333334 0.7023148148148148 0.005208333333333333 0.010185185185185186
2 0.3549479166666667 0.675 0.013020833333333334 0.012962962962962963
