7 0.17317708333333334 0.7578703703703704 0.0171875 0.03611111111111111
7 0.20937499999999998 0.7495370370370371 0.00625 0.021296296296296296
6 0.17708333333333334 0.775462962962963 0.0125 0.03611111111111111
7 0.2333333333333333 0.7486111111111111 0.00625 0.019444444444444445
6 0.23281249999999998 0.7625 0.007291666666666667 0.013888888888888888
6 0.20859375 0.7615740740740741 0.0046875 0.01574074074074074
0 0.20572916666666669 0.75 0.008333333333333333 0.018518518518518517
0 0.19921875 0.7467592592592592 0.005729166666666666 0.013888888888888888
11 0.25755208333333335 0.7467592592592592 0.015104166666666667 0.025
7 0.2609375 0.7462962962962963 0.00625 0.014814814814814815
6 0.26015625 0.7569444444444444 0.0026041666666666665 0.012037037037037037
8 0.7609374999999999 0.7652777777777777 0.14583333333333334 0.11203703703703703
0 0.8484375000000001 0.7791666666666667 0.030208333333333334 0.05277777777777778
7 0.6299479166666667 0.7555555555555555 0.0140625 0.020370370370370372
6 0.6328125 0.7745370370370371 0.023958333333333335 0.01574074074074074
11 0.4765625 0.7125 0.08229166666666667 0.09722222222222222
3 0.4330729166666667 0.7541666666666667 0.024479166666666666 0.023148148148148147
2 0.33229166666666665 0.736574074074074 0.04375 0.049074074074074076
11 0.27031249999999996 0.7287037037037037 0.0125 0.020370370370370372
