7 0.37005208333333334 0.8037037037037037 0.0109375 0.044444444444444446
7 0.396875 0.8013888888888889 0.013541666666666667 0.028703703703703703
7 0.3125 0.799074074074074 0.007291666666666667 0.016666666666666666
3 0.22317708333333333 0.8912037037037037 0.19739583333333333 0.2175925925925926
0 0.3416666666666667 0.8046296296296296 0.034375 0.046296296296296294
0 0.515625 0.8203703703703703 0.071875 0.1037037037037037
2 0.48802083333333335 0.7865740740740741 0.13229166666666667 0.1638888888888889
11 0.5869791666666666 0.799537037037037 0.04479166666666667 0.08796296296296297
11 0.6833333333333333 0.8175925925925926 0.11770833333333333 0.1425925925925926
3 0.8377604166666667 0.8787037037037038 0.1515625 0.14074074074074075
7 0.6109375 0.8393518518518519 0.016666666666666666 0.08796296296296297
