0 0.3015625 0.7435185185185185 0.034375 0.06111111111111111
0 0.11328125 0.7453703703703703 0.0296875 0.10740740740740741
2 0.024479166666666666 0.6717592592592592 0.04895833333333333 0.36018518518518516
2 0.30052083333333335 0.6995370370370371 0.1 0.049074074074074076
9 0.07838541666666667 0.7481481481481482 0.0578125 0.14074074074074075
9 0.16354166666666667 0.7490740740740741 0.030208333333333334 0.12777777777777777
1 0.14140625 0.7847222222222223 0.019270833333333334 0.07685185185185185
7 0.45703125 0.8305555555555555 0.0859375 0.3388888888888889
7 0.23203125 0.8231481481481482 0.10572916666666667 0.34629629629629627
7 0.27578125000000003 0.7625 0.0171875 0.15092592592592594
7 0.14166666666666666 0.7282407407407407 0.019791666666666666 0.07314814814814814
7 0.09192708333333334 0.7060185185185185 0.011979166666666667 0.05092592592592592
