7 0.9174479166666667 0.8898148148148148 0.06614583333333333 0.1425925925925926
6 0.9473958333333333 0.9347222222222222 0.075 0.11944444444444445
3 0.5890625 0.8754629629629629 0.13854166666666667 0.12129629629629629
3 0.4901041666666666 0.8402777777777778 0.06145833333333333 0.06759259259259259
7 0.5216145833333334 0.8314814814814815 0.009895833333333333 0.020370370370370372
6 0.5223958333333333 0.8555555555555555 0.009375 0.03148148148148148
3 0.33046875 0.8425925925925927 0.07135416666666666 0.1
7 0.2721354166666667 0.8083333333333333 0.021354166666666667 0.05
6 0.26875 0.8458333333333333 0.014583333333333334 0.05277777777777778
7 0.31901041666666663 0.7930555555555556 0.0067708333333333336 0.010185185185185186
