7 0.9802083333333333 0.7731481481481481 0.03958333333333333 0.1259259259259259
2 0.47265625 0.700462962962963 0.034895833333333334 0.06944444444444445
3 0.45364583333333336 0.7240740740740741 0.020833333333333332 0.024074074074074074
3 0.4296875 0.7199074074074073 0.011458333333333333 0.025
3 0.4145833333333333 0.7212962962962963 0.008333333333333333 0.014814814814814815
7 0.3640625 0.7166666666666667 0.008333333333333333 0.012962962962962963
6 0.36484374999999997 0.7310185185185185 0.0067708333333333336 0.017592592592592594
7 0.37734375 0.7199074074074074 0.005729166666666666 0.017592592592592594
6 0.37656249999999997 0.7296296296296296 0.00625 0.011111111111111112
11 0.3744791666666667 0.7185185185185186 0.013541666666666667 0.025925925925925925
7 0.32343750000000004 0.7194444444444444 0.005208333333333333 0.014814814814814815
0 0.3182291666666667 0.7157407407407408 0.008333333333333333 0.014814814814814815
6 0.32135416666666666 0.7296296296296296 0.00625 0.016666666666666666
7 0.34401041666666665 0.7157407407407407 0.0046875 0.011111111111111112
6 0.3432291666666667 0.7231481481481481 0.003125 0.011111111111111112
3 0.3286458333333333 0.7148148148148148 0.004166666666666667 0.014814814814814815
