3 0.3375 0.6324074074074074 0.009375 0.012962962962962963
0 0.278125 0.7125 0.059375 0.12129629629629629
0 0.30807291666666664 0.6759259259259259 0.0203125 0.05555555555555555
0 0.47161458333333334 0.6726851851851852 0.019270833333333334 0.028703703703703703
0 0.3653645833333333 0.6324074074074074 0.0046875 0.011111111111111112
11 0.5057291666666667 0.6722222222222222 0.03229166666666667 0.04259259259259259
8 0.6247395833333333 0.6708333333333333 0.13072916666666667 0.10092592592592593
6 0.43515625 0.65 0.005729166666666666 0.016666666666666666
6 0.4171875 0.6439814814814815 0.004166666666666667 0.010185185185185186
6 0.35442708333333334 0.649537037037037 0.0046875 0.008333333333333333
7 0.4359375 0.6430555555555555 0.004166666666666667 0.010185185185185186
7 0.4174479166666667 0.6356481481481482 0.0036458333333333334 0.006481481481481481
7 0.3536458333333334 0.638425925925926 0.003125 0.010185185185185186
7 0.7578125 0.6893518518518519 0.009375 0.04722222222222222
7 0.21875 0.6657407407407407 0.022916666666666665 0.07407407407407407
