7 0.16510416666666666 0.7476851851851851 0.019791666666666666 0.04537037037037037
6 0.165625 0.7722222222222221 0.015625 0.027777777777777776
7 0.2921875 0.7444444444444445 0.013541666666666667 0.03333333333333333
6 0.2903645833333333 0.7736111111111111 0.011979166666666667 0.028703703703703703
7 0.3520833333333333 0.7449074074074074 0.008333333333333333 0.019444444444444445
6 0.3515625 0.7601851851851852 0.004166666666666667 0.020370370370370372
7 0.35911458333333335 0.7402777777777777 0.0036458333333333334 0.013888888888888888
6 0.359375 0.7527777777777779 0.004166666666666667 0.012962962962962963
7 0.3723958333333333 0.7486111111111111 0.004166666666666667 0.023148148148148147
6 0.3729166666666667 0.763888888888889 0.005208333333333333 0.014814814814814815
11 0.38958333333333334 0.7476851851851852 0.020833333333333332 0.041666666666666664
3 0.47005208333333337 0.8083333333333333 0.09114583333333333 0.11851851851851852
3 0.5575520833333334 0.7708333333333334 0.0453125 0.05277777777777778
7 0.67578125 0.7814814814814816 0.024479166666666666 0.03888888888888889
6 0.6789062499999999 0.7976851851851852 0.024479166666666666 0.023148148148148147
2 0.43984375000000003 0.737037037037037 0.028645833333333332 0.024074074074074074
2 0.47916666666666663 0.737962962962963 0.023958333333333335 0.018518518518518517
0 0.40729166666666666 0.7453703703703705 0.009375 0.018518518518518517
