4 0.575 0.7018518518518518 0.15416666666666667 0.2740740740740741
7 0.23229166666666667 0.737037037037037 0.013541666666666667 0.03888888888888889
7 0.24192708333333332 0.7337962962962963 0.011979166666666667 0.03981481481481482
7 0.26223958333333336 0.7296296296296296 0.0109375 0.040740740740740744
7 0.30078125 0.7148148148148148 0.0078125 0.022222222222222223
7 0.33697916666666666 0.7138888888888889 0.004166666666666667 0.024074074074074074
7 0.3828125 0.7189814814814814 0.00625 0.032407407407407406
7 0.3984375 0.7078703703703704 0.004166666666666667 0.010185185185185186
6 0.3979166666666667 0.7148148148148148 0.005208333333333333 0.009259259259259259
0 0.31640625 0.7143518518518519 0.013020833333333334 0.026851851851851852
0 0.32526041666666666 0.7124999999999999 0.0109375 0.025
0 0.33229166666666665 0.712037037037037 0.008333333333333333 0.024074074074074074
0 0.34609375 0.7115740740740741 0.0078125 0.021296296296296296
0 0.35833333333333334 0.7125 0.010416666666666666 0.023148148148148147
