7 0.2825520833333333 0.5962962962962963 0.009895833333333333 0.053703703703703705
7 0.29661458333333335 0.5953703703703703 0.009895833333333333 0.05740740740740741
7 0.21588541666666666 0.5768518518518518 0.021354166666666667 0.03148148148148148
9 0.22239583333333335 0.6078703703703703 0.04583333333333333 0.04537037037037037
11 0.5260416666666666 0.5791666666666666 0.03229166666666667 0.075
2 0.5645833333333333 0.5847222222222223 0.029166666666666667 0.032407407407407406
3 0.6007812499999999 0.5995370370370371 0.0171875 0.021296296296296296
0 0.10911458333333333 0.5944444444444444 0.0390625 0.09074074074074075
0 0.029947916666666668 0.6013888888888889 0.059895833333333336 0.11388888888888889
7 0.23046875 0.5819444444444445 0.008854166666666666 0.04351851851851852
11 0.3619791666666667 0.5694444444444444 0.05416666666666667 0.07222222222222222
