7 0.21796875 0.788888888888889 0.04114583333333333 0.26851851851851855
7 0.18229166666666666 0.7444444444444445 0.0375 0.16296296296296298
7 0.13385416666666666 0.8069444444444445 0.05 0.30462962962962964
7 0.015885416666666666 0.8092592592592593 0.03177083333333333 0.3592592592592593
3 0.3536458333333333 0.7842592592592592 0.134375 0.20925925925925926
0 0.43437499999999996 0.7388888888888889 0.06354166666666666 0.12037037037037036
3 0.23255208333333335 0.737037037037037 0.09635416666666667 0.14074074074074075
2 0.14505208333333333 0.6444444444444444 0.0734375 0.07222222222222222
0 0.121875 0.7592592592592592 0.0875 0.17962962962962964
7 0.06067708333333333 0.7583333333333333 0.028645833333333332 0.11296296296296296
3 0.28984374999999996 0.7305555555555555 0.018229166666666668 0.06851851851851852
