11 0.5252604166666667 0.5476851851851852 0.0296875 0.06574074074074074
7 0.58359375 0.5907407407407407 0.011979166666666667 0.025925925925925925
7 0.6260416666666667 0.5541666666666666 0.00625 0.025
7 0.7013020833333333 0.5638888888888889 0.0078125 0.03888888888888889
7 0.7111979166666667 0.5564814814814815 0.0067708333333333336 0.025925925925925925
7 0.7239583333333334 0.5541666666666667 0.00625 0.021296296296296296
7 0.7390625000000001 0.5712962962962963 0.007291666666666667 0.025925925925925925
7 0.67890625 0.5597222222222222 0.0067708333333333336 0.023148148148148147
7 0.6703125 0.562037037037037 0.007291666666666667 0.014814814814814815
7 0.46406250000000004 0.5546296296296297 0.003125 0.018518518518518517
7 0.4578125 0.5513888888888889 0.003125 0.017592592592592594
7 0.4416666666666667 0.549074074074074 0.005208333333333333 0.020370370370370372
7 0.40546875 0.5532407407407408 0.0067708333333333336 0.021296296296296296
6 0.4046875 0.5685185185185185 0.0125 0.018518518518518517
7 0.5619791666666667 0.5518518518518518 0.008333333333333333 0.022222222222222223
7 0.7815104166666667 0.5694444444444444 0.005729166666666666 0.016666666666666666
