0 0.2924479166666667 0.7365740740740742 0.10364583333333334 0.1638888888888889
0 0.23489583333333333 0.7078703703703704 0.042708333333333334 0.11018518518518519
2 0.5216145833333333 0.6550925925925927 0.030729166666666665 0.05648148148148148
11 0.20078125 0.6263888888888889 0.08697916666666666 0.06944444444444445
11 0.2828125 0.6231481481481481 0.06875 0.06296296296296296
9 0.15885416666666666 0.7490740740740741 0.08854166666666667 0.26481481481481484
9 0.09114583333333333 0.6837962962962962 0.04791666666666667 0.1527777777777778
9 0.3497395833333333 0.7027777777777777 0.025520833333333333 0.08888888888888889
9 0.5651041666666667 0.7125 0.04895833333333333 0.10092592592592593
6 0.47578125 0.8930555555555556 0.0953125 0.18981481481481483
6 0.10598958333333333 0.8805555555555555 0.1578125 0.2388888888888889
6 0.3848958333333333 0.7416666666666667 0.04583333333333333 0.07592592592592592
7 0.4825520833333333 0.7305555555555556 0.0984375 0.25925925925925924
7 0.06875 0.7680555555555555 0.1375 0.4638888888888889
7 0.18515625 0.6527777777777777 0.034895833333333334 0.10925925925925926
7 0.37526041666666665 0.6837962962962963 0.018229166666666668 0.041666666666666664
7 0.575 0.7069444444444445 0.013541666666666667 0.08425925925925926
