7 0.05182291666666667 0.7819444444444444 0.10364583333333334 0.4361111111111111
6 0.06171875 0.8935185185185186 0.1234375 0.21296296296296297
7 0.7567708333333333 0.7430555555555556 0.028125 0.1175925925925926
9 0.75 0.7759259259259259 0.06354166666666666 0.17777777777777778
3 0.6197916666666666 0.7810185185185184 0.16354166666666667 0.22870370370370371
0 0.47734375 0.737037037037037 0.021354166666666667 0.046296296296296294
0 0.40963541666666664 0.7333333333333333 0.0203125 0.046296296296296294
0 0.45026041666666666 0.7393518518518518 0.0109375 0.032407407407407406
0 0.4625 0.7384259259259259 0.011458333333333333 0.03796296296296296
7 0.5098958333333333 0.7328703703703704 0.027083333333333334 0.03611111111111111
7 0.48984375 0.7319444444444445 0.005729166666666666 0.01574074074074074
6 0.49114583333333334 0.7467592592592592 0.009375 0.017592592592592594
7 0.3611979166666667 0.637962962962963 0.04010416666666667 0.03148148148148148
11 0.3614583333333333 0.7055555555555556 0.05520833333333333 0.11666666666666667
2 0.421875 0.7236111111111111 0.019791666666666666 0.04351851851851852
11 0.44036458333333334 0.7282407407407406 0.018229166666666668 0.030555555555555555
7 0.3979166666666667 0.7231481481481482 0.007291666666666667 0.018518518518518517
6 0.39765625 0.7402777777777778 0.009895833333333333 0.01574074074074074
