7 0.24973958333333335 0.5990740740740741 0.022395833333333334 0.09074074074074075
7 0.07109375 0.5824074074074074 0.028645833333333332 0.08333333333333333
7 0.11354166666666667 0.5981481481481481 0.025 0.09814814814814815
7 0.5408854166666667 0.6328703703703704 0.027604166666666666 0.15462962962962962
7 0.5640625 0.6226851851851851 0.01875 0.13240740740740742
7 0.6455729166666667 0.6324074074074074 0.0546875 0.14444444444444443
7 0.9333333333333333 0.6425925925925926 0.06770833333333333 0.2037037037037037
7 0.8450520833333334 0.6300925925925926 0.03802083333333333 0.15462962962962962
7 0.41432291666666665 0.6175925925925926 0.027604166666666666 0.1259259259259259
9 0.0671875 0.5925925925925926 0.10104166666666667 0.14814814814814814
9 0.18072916666666666 0.5925925925925927 0.07083333333333333 0.12037037037037036
9 0.29192708333333334 0.5953703703703703 0.0390625 0.10740740740740741
9 0.4328125 0.6421296296296296 0.0875 0.20833333333333334
9 0.5010416666666667 0.6203703703703705 0.041666666666666664 0.16111111111111112
9 0.6507812500000001 0.6458333333333333 0.15885416666666666 0.25462962962962965
9 0.9244791666666667 0.6611111111111112 0.15104166666666666 0.29814814814814816
7 0.3552083333333333 0.5773148148148148 0.008333333333333333 0.03796296296296296
7 0.34479166666666666 0.5722222222222223 0.008333333333333333 0.03888888888888889
7 0.38177083333333334 0.5662037037037038 0.004166666666666667 0.021296296296296296
9 0.3736979166666667 0.5648148148148149 0.0109375 0.03333333333333333
0 0.36354166666666665 0.5597222222222222 0.009375 0.023148148148148147
