7 0.011979166666666666 0.7740740740740741 0.021875 0.0962962962962963
9 0.019270833333333334 0.7814814814814814 0.03333333333333333 0.12962962962962962
11 0.5177083333333333 0.7074074074074074 0.084375 0.17777777777777778
7 0.29609375 0.7254629629629629 0.0067708333333333336 0.025
7 0.30494791666666665 0.7222222222222222 0.0046875 0.025925925925925925
7 0.3104166666666667 0.7185185185185186 0.005208333333333333 0.025925925925925925
7 0.40338541666666666 0.7157407407407408 0.0067708333333333336 0.020370370370370372
7 0.32734375 0.7124999999999999 0.005729166666666666 0.019444444444444445
0 0.3390625 0.7101851851851851 0.009375 0.020370370370370372
0 0.3453125 0.7078703703703704 0.007291666666666667 0.017592592592592594
0 0.3625 0.7143518518518518 0.008333333333333333 0.019444444444444445
0 0.35651041666666666 0.7092592592592593 0.0046875 0.014814814814814815
7 0.3515625 0.7083333333333333 0.003125 0.016666666666666666
7 0.36822916666666666 0.7055555555555556 0.003125 0.009259259259259259
