7 0.09348958333333333 0.5546296296296296 0.022395833333333334 0.06296296296296296
7 0.05078125 0.5560185185185186 0.0203125 0.05277777777777778
6 0.048177083333333336 0.5717592592592593 0.018229166666666668 0.026851851851851852
6 0.01640625 0.5819444444444444 0.0296875 0.03425925925925926
3 0.17057291666666666 0.5805555555555555 0.0609375 0.07777777777777778
7 0.25364583333333335 0.5694444444444444 0.00625 0.009259259259259259
6 0.253125 0.5800925925925926 0.015625 0.01574074074074074
9 0.3171875 0.575462962962963 0.005208333333333333 0.017592592592592594
3 0.32552083333333337 0.5740740740740741 0.009375 0.016666666666666666
2 0.36874999999999997 0.5652777777777778 0.0125 0.021296296296296296
