7 0.43098958333333337 0.575925925925926 0.008854166666666666 0.014814814814814815
3 0.47630208333333335 0.6569444444444444 0.1046875 0.16944444444444445
3 0.5619791666666666 0.6185185185185185 0.06770833333333333 0.08148148148148149
3 0.6513020833333333 0.6578703703703703 0.1328125 0.15833333333333333
3 0.9705729166666667 0.7157407407407408 0.058854166666666666 0.5685185185185185
6 0.43020833333333336 0.600462962962963 0.009375 0.026851851851851852
2 0.46119791666666665 0.562962962962963 0.019270833333333334 0.020370370370370372
6 0.5114583333333333 0.5777777777777777 0.026041666666666668 0.03148148148148148
1 0.5296875 0.6032407407407407 0.011458333333333333 0.021296296296296296
7 0.5309895833333333 0.5814814814814815 0.011979166666666667 0.022222222222222223
7 0.21901041666666665 0.48842592592592593 0.2015625 0.9361111111111111
7 0.3651041666666667 0.39814814814814814 0.057291666666666664 0.5462962962962963
7 0.47109375 0.35324074074074074 0.0234375 0.22314814814814815
7 0.5593750000000001 0.27314814814814814 0.03333333333333333 0.15
7 0.6169270833333333 0.32916666666666666 0.0265625 0.14351851851851852
0 0.5442708333333334 0.30648148148148147 0.13125 0.3314814814814815
0 0.7239583333333333 0.3476851851851852 0.103125 0.20277777777777778
2 0.75 0.27175925925925926 0.21354166666666666 0.23981481481481481
11 0.8979166666666667 0.312962962962963 0.096875 0.12777777777777777
7 0.03177083333333333 0.29907407407407405 0.03958333333333333 0.18703703703703703
6 0.06276041666666667 0.5611111111111111 0.12552083333333333 0.387037037037037
7 0.3111979166666667 0.1935185185185185 0.0484375 0.18333333333333332
7 0.062239583333333334 0.30694444444444446 0.0265625 0.13796296296296295
7 0.5247395833333334 0.2740740740740741 0.025520833333333333 0.15925925925925927
