3 0.33880208333333334 0.7092592592592593 0.0296875 0.027777777777777776
2 0.2572916666666667 0.6615740740740741 0.052083333333333336 0.058333333333333334
11 0.8234374999999999 0.7402777777777778 0.25104166666666666 0.2657407407407407
11 0.2971354166666667 0.6884259259259259 0.024479166666666666 0.03981481481481482
1 0.31927083333333334 0.7333333333333333 0.011458333333333333 0.037037037037037035
7 0.47812499999999997 0.7175925925925927 0.014583333333333334 0.05925925925925926
7 0.46171875 0.7134259259259259 0.011979166666666667 0.049074074074074076
7 0.43984375000000003 0.7078703703703704 0.0109375 0.04537037037037037
7 0.37656249999999997 0.7124999999999999 0.014583333333333334 0.04537037037037037
7 0.34140625 0.7101851851851853 0.009895833333333333 0.05
7 0.3203125 0.7018518518518518 0.015625 0.046296296296296294
