7 0.12135416666666668 0.7032407407407407 0.019791666666666666 0.09351851851851851
7 0.03619791666666666 0.7046296296296296 0.0171875 0.05555555555555555
9 0.019270833333333334 0.7208333333333333 0.034375 0.11388888888888889
9 0.06458333333333333 0.7101851851851851 0.046875 0.09814814814814815
0 0.20104166666666667 0.7 0.027083333333333334 0.04814814814814815
3 0.2911458333333333 0.6981481481481482 0.04479166666666667 0.07962962962962963
7 0.3130208333333333 0.6879629629629629 0.010416666666666666 0.037037037037037035
2 0.33619791666666665 0.674074074074074 0.03802083333333333 0.09814814814814815
3 0.3984375 0.6990740740740741 0.014583333333333334 0.02962962962962963
2 0.4786458333333333 0.6532407407407408 0.15833333333333333 0.31203703703703706
