6 0.37578125 0.5921296296296297 0.0036458333333333334 0.012037037037037037
6 0.48932291666666666 0.6189814814814816 0.0046875 0.01574074074074074
11 0.3890625 0.5805555555555555 0.004166666666666667 0.011111111111111112
9 0.33203125 0.5930555555555556 0.0046875 0.013888888888888888
11 0.5236979166666667 0.6083333333333334 0.0203125 0.03333333333333333
9 0.24531250000000002 0.6263888888888889 0.0125 0.023148148148148147
9 0.28020833333333334 0.611574074074074 0.011458333333333333 0.023148148148148147
9 0.31901041666666663 0.5976851851851852 0.0067708333333333336 0.010185185185185186
11 0.35208333333333336 0.5851851851851851 0.007291666666666667 0.016666666666666666
9 0.56640625 0.6226851851851852 0.0203125 0.026851851851851852
11 0.59609375 0.6351851851851852 0.016145833333333335 0.014814814814814815
7 0.14192708333333334 0.6333333333333333 0.008854166666666666 0.03148148148148148
