11 0.8166666666666667 0.5981481481481481 0.36666666666666664 0.75
11 0.2020833333333333 0.7018518518518518 0.053125 0.08518518518518518
0 0.08098958333333334 0.7125 0.05572916666666667 0.10833333333333334
9 0.14140625 0.7106481481481481 0.0328125 0.07314814814814814
0 0.2604166666666667 0.6925925925925925 0.016666666666666666 0.04259259259259259
0 0.24140625000000002 0.7013888888888888 0.0203125 0.05092592592592592
9 0.29973958333333334 0.6939814814814815 0.0171875 0.041666666666666664
7 0.29791666666666666 0.6861111111111111 0.008333333333333333 0.018518518518518517
7 0.29427083333333337 0.6824074074074075 0.005208333333333333 0.018518518518518517
7 0.3033854166666667 0.6824074074074075 0.005729166666666666 0.018518518518518517
0 0.28541666666666665 0.6898148148148148 0.013541666666666667 0.037037037037037035
0 0.30937499999999996 0.6912037037037037 0.010416666666666666 0.028703703703703703
0 0.3572916666666667 0.6847222222222222 0.007291666666666667 0.013888888888888888
11 0.40286458333333336 0.6800925925925927 0.005729166666666666 0.01574074074074074
3 0.5296875 0.6912037037037037 0.035416666666666666 0.030555555555555555
