7 0.80859375 0.8282407407407407 0.027604166666666666 0.11944444444444445
6 0.8187500000000001 0.8884259259259258 0.07291666666666667 0.12129629629629629
0 0.5606770833333333 0.788888888888889 0.0421875 0.07407407407407407
0 0.509375 0.7726851851851851 0.014583333333333334 0.03981481481481482
0 0.5283854166666666 0.7680555555555556 0.016145833333333335 0.03796296296296296
7 0.5458333333333333 0.7615740740740741 0.008333333333333333 0.019444444444444445
6 0.5424479166666667 0.7800925925925926 0.0078125 0.019444444444444445
7 0.4919270833333333 0.7574074074074074 0.0067708333333333336 0.014814814814814815
6 0.4901041666666667 0.773611111111111 0.00625 0.019444444444444445
7 0.42239583333333336 0.7657407407407407 0.016666666666666666 0.04814814814814815
6 0.42109375000000004 0.8060185185185185 0.013020833333333334 0.049074074074074076
3 0.36093749999999997 0.788888888888889 0.05520833333333333 0.07407407407407407
2 0.34869791666666666 0.7375 0.06302083333333333 0.10277777777777777
