3 0.8958333333333333 0.8268518518518518 0.20833333333333334 0.21851851851851853
7 0.7744791666666666 0.75 0.036458333333333336 0.08518518518518518
6 0.7713541666666667 0.813425925925926 0.04583333333333333 0.06759259259259259
6 0.6359375 0.7685185185185185 0.030208333333333334 0.05185185185185185
6 0.5520833333333333 0.7375 0.025 0.041666666666666664
3 0.48802083333333335 0.7000000000000001 0.06354166666666666 0.08518518518518518
6 0.4223958333333333 0.7013888888888888 0.008333333333333333 0.013888888888888888
7 0.42291666666666666 0.688888888888889 0.008333333333333333 0.012962962962962963
3 0.39557291666666666 0.6884259259259259 0.018229166666666668 0.025
3 0.34739583333333335 0.6856481481481481 0.019791666666666666 0.030555555555555555
0 0.31484375000000003 0.6828703703703703 0.013020833333333334 0.025
0 0.33098958333333334 0.6837962962962963 0.011979166666666667 0.023148148148148147
7 0.5526041666666667 0.7083333333333333 0.022916666666666665 0.037037037037037035
7 0.6354166666666667 0.7240740740740741 0.03333333333333333 0.05
