7 0.11067708333333333 0.6935185185185185 0.0078125 0.024074074074074074
9 0.10911458333333332 0.7074074074074074 0.019270833333333334 0.022222222222222223
9 0.21901041666666665 0.7194444444444444 0.03177083333333333 0.08333333333333333
9 0.3184895833333333 0.7027777777777778 0.011979166666666667 0.03518518518518519
7 0.3145833333333333 0.6925925925925926 0.005208333333333333 0.014814814814814815
7 0.31901041666666663 0.700925925925926 0.0067708333333333336 0.020370370370370372
7 0.33749999999999997 0.7078703703703704 0.008333333333333333 0.032407407407407406
7 0.34088541666666666 0.7064814814814815 0.0046875 0.025925925925925925
0 0.30546875 0.7069444444444444 0.0140625 0.028703703703703703
7 0.27317708333333335 0.7162037037037038 0.0078125 0.021296296296296296
3 0.6770833333333333 0.787962962962963 0.17395833333333333 0.2
