7 0.13958333333333334 0.5666666666666667 0.14270833333333333 0.4759259259259259
7 0.2875 0.5018518518518519 0.07916666666666666 0.2351851851851852
7 0.36067708333333337 0.46435185185185185 0.028645833333333332 0.075
3 0.5341145833333334 0.6726851851851852 0.49635416666666665 0.4861111111111111
2 0.46171875 0.4083333333333333 0.04635416666666667 0.04259259259259259
6 0.16067708333333333 0.8125 0.19635416666666666 0.3175925925925926
6 0.2755208333333333 0.6453703703703704 0.07291666666666667 0.2111111111111111
7 0.03958333333333333 0.3305555555555556 0.07916666666666666 0.5018518518518519
7 0.17578125 0.2787037037037037 0.0640625 0.34444444444444444
0 0.2421875 0.2523148148148148 0.058333333333333334 0.1398148148148148
0 0.309375 0.26249999999999996 0.06458333333333334 0.2824074074074074
0 0.42942708333333335 0.2662037037037037 0.20885416666666667 0.44907407407407407
7 0.48854166666666665 0.22037037037037038 0.057291666666666664 0.22407407407407406
7 0.4033854166666667 0.23518518518518522 0.06927083333333334 0.20185185185185187
7 0.6752604166666667 0.287962962962963 0.0578125 0.25
6 0.6697916666666667 0.42824074074074076 0.10104166666666667 0.25462962962962965
7 0.8130208333333333 0.35324074074074074 0.0625 0.38425925925925924
7 0.9343750000000001 0.37592592592592594 0.09583333333333334 0.4703703703703704
7 0.5747395833333333 0.2763888888888889 0.04010416666666667 0.1712962962962963
7 0.5536458333333334 0.2949074074074074 0.030208333333333334 0.11944444444444445
7 0.61875 0.24675925925925923 0.028125 0.14722222222222223
7 0.7166666666666667 0.2625 0.028125 0.075
7 0.10807291666666667 0.28703703703703703 0.04635416666666667 0.1685185185185185
7 0.8919270833333334 0.3041666666666667 0.05677083333333333 0.3416666666666667
7 0.9270833333333333 0.17314814814814816 0.03229166666666667 0.10925925925925926
