7 0.79296875 0.6328703703703703 0.0484375 0.2175925925925926
7 0.8875 0.6462962962962963 0.04791666666666667 0.22407407407407406
7 0.75625 0.6106481481481482 0.022916666666666665 0.12129629629629629
7 0.6760416666666668 0.5925925925925926 0.017708333333333333 0.13333333333333333
7 0.41953124999999997 0.5699074074074074 0.0140625 0.07314814814814814
7 0.49062500000000003 0.5648148148148148 0.007291666666666667 0.04259259259259259
0 0.4682291666666667 0.5638888888888889 0.009375 0.04259259259259259
9 0.446875 0.5736111111111111 0.03229166666666667 0.11018518518518519
9 0.3869791666666667 0.5768518518518518 0.03229166666666667 0.08703703703703704
9 0.9645833333333333 0.6944444444444444 0.06666666666666667 0.6111111111111112
