7 0.25677083333333334 0.7259259259259259 0.020833333333333332 0.05740740740740741
9 0.2596354166666667 0.774537037037037 0.0421875 0.06388888888888888
9 0.31510416666666663 0.7541666666666667 0.021875 0.03796296296296296
7 0.31145833333333334 0.7268518518518519 0.009375 0.020370370370370372
0 0.33177083333333335 0.737037037037037 0.016666666666666666 0.044444444444444446
0 0.36015625 0.7337962962962963 0.015104166666666667 0.03981481481481482
7 0.42994791666666665 0.7296296296296296 0.0036458333333333334 0.011111111111111112
0 0.41875 0.7342592592592593 0.00625 0.018518518518518517
0 0.4002604166666667 0.7319444444444445 0.0140625 0.012037037037037037
9 0.4942708333333333 0.7555555555555556 0.04375 0.05925925925925926
9 0.4666666666666667 0.7444444444444445 0.01875 0.040740740740740744
9 0.5307291666666667 0.7449074074074075 0.026041666666666668 0.062037037037037036
7 0.5520833333333333 0.7435185185185185 0.009375 0.04259259259259259
7 0.5591145833333333 0.7453703703703703 0.0109375 0.04814814814814815
7 0.5947916666666667 0.7481481481481481 0.014583333333333334 0.06111111111111111
6 0.42942708333333335 0.7430555555555556 0.008854166666666666 0.017592592592592594
7 0.44583333333333336 0.7333333333333334 0.003125 0.014814814814814815
7 0.45208333333333334 0.7374999999999999 0.003125 0.019444444444444445
3 0.6888020833333334 0.7773148148148148 0.11614583333333334 0.15092592592592594
2 0.88125 0.6837962962962962 0.2375 0.6231481481481481
