7 0.22109375 0.5685185185185185 0.018229166666666668 0.05
7 0.27031249999999996 0.5685185185185185 0.0125 0.024074074074074074
7 0.28229166666666666 0.5828703703703704 0.007291666666666667 0.05462962962962963
7 0.28932291666666665 0.5791666666666667 0.0067708333333333336 0.062037037037037036
7 0.29791666666666666 0.5814814814814815 0.009375 0.053703703703703705
9 0.2755208333333333 0.5967592592592593 0.0625 0.041666666666666664
0 0.19921875 0.5685185185185185 0.0203125 0.037037037037037035
11 0.3625 0.5574074074074074 0.053125 0.06851851851851852
11 0.4705729166666666 0.5638888888888889 0.0203125 0.03518518518518519
11 0.6059895833333333 0.5699074074074074 0.04635416666666667 0.05462962962962963
3 0.55390625 0.5805555555555555 0.015104166666666667 0.016666666666666666
3 0.8153645833333334 0.6087962962962963 0.0296875 0.030555555555555555
