7 0.24244791666666668 0.7263888888888889 0.018229166666666668 0.03796296296296296
7 0.23072916666666668 0.7236111111111111 0.0125 0.032407407407407406
7 0.22057291666666667 0.7231481481481481 0.0109375 0.03148148148148148
7 0.20260416666666667 0.725462962962963 0.003125 0.05277777777777778
6 0.240625 0.7587962962962963 0.014583333333333334 0.03796296296296296
6 0.228125 0.7560185185185185 0.015625 0.032407407407407406
6 0.2171875 0.7518518518518519 0.0125 0.03333333333333333
3 0.41041666666666665 0.7791666666666667 0.09583333333333334 0.1287037037037037
0 0.30859375 0.7972222222222222 0.10989583333333333 0.2351851851851852
2 0.4083333333333333 0.6925925925925925 0.05416666666666667 0.046296296296296294
2 0.34505208333333337 0.6763888888888889 0.06927083333333334 0.03796296296296296
3 0.3776041666666667 0.725462962962963 0.034375 0.058333333333333334
