7 0.20442708333333334 0.6370370370370371 0.021354166666666667 0.06481481481481481
7 0.22890625 0.6550925925925927 0.019270833333333334 0.10277777777777777
7 0.24427083333333333 0.6449074074074074 0.013541666666666667 0.09166666666666666
7 0.12942708333333333 0.5893518518518519 0.015104166666666667 0.017592592592592594
7 0.09375 0.575462962962963 0.013541666666666667 0.025
9 0.34375 0.6412037037037037 0.017708333333333333 0.05277777777777778
9 0.2791666666666667 0.6800925925925926 0.06666666666666667 0.12129629629629629
7 0.42083333333333334 0.6592592592592593 0.011458333333333333 0.05
7 0.44869791666666664 0.649537037037037 0.0140625 0.026851851851851852
9 0.09661458333333334 0.7333333333333334 0.19322916666666667 0.42777777777777776
