7 0.16536458333333331 0.7513888888888889 0.13489583333333333 0.36018518518518516
7 0.23697916666666669 0.7449074074074074 0.07083333333333333 0.27870370370370373
6 0.15000000000000002 0.9398148148148149 0.1 0.12037037037037036
6 0.24270833333333336 0.9148148148148149 0.06979166666666667 0.15185185185185185
7 0.03046875 0.9759259259259259 0.0609375 0.04814814814814815
6 0.04192708333333333 0.8777777777777778 0.08385416666666666 0.23703703703703705
3 0.38749999999999996 0.7569444444444444 0.15729166666666666 0.2175925925925926
3 0.7052083333333333 0.7375 0.11041666666666666 0.16018518518518518
0 0.609375 0.7069444444444444 0.07708333333333334 0.14166666666666666
1 0.41041666666666665 0.625 0.041666666666666664 0.03888888888888889
0 0.384375 0.6370370370370371 0.06770833333333333 0.02962962962962963
7 0.3229166666666667 0.6537037037037038 0.025 0.05925925925925926
