7 0.4265625 0.5847222222222223 0.011458333333333333 0.03611111111111111
3 0.4838541666666667 0.662962962962963 0.13854166666666667 0.18518518518518517
3 0.5627604166666667 0.5990740740740741 0.0546875 0.0962962962962963
3 0.6598958333333333 0.6208333333333333 0.14583333333333334 0.2212962962962963
6 0.425 0.611111111111111 0.011458333333333333 0.027777777777777776
2 0.46119791666666665 0.5569444444444445 0.019270833333333334 0.023148148148148147
7 0.22526041666666669 0.3824074074074074 0.0671875 0.30185185185185187
6 0.13541666666666666 0.587037037037037 0.2708333333333333 0.42407407407407405
7 0.44401041666666663 0.324537037037037 0.0203125 0.17314814814814813
7 0.5578124999999999 0.26666666666666666 0.03958333333333333 0.15185185185185185
7 0.5260416666666666 0.2967592592592593 0.042708333333333334 0.11018518518518519
0 0.54921875 0.30787037037037035 0.14010416666666667 0.3527777777777778
2 0.7468750000000001 0.28055555555555556 0.18229166666666666 0.23703703703703705
0 0.9312499999999999 0.325462962962963 0.07604166666666666 0.09351851851851851
0 0.6265625 0.31018518518518523 0.023958333333333335 0.1111111111111111
7 0.2955729166666667 0.4537037037037037 0.1078125 0.5296296296296297
7 0.3059895833333333 0.1925925925925926 0.058854166666666666 0.1648148148148148
7 0.37838541666666664 0.40601851851851856 0.09010416666666667 0.537962962962963
7 0.011979166666666666 0.2287037037037037 0.020833333333333332 0.07592592592592592
7 0.030989583333333334 0.29583333333333334 0.043229166666666666 0.16944444444444445
7 0.06119791666666667 0.3032407407407407 0.0265625 0.13796296296296295
7 0.46848958333333335 0.3453703703703703 0.0265625 0.20555555555555555
11 0.8575520833333333 0.3300925925925926 0.0421875 0.09722222222222222
6 0.6127604166666667 0.3578703703703704 0.018229166666666668 0.0787037037037037
