7 0.7221354166666667 0.787962962962963 0.05364583333333333 0.09259259259259259
7 0.77265625 0.7939814814814815 0.043229166666666666 0.09722222222222222
6 0.7263020833333333 0.8782407407407408 0.07135416666666666 0.14351851851851852
6 0.7864583333333334 0.8736111111111111 0.06875 0.09907407407407408
3 0.55625 0.8759259259259259 0.21458333333333332 0.24444444444444444
3 0.42291666666666666 0.8125 0.08645833333333333 0.11203703703703703
7 0.3221354166666667 0.7726851851851853 0.016145833333333335 0.03611111111111111
7 0.3440104166666667 0.7699074074074074 0.015104166666666667 0.03796296296296296
6 0.34427083333333336 0.8037037037037037 0.016666666666666666 0.04814814814814815
6 0.3216145833333333 0.8041666666666666 0.018229166666666668 0.05092592592592592
7 0.3 0.7680555555555556 0.008333333333333333 0.023148148148148147
6 0.3013020833333333 0.7865740740740741 0.0067708333333333336 0.019444444444444445
3 0.3080729166666667 0.7722222222222223 0.015104166666666667 0.020370370370370372
7 0.3546875 0.7763888888888889 0.009375 0.05648148148148148
