7 0.03854166666666667 0.7648148148148148 0.020833333333333332 0.12037037037037036
0 0.006510416666666667 0.7652777777777777 0.013020833333333334 0.11018518518518519
0 0.036458333333333336 0.763425925925926 0.05 0.11944444444444445
0 0.29609375 0.7435185185185186 0.016145833333333335 0.03888888888888889
0 0.32135416666666666 0.7439814814814815 0.017708333333333333 0.03425925925925926
7 0.3098958333333333 0.7310185185185185 0.008333333333333333 0.01574074074074074
0 0.34401041666666665 0.7337962962962963 0.0046875 0.017592592592592594
9 0.3440104166666667 0.737037037037037 0.015104166666666667 0.03333333333333333
7 0.39218749999999997 0.7388888888888888 0.00625 0.016666666666666666
6 0.3924479166666666 0.7513888888888889 0.0067708333333333336 0.013888888888888888
3 0.69921875 0.7731481481481481 0.0578125 0.05925925925925926
