9 0.03229166666666666 0.7162037037037037 0.04375 0.10462962962962963
9 0.09427083333333333 0.7157407407407408 0.052083333333333336 0.10740740740740741
7 0.11276041666666667 0.6949074074074074 0.016145833333333335 0.049074074074074076
9 0.19505208333333335 0.7055555555555555 0.0359375 0.07407407407407407
7 0.19270833333333334 0.6990740740740741 0.014583333333333334 0.04259259259259259
7 0.203125 0.6981481481481482 0.014583333333333334 0.046296296296296294
0 0.27213541666666663 0.6949074074074074 0.016145833333333335 0.03796296296296296
11 0.2934895833333333 0.6912037037037037 0.025520833333333333 0.03425925925925926
11 0.47421874999999997 0.675 0.058854166666666666 0.12037037037037036
0 0.32473958333333336 0.687037037037037 0.0109375 0.020370370370370372
11 0.39999999999999997 0.6814814814814816 0.00625 0.012962962962962963
