7 0.3190104166666667 0.3287037037037037 0.11927083333333334 0.11851851851851852
11 0.30104166666666665 0.5583333333333333 0.203125 0.4222222222222222
7 0.43333333333333335 0.6217592592592592 0.01875 0.07314814814814814
6 0.4315104166666667 0.6759259259259259 0.021354166666666667 0.06666666666666667
2 0.67578125 0.5486111111111112 0.3515625 0.5083333333333333
0 0.9252604166666667 0.7129629629629629 0.13697916666666668 0.25555555555555554
7 0.8776041666666667 0.6842592592592592 0.01875 0.12777777777777777
7 0.9028645833333333 0.6958333333333334 0.0234375 0.1287037037037037
7 0.9625 0.6523148148148148 0.019791666666666666 0.05462962962962963
2 0.46380208333333334 0.6078703703703704 0.03177083333333333 0.07685185185185185
3 0.4825520833333333 0.6356481481481481 0.025520833333333333 0.04537037037037037
7 0.40911458333333334 0.6208333333333333 0.009895833333333333 0.023148148148148147
6 0.40885416666666663 0.6439814814814815 0.008333333333333333 0.017592592592592594
