7 0.5684895833333333 0.6625000000000001 0.021354166666666667 0.0824074074074074
7 0.23177083333333331 0.7018518518518518 0.08645833333333333 0.27037037037037037
0 0.4247395833333333 0.750925925925926 0.16510416666666666 0.31851851851851853
3 0.8223958333333333 0.7972222222222223 0.35520833333333335 0.40555555555555556
6 0.5736979166666666 0.7462962962962962 0.044270833333333336 0.11851851851851852
6 0.24296874999999998 0.8282407407407407 0.10364583333333334 0.325
6 0.3158854166666667 0.7046296296296296 0.019270833333333334 0.040740740740740744
7 0.3125 0.6578703703703704 0.025 0.062037037037037036
0 0.34791666666666665 0.6453703703703704 0.023958333333333335 0.03888888888888889
3 0.35 0.7097222222222223 0.030208333333333334 0.1361111111111111
0 0.284375 0.6564814814814816 0.0125 0.03333333333333333
0 0.2953125 0.6587962962962962 0.008333333333333333 0.03981481481481482
3 0.33307291666666666 0.6652777777777777 0.016145833333333335 0.08981481481481482
2 0.30364583333333334 0.6236111111111111 0.029166666666666667 0.032407407407407406
