7 0.265625 0.6731481481481482 0.014583333333333334 0.053703703703703705
7 0.22786458333333331 0.6518518518518518 0.027604166666666666 0.025925925925925925
0 0.2830729166666667 0.6740740740740742 0.028645833333333332 0.053703703703703705
0 0.35911458333333335 0.6759259259259259 0.0234375 0.05185185185185185
0 0.38307291666666665 0.6800925925925926 0.0203125 0.04722222222222222
9 0.41354166666666664 0.6763888888888888 0.017708333333333333 0.05092592592592592
9 0.4263020833333333 0.6773148148148148 0.011979166666666667 0.03796296296296296
9 0.4361979166666667 0.6824074074074075 0.0171875 0.05
9 0.4848958333333333 0.6819444444444444 0.03333333333333333 0.06574074074074074
9 0.5424479166666667 0.6810185185185185 0.0296875 0.05092592592592592
2 0.4942708333333333 0.6680555555555556 0.071875 0.06759259259259259
2 0.4057291666666667 0.6643518518518519 0.022916666666666665 0.04722222222222222
2 0.7236979166666667 0.6657407407407407 0.1171875 0.14074074074074075
2 0.621875 0.6537037037037037 0.03229166666666667 0.046296296296296294
