2 0.26145833333333335 0.6939814814814815 0.09375 0.15833333333333333
7 0.35182291666666665 0.7157407407407407 0.0171875 0.04814814814814815
7 0.38359374999999996 0.7287037037037036 0.022395833333333334 0.06296296296296296
7 0.4908854166666667 0.7180555555555554 0.019270833333333334 0.05092592592592592
7 0.57421875 0.7375 0.04739583333333333 0.058333333333333334
6 0.5846354166666666 0.7768518518518518 0.04010416666666667 0.06851851851851852
6 0.4927083333333333 0.7458333333333333 0.019791666666666666 0.041666666666666664
6 0.38697916666666665 0.7703703703703704 0.011458333333333333 0.04814814814814815
6 0.35625 0.7532407407407408 0.011458333333333333 0.04351851851851852
0 0.8119791666666667 0.812962962962963 0.21354166666666666 0.2351851851851852
3 0.2989583333333333 0.7574074074074074 0.08333333333333333 0.10740740740740741
7 0.47578125000000004 0.7125 0.008854166666666666 0.01574074074074074
6 0.4739583333333333 0.7263888888888889 0.008333333333333333 0.023148148148148147
7 0.41171874999999997 0.7101851851851851 0.0067708333333333336 0.011111111111111112
6 0.4127604166666667 0.7203703703703704 0.005729166666666666 0.012962962962962963
11 0.4528645833333333 0.6949074074074074 0.022395833333333334 0.04537037037037037
