3 0.09192708333333334 0.6814814814814815 0.0203125 0.024074074074074074
3 0.23333333333333334 0.674074074074074 0.014583333333333334 0.014814814814814815
2 0.1140625 0.6597222222222222 0.03333333333333333 0.058333333333333334
2 0.134375 0.6648148148148147 0.011458333333333333 0.037037037037037035
11 0.026562500000000003 0.6574074074074074 0.029166666666666667 0.03888888888888889
9 0.06171875 0.6759259259259259 0.009895833333333333 0.02962962962962963
9 0.15390625 0.6694444444444445 0.005729166666666666 0.012962962962962963
6 0.04479166666666667 0.6828703703703703 0.00625 0.012037037037037037
7 0.04583333333333333 0.6717592592592593 0.008333333333333333 0.017592592592592594
7 0.14375 0.6824074074074074 0.005208333333333333 0.011111111111111112
