7 0.7848958333333333 0.8824074074074074 0.058333333333333334 0.23148148148148148
7 0.24531250000000002 0.8111111111111111 0.12291666666666666 0.28888888888888886
6 0.23515624999999998 0.9564814814814815 0.12135416666666667 0.08703703703703704
3 0.5158854166666667 0.8347222222222223 0.18177083333333333 0.3138888888888889
3 0.48541666666666666 0.6828703703703703 0.0625 0.06018518518518518
2 0.49192708333333335 0.6578703703703704 0.05677083333333333 0.03611111111111111
6 0.41380208333333335 0.8050925925925926 0.0265625 0.06574074074074074
7 0.4158854166666667 0.7402777777777778 0.025520833333333333 0.0824074074074074
3 0.7526041666666666 0.7939814814814815 0.13333333333333333 0.12314814814814815
0 0.6953125 0.7282407407407407 0.053125 0.058333333333333334
3 0.9044270833333334 0.8374999999999999 0.17760416666666667 0.2490740740740741
3 0.5666666666666667 0.8189814814814815 0.019791666666666666 0.000925925925925926
