3 0.040364583333333336 0.7583333333333333 0.08072916666666667 0.09259259259259259
11 0.8119791666666667 0.7680555555555556 0.23020833333333332 0.21574074074074073
11 0.5111979166666667 0.7444444444444445 0.1671875 0.15925925925925927
11 0.2643229166666667 0.725462962962963 0.06302083333333333 0.125
9 0.03854166666666667 0.875462962962963 0.07708333333333334 0.17685185185185184
9 0.8830729166666668 0.9078703703703704 0.2171875 0.14907407407407408
9 0.75390625 0.8171296296296295 0.049479166666666664 0.1935185185185185
6 0.10260416666666666 0.9361111111111111 0.09583333333333334 0.12777777777777777
6 0.21328124999999998 0.9027777777777778 0.0640625 0.18703703703703703
6 0.3111979166666667 0.8314814814814815 0.027604166666666666 0.07962962962962963
6 0.3481770833333333 0.7657407407407407 0.011979166666666667 0.024074074074074074
7 0.04973958333333334 0.75 0.04114583333333333 0.11481481481481481
7 0.12265625 0.8 0.1015625 0.3351851851851852
7 0.21328125 0.7833333333333333 0.08177083333333333 0.16111111111111112
7 0.3067708333333333 0.7643518518518518 0.030208333333333334 0.125
7 0.40338541666666666 0.8013888888888888 0.043229166666666666 0.14722222222222223
7 0.34244791666666663 0.7550925925925925 0.0067708333333333336 0.03425925925925926
7 0.35234374999999996 0.7458333333333333 0.0046875 0.017592592592592594
7 0.36875 0.7587962962962963 0.007291666666666667 0.032407407407407406
7 0.9161458333333333 0.8240740740740741 0.040625 0.2
7 0.7674479166666667 0.7930555555555555 0.027604166666666666 0.09537037037037037
7 0.8049479166666667 0.7972222222222222 0.0359375 0.12407407407407407
7 0.8375 0.8009259259259259 0.03125 0.09259259259259259
7 0.6486979166666667 0.7944444444444445 0.019270833333333334 0.06481481481481481
7 0.5940104166666667 0.787962962962963 0.0078125 0.05
7 0.5393229166666667 0.7782407407407407 0.013020833333333334 0.075
