2 0.6559895833333333 0.7175925925925926 0.10260416666666666 0.13333333333333333
2 0.7403645833333333 0.7388888888888889 0.07447916666666667 0.1
2 0.8674479166666667 0.7518518518518519 0.17552083333333332 0.1425925925925926
3 0.375 0.7157407407407407 0.03125 0.05740740740740741
7 0.35572916666666665 0.7111111111111111 0.008333333333333333 0.025925925925925925
7 0.34765625 0.7124999999999999 0.005729166666666666 0.025
7 0.30729166666666663 0.7060185185185185 0.00625 0.025
0 0.21171875 0.7175925925925926 0.022395833333333334 0.04814814814814815
0 0.2471354166666667 0.7143518518518519 0.0171875 0.03611111111111111
7 0.2794270833333333 0.700925925925926 0.005729166666666666 0.011111111111111112
7 0.2942708333333333 0.7055555555555555 0.004166666666666667 0.011111111111111112
3 0.40546875 0.7106481481481481 0.0067708333333333336 0.012037037037037037
