3 0.12552083333333333 0.6888888888888889 0.029166666666666667 0.06481481481481481
3 0.22499999999999998 0.6824074074074075 0.022916666666666665 0.044444444444444446
3 0.18098958333333334 0.6810185185185185 0.0359375 0.05092592592592592
0 0.2604166666666667 0.6902777777777778 0.027083333333333334 0.06018518518518518
0 0.36614583333333334 0.6768518518518518 0.004166666666666667 0.016666666666666666
2 0.31927083333333334 0.6694444444444445 0.020833333333333332 0.05555555555555555
2 0.3528645833333333 0.6652777777777777 0.016145833333333335 0.04537037037037037
2 0.3 0.6675925925925925 0.017708333333333333 0.037037037037037035
9 0.053125 0.6861111111111111 0.023958333333333335 0.06851851851851852
9 0.28932291666666665 0.6856481481481481 0.016145833333333335 0.05092592592592592
9 0.3731770833333333 0.6837962962962963 0.011979166666666667 0.026851851851851852
9 0.3669270833333333 0.6620370370370371 0.0046875 0.012962962962962963
4 0.07708333333333334 0.6828703703703703 0.023958333333333335 0.08425925925925926
6 0.3653645833333333 0.6893518518518519 0.005729166666666666 0.013888888888888888
7 0.011458333333333333 0.6717592592592593 0.01875 0.07685185185185185
7 0.10416666666666666 0.700462962962963 0.026041666666666668 0.0824074074074074
7 0.14739583333333334 0.686574074074074 0.017708333333333333 0.06574074074074074
7 0.16614583333333333 0.6833333333333333 0.019791666666666666 0.06111111111111111
7 0.20781249999999998 0.6837962962962962 0.021875 0.05092592592592592
