3 0.44218749999999996 0.7083333333333333 0.04375 0.05740740740740741
3 0.49374999999999997 0.6953703703703704 0.04583333333333333 0.09074074074074075
3 0.3911458333333333 0.7000000000000001 0.023958333333333335 0.03333333333333333
3 0.3614583333333334 0.687962962962963 0.016666666666666666 0.018518518518518517
3 0.33697916666666666 0.6814814814814815 0.01875 0.03148148148148148
3 0.31276041666666665 0.6851851851851851 0.019270833333333334 0.022222222222222223
0 0.24635416666666665 0.6981481481481482 0.01875 0.044444444444444446
0 0.27265625 0.6935185185185184 0.019270833333333334 0.027777777777777776
2 0.9562499999999999 0.6050925925925926 0.0875 0.7212962962962963
2 0.24322916666666666 0.6648148148148149 0.029166666666666667 0.02962962962962963
6 0.8960937499999999 0.8171296296296297 0.0484375 0.1175925925925926
7 0.9083333333333333 0.749074074074074 0.013541666666666667 0.08888888888888889
