7 0.6739583333333334 0.7574074074074074 0.017708333333333333 0.03888888888888889
6 0.6752604166666666 0.7949074074074074 0.021354166666666667 0.032407407407407406
0 0.6440104166666667 0.7699074074074074 0.033854166666666664 0.0787037037037037
3 0.62421875 0.7444444444444444 0.022395833333333334 0.06851851851851852
3 0.5380208333333334 0.7430555555555555 0.010416666666666666 0.019444444444444445
0 0.5674479166666667 0.7435185185185185 0.0109375 0.027777777777777776
11 0.4640625 0.7407407407407407 0.0375 0.06851851851851852
3 0.42135416666666664 0.7569444444444444 0.03958333333333333 0.05462962962962963
7 0.3893229166666667 0.7361111111111112 0.009895833333333333 0.03333333333333333
6 0.38828125 0.7592592592592593 0.015104166666666667 0.02962962962962963
