11 0.6783854166666667 0.7101851851851853 0.03802083333333333 0.03888888888888889
3 0.403125 0.6759259259259259 0.003125 0.014814814814814815
11 0.41041666666666665 0.6726851851851852 0.00625 0.013888888888888888
0 0.3177083333333333 0.675 0.0125 0.020370370370370372
9 0.2986979166666667 0.674537037037037 0.0109375 0.021296296296296296
0 0.34348958333333335 0.673611111111111 0.009895833333333333 0.019444444444444445
11 0.3658854166666667 0.6694444444444444 0.009895833333333333 0.020370370370370372
9 0.7888020833333333 0.7236111111111111 0.024479166666666666 0.026851851851851852
7 0.8494791666666667 0.7347222222222222 0.011458333333333333 0.019444444444444445
7 0.85859375 0.7393518518518518 0.0078125 0.012037037037037037
