0 0.15833333333333333 0.8476851851851851 0.08229166666666667 0.17314814814814813
7 0.26328124999999997 0.8638888888888888 0.034895833333333334 0.14444444444444443
7 0.3083333333333333 0.8629629629629629 0.028125 0.2462962962962963
3 0.6143229166666666 0.8643518518518518 0.11822916666666666 0.14537037037037037
3 0.44765625000000003 0.8925925925925926 0.1421875 0.19814814814814816
0 0.5203125 0.8212962962962963 0.03958333333333333 0.07962962962962963
3 0.3614583333333334 0.8314814814814815 0.034375 0.05740740740740741
3 0.21041666666666664 0.826388888888889 0.05520833333333333 0.13425925925925927
2 0.24088541666666669 0.7430555555555555 0.08072916666666667 0.10092592592592593
3 0.3653645833333333 0.7865740740740741 0.03177083333333333 0.028703703703703703
2 0.3341145833333333 0.8009259259259259 0.019270833333333334 0.05925925925925926
3 0.38385416666666666 0.8509259259259259 0.034375 0.1037037037037037
