7 0.7885416666666667 0.774537037037037 0.05 0.11203703703703703
6 0.8072916666666666 0.8546296296296296 0.09791666666666667 0.13703703703703704
0 0.7338541666666667 0.8023148148148148 0.096875 0.13055555555555556
2 0.5622395833333333 0.7476851851851851 0.08697916666666666 0.11018518518518519
7 0.58515625 0.7550925925925925 0.0421875 0.06018518518518518
6 0.5841145833333333 0.7958333333333333 0.0484375 0.04537037037037037
2 0.4604166666666667 0.7398148148148148 0.04479166666666667 0.07777777777777778
2 0.42265625 0.7467592592592592 0.034895833333333334 0.058333333333333334
2 0.3182291666666667 0.7430555555555555 0.025 0.06574074074074074
7 0.3197916666666667 0.7476851851851851 0.013541666666666667 0.013888888888888888
6 0.3223958333333333 0.7657407407407407 0.007291666666666667 0.020370370370370372
7 0.29661458333333335 0.7481481481481481 0.0140625 0.025925925925925925
6 0.2934895833333333 0.7773148148148148 0.009895833333333333 0.030555555555555555
3 0.28151041666666665 0.7606481481481482 0.0203125 0.028703703703703703
