3 0.08385416666666666 0.6152777777777778 0.04583333333333333 0.08796296296296297
3 0.3536458333333333 0.5925925925925926 0.005208333333333333 0.009259259259259259
0 0.041666666666666664 0.6458333333333333 0.08333333333333333 0.15833333333333333
0 0.3489583333333333 0.6106481481481482 0.008333333333333333 0.019444444444444445
2 0.6531250000000001 0.6087962962962963 0.10104166666666667 0.10462962962962963
2 0.7322916666666667 0.6324074074074073 0.040625 0.07407407407407407
2 0.88828125 0.6402777777777778 0.15677083333333333 0.1175925925925926
2 0.22473958333333333 0.6 0.03697916666666667 0.07592592592592592
2 0.26822916666666663 0.6023148148148147 0.046875 0.075
2 0.31536458333333334 0.5990740740740741 0.0515625 0.10185185185185185
9 0.15208333333333332 0.6291666666666667 0.021875 0.075
9 0.20625 0.6296296296296297 0.03125 0.07592592592592592
6 0.35520833333333335 0.625 0.007291666666666667 0.014814814814814815
6 0.34869791666666666 0.5962962962962963 0.0026041666666666665 0.005555555555555556
6 0.3619791666666667 0.5953703703703703 0.003125 0.005555555555555556
7 0.87421875 0.663425925925926 0.0140625 0.062037037037037036
7 0.12578125 0.6324074074074074 0.0109375 0.07222222222222222
7 0.21432291666666667 0.6074074074074074 0.013020833333333334 0.04259259259259259
7 0.23307291666666669 0.6175925925925926 0.0203125 0.05555555555555555
7 0.27760416666666665 0.6166666666666667 0.010416666666666666 0.044444444444444446
7 0.35677083333333337 0.6134259259259259 0.007291666666666667 0.013888888888888888
7 0.3484375 0.5935185185185186 0.003125 0.005555555555555556
7 0.3619791666666667 0.5921296296296297 0.0020833333333333333 0.002777777777777778
