7 0.46770833333333334 0.6796296296296296 0.007291666666666667 0.05185185185185185
7 0.48307291666666663 0.6898148148148148 0.0140625 0.06851851851851852
7 0.5046875000000001 0.6893518518518519 0.019791666666666666 0.06944444444444445
7 0.44817708333333334 0.674537037037037 0.009895833333333333 0.03425925925925926
7 0.36380208333333336 0.6675925925925926 0.008854166666666666 0.040740740740740744
7 0.3723958333333333 0.6601851851851852 0.00625 0.024074074074074074
1 0.37395833333333334 0.6837962962962963 0.005208333333333333 0.032407407407407406
7 0.3807291666666667 0.6652777777777777 0.004166666666666667 0.019444444444444445
0 0.3966145833333333 0.6791666666666667 0.0234375 0.058333333333333334
11 0.7192708333333333 0.6541666666666667 0.14791666666666667 0.09722222222222222
11 0.5671875 0.6449074074074075 0.075 0.08796296296296297
0 0.6315104166666667 0.6680555555555556 0.03802083333333333 0.03611111111111111
