2 0.5705729166666667 0.7888888888888889 0.13489583333333333 0.17037037037037037
7 0.5385416666666667 0.7976851851851852 0.035416666666666666 0.049074074074074076
6 0.5369791666666667 0.8509259259259259 0.04375 0.04814814814814815
7 0.9552083333333333 0.888425925925926 0.057291666666666664 0.13796296296296295
6 0.9520833333333334 0.9601851851851853 0.09583333333333334 0.07962962962962963
7 0.4408854166666667 0.7902777777777777 0.028645833333333332 0.025
6 0.4434895833333333 0.8064814814814815 0.0296875 0.020370370370370372
3 0.4200520833333333 0.7949074074074074 0.016145833333333335 0.023148148148148147
3 0.40651041666666665 0.7833333333333333 0.016145833333333335 0.027777777777777776
3 0.39088541666666665 0.7837962962962963 0.0140625 0.017592592592592594
3 0.3619791666666667 0.7912037037037036 0.020833333333333332 0.025
0 0.3489583333333333 0.7828703703703703 0.010416666666666666 0.023148148148148147
0 0.3375 0.7819444444444444 0.009375 0.023148148148148147
