7 0.15234375 0.8064814814814815 0.16510416666666666 0.387037037037037
7 0.24322916666666666 0.8166666666666667 0.10833333333333334 0.3611111111111111
6 0.16223958333333333 0.8694444444444445 0.1921875 0.2611111111111111
3 0.42213541666666665 0.8194444444444444 0.1734375 0.2611111111111111
7 0.33098958333333334 0.7185185185185184 0.033854166666666664 0.04259259259259259
6 0.3302083333333333 0.7819444444444444 0.025 0.06388888888888888
3 0.7518229166666667 0.7949074074074074 0.1046875 0.18796296296296297
3 0.8927083333333333 0.8273148148148148 0.21458333333333332 0.25277777777777777
7 0.5864583333333334 0.7111111111111111 0.017708333333333333 0.05740740740740741
7 0.5484375 0.7083333333333334 0.011458333333333333 0.03333333333333333
2 0.42057291666666663 0.6490740740740741 0.0453125 0.03333333333333333
0 0.40729166666666666 0.6787037037037037 0.07291666666666667 0.02962962962962963
6 0.03046875 0.9078703703703703 0.0609375 0.1712962962962963
6 0.253125 0.8662037037037037 0.11041666666666666 0.2675925925925926
