7 0.7731770833333333 0.7472222222222222 0.04114583333333333 0.07777777777777778
6 0.775 0.800462962962963 0.03854166666666667 0.062037037037037036
3 0.92421875 0.8032407407407407 0.1515625 0.13796296296296295
2 0.9299479166666667 0.625 0.14010416666666667 0.2037037037037037
8 0.6984375 0.7328703703703704 0.053125 0.0787037037037037
7 0.6552083333333333 0.725 0.009375 0.016666666666666666
7 0.6630208333333333 0.7208333333333333 0.009375 0.01574074074074074
6 0.6544270833333333 0.7398148148148148 0.0046875 0.020370370370370372
6 0.6648437500000001 0.7430555555555555 0.009895833333333333 0.025
3 0.5924479166666666 0.7324074074074074 0.0546875 0.07037037037037037
3 0.5434895833333333 0.7282407407407407 0.03177083333333333 0.03796296296296296
3 0.4171875 0.7277777777777777 0.0375 0.04814814814814815
7 0.3966145833333333 0.7055555555555556 0.0140625 0.018518518518518517
6 0.3947916666666667 0.7287037037037037 0.007291666666666667 0.025925925925925925
11 0.4622395833333333 0.7143518518518518 0.033854166666666664 0.06018518518518518
