7 0.8489583333333334 0.8064814814814815 0.10416666666666667 0.22592592592592592
7 0.5802083333333334 0.7615740740740741 0.03333333333333333 0.09722222222222222
7 0.19453125 0.8185185185185184 0.04114583333333333 0.1962962962962963
7 0.22708333333333333 0.787962962962963 0.022916666666666665 0.15185185185185185
7 0.2546875 0.7967592592592592 0.026041666666666668 0.1675925925925926
3 0.3734375 0.8310185185185186 0.140625 0.20462962962962963
3 0.29453124999999997 0.7648148148148148 0.06510416666666667 0.13148148148148148
3 0.08229166666666667 0.8356481481481481 0.16458333333333333 0.225
0 0.15338541666666666 0.7467592592592593 0.0609375 0.10277777777777777
6 0.5888020833333333 0.8712962962962963 0.07864583333333333 0.12222222222222222
6 0.8755208333333334 0.9324074074074074 0.16666666666666666 0.13518518518518519
2 0.17447916666666666 0.6888888888888889 0.051041666666666666 0.05
6 0.4375 0.774074074074074 0.008333333333333333 0.04259259259259259
7 0.43125 0.7472222222222222 0.01875 0.044444444444444446
