3 0.41927083333333337 0.6578703703703703 0.007291666666666667 0.013888888888888888
0 0.36875 0.7027777777777778 0.03333333333333333 0.07962962962962963
0 0.390625 0.6902777777777778 0.015625 0.03425925925925926
0 0.8442708333333333 0.7037037037037036 0.04375 0.04814814814814815
0 0.5231770833333333 0.6856481481481482 0.0234375 0.021296296296296296
11 0.46354166666666663 0.674537037037037 0.028125 0.028703703703703703
9 0.7255208333333334 0.6990740740740741 0.022916666666666665 0.03518518518518519
7 0.17656249999999998 0.700462962962963 0.05 0.16944444444444445
7 0.7421875 0.7046296296296296 0.011458333333333333 0.025925925925925925
7 0.5963541666666666 0.6888888888888889 0.022916666666666665 0.024074074074074074
7 0.5674479166666667 0.6856481481481482 0.0078125 0.01574074074074074
