0 0.0828125 0.6634259259259259 0.007291666666666667 0.013888888888888888
2 0.11458333333333333 0.675462962962963 0.03854166666666667 0.0824074074074074
2 0.06510416666666667 0.6328703703703703 0.030208333333333334 0.030555555555555555
2 0.05755208333333333 0.7046296296296296 0.07135416666666666 0.027777777777777776
9 0.07421875 0.6754629629629629 0.011979166666666667 0.017592592592592594
6 0.35182291666666665 0.7060185185185185 0.0067708333333333336 0.012037037037037037
6 0.1640625 0.688425925925926 0.004166666666666667 0.012037037037037037
7 0.3515625 0.6944444444444445 0.008333333333333333 0.012962962962962963
7 0.16302083333333334 0.6763888888888889 0.005208333333333333 0.017592592592592594
7 0.07760416666666667 0.6712962962962963 0.0020833333333333333 0.011111111111111112
7 0.0921875 0.6814814814814815 0.00625 0.016666666666666666
7 0.14947916666666666 0.6958333333333334 0.007291666666666667 0.01574074074074074
7 0.046875 0.6569444444444444 0.0020833333333333333 0.017592592592592594
7 0.053125 0.6620370370370371 0.004166666666666667 0.014814814814814815
