11 0.9348958333333333 0.5574074074074074 0.13020833333333334 0.8722222222222222
7 0.26145833333333335 0.7717592592592593 0.03333333333333333 0.14537037037037037
0 0.15182291666666667 0.7467592592592592 0.04010416666666667 0.0787037037037037
0 0.18281250000000002 0.7384259259259259 0.028125 0.0787037037037037
0 0.20520833333333333 0.7342592592592593 0.015625 0.05185185185185185
0 0.21848958333333332 0.7430555555555556 0.015104166666666667 0.062037037037037036
0 0.23723958333333334 0.7388888888888889 0.0234375 0.05
0 0.31953125 0.7282407407407407 0.0140625 0.03425925925925926
0 0.33828125000000003 0.7314814814814815 0.015104166666666667 0.03518518518518519
7 0.3684895833333333 0.7231481481481481 0.005729166666666666 0.020370370370370372
7 0.3963541666666667 0.725462962962963 0.005208333333333333 0.013888888888888888
6 0.3953125 0.736111111111111 0.007291666666666667 0.011111111111111112
7 0.06588541666666667 0.750925925925926 0.0171875 0.07407407407407407
7 0.08203125 0.7504629629629629 0.015104166666666667 0.06574074074074074
