7 0.7434895833333334 0.7439814814814815 0.0296875 0.11388888888888889
7 0.5895833333333332 0.7337962962962963 0.025 0.09537037037037037
6 0.5924479166666666 0.7648148148148148 0.0359375 0.07037037037037037
7 0.2604166666666667 0.737037037037037 0.027083333333333334 0.10925925925925926
9 0.2572916666666667 0.7657407407407408 0.05 0.07962962962962963
0 0.3184895833333333 0.7171296296296297 0.03177083333333333 0.06944444444444445
0 0.37421875 0.7152777777777777 0.018229166666666668 0.04537037037037037
0 0.38697916666666665 0.711574074074074 0.013541666666666667 0.03796296296296296
0 0.43255208333333334 0.7055555555555556 0.013020833333333334 0.018518518518518517
0 0.4518229166666667 0.7083333333333333 0.008854166666666666 0.027777777777777776
0 0.4674479166666667 0.7125 0.009895833333333333 0.023148148148148147
2 0.40911458333333334 0.6990740740740741 0.013020833333333334 0.024074074074074074
