2 0.57734375 0.612037037037037 0.2765625 0.21851851851851853
7 0.40625 0.6509259259259259 0.030208333333333334 0.14444444444444443
7 0.31484375 0.6138888888888889 0.025520833333333333 0.06111111111111111
2 0.2921875 0.5842592592592593 0.08229166666666667 0.12407407407407407
9 0.06432291666666666 0.6097222222222223 0.04114583333333333 0.0712962962962963
2 0.009114583333333334 0.5740740740740741 0.018229166666666668 0.044444444444444446
9 0.7875 0.6828703703703703 0.08541666666666667 0.2175925925925926
9 0.8893229166666666 0.6981481481481481 0.07552083333333333 0.19074074074074074
9 0.9627604166666667 0.762037037037037 0.07447916666666667 0.4759259259259259
7 0.43385416666666665 0.6337962962962963 0.019791666666666666 0.10833333333333334
