3 0.8901041666666667 0.6023148148148149 0.215625 0.16574074074074074
3 0.6526041666666667 0.5731481481481482 0.078125 0.07037037037037037
3 0.2869791666666667 0.5185185185185186 0.021875 0.018518518518518517
3 0.47994791666666664 0.49444444444444446 0.0046875 0.009259259259259259
3 0.47630208333333335 0.5203703703703704 0.008854166666666666 0.009259259259259259
0 0.3536458333333333 0.5287037037037038 0.013541666666666667 0.024074074074074074
0 0.36354166666666665 0.5287037037037038 0.013541666666666667 0.024074074074074074
0 0.25078125 0.5175925925925926 0.011979166666666667 0.012962962962962963
0 0.26875 0.5175925925925926 0.0125 0.011111111111111112
2 0.61875 0.5347222222222222 0.041666666666666664 0.058333333333333334
2 0.7078125000000001 0.5375 0.08125 0.07314814814814814
2 0.5684895833333333 0.5356481481481481 0.049479166666666664 0.05462962962962963
2 0.5270833333333333 0.5212962962962964 0.053125 0.03888888888888889
11 0.45989583333333334 0.5120370370370371 0.010416666666666666 0.012962962962962963
9 0.390625 0.5287037037037037 0.008333333333333333 0.020370370370370372
6 0.3815104166666667 0.5430555555555556 0.0078125 0.01574074074074074
7 0.5656249999999999 0.5546296296296297 0.04375 0.03518518518518519
7 0.38177083333333334 0.5310185185185186 0.008333333333333333 0.017592592592592594
7 0.3729166666666667 0.5291666666666667 0.005208333333333333 0.025
7 0.39088541666666665 0.5231481481481483 0.0026041666666666665 0.012962962962962963
7 0.40182291666666664 0.5189814814814815 0.0046875 0.017592592592592594
7 0.26145833333333335 0.5194444444444445 0.005208333333333333 0.012962962962962963
7 0.22630208333333335 0.5083333333333333 0.0067708333333333336 0.022222222222222223
7 0.23124999999999998 0.5138888888888888 0.005208333333333333 0.025925925925925925
7 0.21614583333333334 0.513888888888889 0.009375 0.024074074074074074
7 0.08515624999999999 0.5009259259259259 0.018229166666666668 0.03888888888888889
7 0.75703125 0.5597222222222222 0.011979166666666667 0.026851851851851852
