7 0.8346354166666667 0.8212962962962963 0.0453125 0.2
3 0.5536458333333334 0.8162037037037038 0.07291666666666667 0.08796296296296297
7 0.25677083333333334 0.8481481481481481 0.09166666666666666 0.29814814814814816
6 0.26197916666666665 0.925 0.08958333333333333 0.14074074074074075
7 0.33098958333333334 0.8046296296296296 0.05572916666666667 0.15
6 0.32708333333333334 0.8958333333333333 0.04375 0.11203703703703703
7 0.4119791666666667 0.7800925925925927 0.020833333333333332 0.03611111111111111
6 0.4127604166666667 0.8097222222222222 0.013020833333333334 0.05277777777777778
3 0.3791666666666667 0.7907407407407407 0.03229166666666667 0.05555555555555555
7 0.36041666666666666 0.7814814814814814 0.0125 0.037037037037037035
6 0.36041666666666666 0.8175925925925925 0.010416666666666666 0.037037037037037035
