0 0.5276041666666667 0.7310185185185185 0.01875 0.04722222222222222
0 0.6950520833333333 0.773611111111111 0.0390625 0.10648148148148148
2 0.7830729166666666 0.7259259259259259 0.19739583333333333 0.2
2 0.9208333333333334 0.7578703703703703 0.07395833333333333 0.12685185185185185
2 0.9757812499999999 0.5689814814814815 0.0484375 0.6305555555555555
2 0.12994791666666666 0.6037037037037037 0.2598958333333333 0.4962962962962963
6 0.29244791666666664 0.7421296296296296 0.018229166666666668 0.03981481481481482
6 0.32708333333333334 0.736574074074074 0.019791666666666666 0.032407407407407406
6 0.4484375 0.7375 0.014583333333333334 0.058333333333333334
6 0.7734375 0.8064814814814815 0.0375 0.06296296296296296
7 0.2895833333333333 0.7064814814814815 0.019791666666666666 0.04814814814814815
7 0.32708333333333334 0.7092592592592593 0.013541666666666667 0.03518518518518519
7 0.43359375 0.7166666666666666 0.027604166666666666 0.09444444444444444
7 0.4513020833333333 0.7013888888888888 0.013020833333333334 0.049074074074074076
7 0.490625 0.7148148148148149 0.019791666666666666 0.05925925925925926
7 0.5 0.7462962962962962 0.017708333333333333 0.06296296296296296
7 0.5705729166666667 0.7388888888888889 0.013020833333333334 0.06111111111111111
7 0.7666666666666666 0.75 0.019791666666666666 0.06481481481481481
7 0.9145833333333334 0.7652777777777778 0.017708333333333333 0.09722222222222222
7 0.9523437499999999 0.7689814814814815 0.0203125 0.09537037037037037
7 0.60859375 0.7476851851851852 0.011979166666666667 0.05648148148148148
7 0.6354166666666666 0.7462962962962962 0.019791666666666666 0.05185185185185185
