7 0.23046875 0.08703703703703704 0.2526041666666667 0.16296296296296298
11 0.19140625 0.5393518518518519 0.3828125 0.8398148148148148
2 0.4744791666666667 0.5949074074074074 0.08020833333333334 0.1287037037037037
3 0.5197916666666667 0.6513888888888889 0.07083333333333333 0.10462962962962963
7 0.39088541666666665 0.6148148148148148 0.019270833333333334 0.05
6 0.38984375 0.6435185185185186 0.021354166666666667 0.053703703703703705
0 0.6205729166666667 0.6625 0.0671875 0.11944444444444445
7 0.6072916666666667 0.6453703703703704 0.01875 0.07407407407407407
7 0.5692708333333333 0.6305555555555555 0.015625 0.046296296296296294
6 0.5736979166666666 0.6532407407407407 0.0171875 0.04537037037037037
7 0.7044270833333334 0.6773148148148148 0.034895833333333334 0.1638888888888889
6 0.7119791666666667 0.724537037037037 0.06145833333333333 0.1361111111111111
7 0.9747395833333333 0.7125 0.050520833333333334 0.25092592592592594
6 0.9609375 0.8050925925925926 0.078125 0.2101851851851852
7 0.890625 0.6875 0.03854166666666667 0.14166666666666666
0 0.9067708333333333 0.7032407407407407 0.11041666666666666 0.262037037037037
7 0.7674479166666667 0.6370370370370371 0.028645833333333332 0.10185185185185185
7 0.7994791666666666 0.6467592592592593 0.023958333333333335 0.058333333333333334
7 0.6591145833333333 0.6351851851851852 0.0078125 0.04259259259259259
7 0.9106770833333334 0.575925925925926 0.04114583333333333 0.03333333333333333
7 0.4161458333333333 0.6240740740740741 0.013541666666666667 0.020370370370370372
