3 0.06328125 0.674537037037037 0.058854166666666666 0.08425925925925926
3 0.1625 0.6726851851851852 0.040625 0.075
3 0.2421875 0.6671296296296296 0.020833333333333332 0.04351851851851852
0 0.7270833333333333 0.7175925925925926 0.1125 0.12407407407407407
0 0.21692708333333333 0.6902777777777779 0.0390625 0.07685185185185185
0 0.37265625 0.6689814814814815 0.0078125 0.013888888888888888
0 0.32786458333333335 0.6657407407407407 0.008854166666666666 0.020370370370370372
0 0.48671875000000003 0.6814814814814816 0.0171875 0.03333333333333333
2 0.30546875 0.6550925925925926 0.025520833333333333 0.06018518518518518
2 0.3455729166666666 0.6527777777777778 0.0203125 0.053703703703703705
9 0.27630208333333334 0.6726851851851852 0.013020833333333334 0.04537037037037037
9 0.2614583333333333 0.6652777777777779 0.010416666666666666 0.026851851851851852
9 0.2848958333333333 0.662962962962963 0.008333333333333333 0.025925925925925925
9 0.36848958333333337 0.6671296296296296 0.008854166666666666 0.019444444444444445
6 0.9239583333333333 0.7504629629629629 0.03229166666666667 0.06574074074074074
6 0.37083333333333335 0.6773148148148148 0.007291666666666667 0.013888888888888888
7 0.9130208333333333 0.724537037037037 0.020833333333333332 0.06388888888888888
7 0.008333333333333333 0.6828703703703703 0.016666666666666666 0.10092592592592593
7 0.033854166666666664 0.6791666666666666 0.021875 0.09166666666666666
7 0.09765625 0.687962962962963 0.0067708333333333336 0.07037037037037037
7 0.11588541666666666 0.6912037037037038 0.0171875 0.07314814814814814
7 0.18619791666666666 0.674074074074074 0.0109375 0.05185185185185185
