8 0.81015625 0.8148148148148148 0.0421875 0.05740740740740741
3 0.9197916666666667 0.8513888888888889 0.071875 0.058333333333333334
11 0.43255208333333334 0.7657407407407407 0.019270833333333334 0.046296296296296294
7 0.28072916666666664 0.7837962962962963 0.008333333333333333 0.032407407407407406
7 0.28958333333333336 0.7796296296296297 0.003125 0.040740740740740744
7 0.2932291666666667 0.7782407407407408 0.007291666666666667 0.026851851851851852
7 0.30364583333333334 0.7824074074074074 0.015625 0.025925925925925925
7 0.38958333333333334 0.7731481481481483 0.004166666666666667 0.012962962962962963
9 0.35807291666666663 0.7740740740740741 0.0046875 0.014814814814814815
9 0.3338541666666667 0.775462962962963 0.007291666666666667 0.01574074074074074
2 0.46536458333333336 0.762962962962963 0.021354166666666667 0.018518518518518517
