7 0.3091145833333333 0.8416666666666667 0.07864583333333333 0.17962962962962964
7 0.08255208333333333 0.8583333333333333 0.16510416666666666 0.2759259259259259
7 0.41484375 0.7972222222222222 0.03177083333333333 0.07222222222222222
7 0.3880208333333333 0.7958333333333333 0.023958333333333335 0.06018518518518518
7 0.3697916666666667 0.7870370370370371 0.015625 0.03518518518518519
6 0.36640625 0.8180555555555555 0.015104166666666667 0.04351851851851852
6 0.3903645833333333 0.8416666666666667 0.018229166666666668 0.046296296296296294
6 0.415625 0.8601851851851852 0.022916666666666665 0.07407407407407407
2 0.3736979166666667 0.7523148148148149 0.05572916666666667 0.05277777777777778
7 0.3354166666666667 0.7875 0.016666666666666666 0.04537037037037037
3 0.8877604166666666 0.887037037037037 0.22447916666666667 0.22592592592592592
6 0.30442708333333335 0.9472222222222223 0.09114583333333333 0.10555555555555556
6 0.103125 0.9356481481481482 0.203125 0.12314814814814815
