7 0.43385416666666665 0.5597222222222221 0.011458333333333333 0.030555555555555555
6 0.43359375 0.5828703703703704 0.0140625 0.019444444444444445
7 0.4817708333333333 0.5574074074074075 0.00625 0.040740740740740744
7 0.48984375 0.5597222222222222 0.0036458333333333334 0.023148148148148147
7 0.4966145833333333 0.5601851851851852 0.0046875 0.024074074074074074
7 0.8916666666666667 0.5689814814814815 0.011458333333333333 0.041666666666666664
7 0.8447916666666666 0.5856481481481481 0.028125 0.05462962962962963
7 0.7609375 0.6273148148148148 0.021875 0.04351851851851852
7 0.7221354166666667 0.5606481481481481 0.009895833333333333 0.03981481481481482
7 0.8263020833333333 0.5569444444444445 0.0078125 0.028703703703703703
7 0.73203125 0.5611111111111111 0.0067708333333333336 0.03333333333333333
11 0.5916666666666667 0.5550925925925926 0.036458333333333336 0.0824074074074074
7 0.9052083333333334 0.5731481481481481 0.014583333333333334 0.04814814814814815
7 0.9200520833333333 0.5694444444444444 0.0140625 0.03518518518518519
