7 0.005989583333333334 0.7092592592592593 0.011979166666666667 0.10740740740740741
7 0.07447916666666667 0.7023148148148148 0.021875 0.09537037037037037
0 0.1078125 0.7180555555555556 0.013541666666666667 0.11574074074074074
0 0.15807291666666667 0.7328703703703704 0.0953125 0.17685185185185184
7 0.2911458333333333 0.6856481481481481 0.008333333333333333 0.025
9 0.29765625 0.7101851851851851 0.021354166666666667 0.03148148148148148
0 0.32864583333333336 0.6958333333333333 0.013541666666666667 0.030555555555555555
0 0.5434895833333333 0.7180555555555556 0.016145833333333335 0.04722222222222222
11 0.5026041666666667 0.7078703703703704 0.0625 0.09537037037037037
2 0.4505208333333333 0.6833333333333333 0.0625 0.1111111111111111
3 0.38437499999999997 0.7023148148148148 0.014583333333333334 0.023148148148148147
3 0.41276041666666663 0.7087962962962963 0.018229166666666668 0.032407407407407406
7 0.36380208333333336 0.6939814814814814 0.0036458333333333334 0.008333333333333333
6 0.36302083333333335 0.7018518518518518 0.005208333333333333 0.011111111111111112
0 0.8901041666666666 0.7898148148148149 0.08333333333333333 0.13148148148148148
7 0.9393229166666667 0.7856481481481481 0.019270833333333334 0.11203703703703703
