2 0.6684895833333334 0.6939814814814814 0.17447916666666666 0.2175925925925926
3 0.6195312500000001 0.7421296296296296 0.0453125 0.08055555555555556
3 0.5268229166666666 0.7393518518518519 0.04010416666666667 0.04722222222222222
3 0.4471354166666667 0.7342592592592592 0.0171875 0.027777777777777776
7 0.31953125 0.7273148148148147 0.0067708333333333336 0.019444444444444445
7 0.3578125 0.7300925925925926 0.00625 0.01574074074074074
7 0.3765625 0.7296296296296296 0.007291666666666667 0.018518518518518517
6 0.31796874999999997 0.7407407407407407 0.0067708333333333336 0.014814814814814815
6 0.3546875 0.7449074074074075 0.008333333333333333 0.017592592592592594
6 0.37343750000000003 0.7430555555555556 0.005208333333333333 0.01574074074074074
11 0.37395833333333334 0.7328703703703704 0.016666666666666666 0.026851851851851852
6 0.34739583333333335 0.7337962962962963 0.004166666666666667 0.008333333333333333
0 0.34817708333333336 0.7259259259259259 0.0036458333333333334 0.011111111111111112
6 0.28802083333333334 0.7314814814814815 0.003125 0.009259259259259259
0 0.3127604166666667 0.725462962962963 0.008854166666666666 0.017592592592592594
7 0.28880208333333335 0.7236111111111112 0.005729166666666666 0.01574074074074074
2 0.3979166666666667 0.7194444444444444 0.016666666666666666 0.025925925925925925
