0 0.21119791666666665 0.7787037037037038 0.07552083333333333 0.1814814814814815
0 0.2963541666666667 0.75 0.027083333333333334 0.053703703703703705
0 0.31875 0.7291666666666666 0.013541666666666667 0.028703703703703703
0 0.76953125 0.7587962962962963 0.11927083333333334 0.0824074074074074
11 0.4557291666666667 0.7134259259259259 0.013541666666666667 0.025
6 0.38802083333333337 0.7277777777777777 0.005208333333333333 0.009259259259259259
7 0.3880208333333333 0.7166666666666667 0.004166666666666667 0.009259259259259259
7 0.11249999999999999 0.7268518518518519 0.026041666666666668 0.06481481481481481
7 0.06927083333333334 0.7805555555555556 0.03125 0.06481481481481481
7 0.7421875 0.7625 0.022916666666666665 0.023148148148148147
7 0.9856770833333333 0.7731481481481481 0.028645833333333332 0.08703703703703704
7 0.83671875 0.763888888888889 0.019270833333333334 0.053703703703703705
