7 0.49609375 0.549537037037037 0.03697916666666667 0.06759259259259259
6 0.4942708333333333 0.6166666666666667 0.035416666666666666 0.1
7 0.6236979166666667 0.5791666666666667 0.0296875 0.14537037037037037
7 0.584375 0.5564814814814815 0.020833333333333332 0.07777777777777778
7 0.5572916666666667 0.5513888888888889 0.014583333333333334 0.08425925925925926
7 0.36692708333333335 0.5421296296296296 0.0140625 0.06018518518518518
6 0.16770833333333335 0.6601851851851851 0.10416666666666667 0.2111111111111111
9 0.34375 0.5476851851851852 0.021875 0.075
9 0.4109375 0.5675925925925926 0.053125 0.1685185185185185
9 0.44609375 0.5518518518518518 0.0234375 0.09444444444444444
