3 0.07421875 0.7638888888888888 0.1484375 0.4444444444444444
11 0.79375 0.6981481481481482 0.09166666666666666 0.08518518518518518
11 0.8841145833333334 0.7157407407407407 0.0890625 0.08888888888888889
11 0.9223958333333333 0.7050925925925926 0.03958333333333333 0.06574074074074074
3 0.40130208333333334 0.6513888888888888 0.0078125 0.010185185185185186
7 0.3828125 0.6527777777777777 0.004166666666666667 0.007407407407407408
6 0.3828125 0.6592592592592593 0.0020833333333333333 0.009259259259259259
0 0.31770833333333337 0.6597222222222222 0.009375 0.019444444444444445
9 0.32005208333333335 0.6611111111111111 0.0078125 0.016666666666666666
0 0.31901041666666663 0.6597222222222222 0.0046875 0.012037037037037037
