3 0.9013020833333334 0.6587962962962962 0.17864583333333334 0.10648148148148148
0 0.37265625 0.6703703703703703 0.030729166666666665 0.07407407407407407
0 0.7023437499999999 0.6671296296296296 0.0515625 0.03611111111111111
11 0.425 0.6476851851851851 0.0125 0.013888888888888888
8 0.5674479166666667 0.6527777777777778 0.06614583333333333 0.04259259259259259
1 0.31276041666666665 0.7134259259259259 0.0203125 0.08611111111111111
7 0.8692708333333333 0.7925925925925926 0.05520833333333333 0.34629629629629627
7 0.08802083333333333 0.6939814814814815 0.08854166666666667 0.35462962962962963
7 0.3151041666666667 0.6601851851851852 0.019791666666666666 0.07777777777777778
7 0.7369791666666666 0.6680555555555555 0.015625 0.030555555555555555
7 0.33619791666666665 0.6569444444444444 0.016145833333333335 0.04722222222222222
