7 0.17135416666666667 0.7083333333333334 0.17708333333333334 0.5574074074074075
6 0.16875 0.8087962962962962 0.18125 0.3824074074074074
3 0.47890625 0.6472222222222223 0.11927083333333334 0.16666666666666666
3 0.5731770833333334 0.6115740740740742 0.0609375 0.10277777777777777
3 0.6791666666666667 0.6300925925925926 0.1625 0.24166666666666667
3 0.5307291666666666 0.5745370370370371 0.029166666666666667 0.049074074074074076
2 0.4713541666666667 0.5351851851851852 0.034375 0.05
7 0.33515625 0.6171296296296297 0.07239583333333334 0.27870370370370373
6 0.32942708333333337 0.7287037037037037 0.07552083333333333 0.2037037037037037
7 0.44010416666666663 0.5726851851851852 0.008333333333333333 0.028703703703703703
9 0.428125 0.3962962962962963 0.2604166666666667 0.7592592592592593
7 0.17864583333333334 0.3476851851851852 0.05416666666666667 0.32314814814814813
0 0.07317708333333334 0.38981481481481484 0.14635416666666667 0.7796296296296297
7 0.22447916666666665 0.3050925925925926 0.022916666666666665 0.10648148148148148
7 0.9229166666666667 0.3601851851851852 0.022916666666666665 0.06296296296296296
7 0.775 0.3300925925925926 0.022916666666666665 0.058333333333333334
0 0.7130208333333333 0.3143518518518518 0.034375 0.10277777777777777
7 0.5932291666666667 0.3148148148148148 0.023958333333333335 0.06296296296296296
2 0.5325520833333334 0.22731481481481483 0.1078125 0.31574074074074077
7 0.24088541666666669 0.3 0.0171875 0.09444444444444444
7 0.25677083333333334 0.3 0.01875 0.09444444444444444
2 0.61484375 0.2884259259259259 0.05572916666666667 0.08425925925925926
