7 0.08984375 0.3194444444444444 0.018229166666666668 0.07407407407407407
7 0.7317708333333333 0.4134259259259259 0.052083333333333336 0.27314814814814814
7 0.26718749999999997 0.3310185185185185 0.021875 0.075
7 0.9653645833333334 0.3597222222222222 0.018229166666666668 0.11018518518518519
7 0.9838541666666667 0.3560185185185185 0.027083333333333334 0.1398148148148148
0 0.19453125 0.37870370370370365 0.1328125 0.34629629629629627
7 0.9479166666666666 0.34768518518518515 0.016666666666666666 0.08981481481481482
11 0.33203125 0.30138888888888893 0.06302083333333333 0.1287037037037037
6 0.26927083333333335 0.3587962962962963 0.022916666666666665 0.06388888888888888
7 0.8541666666666666 0.3421296296296296 0.03125 0.07685185185185185
0 0.4096354166666667 0.35648148148148145 0.09114583333333333 0.17407407407407408
9 0.2864583333333333 0.31851851851851853 0.029166666666666667 0.07592592592592592
9 0.9044270833333333 0.3453703703703704 0.03697916666666667 0.08888888888888889
7 0.9083333333333334 0.3337962962962963 0.017708333333333333 0.0712962962962963
