0 0.8901041666666667 0.28564814814814815 0.11979166666666667 0.33611111111111114
0 0.96875 0.33379629629629626 0.0625 0.4787037037037037
9 0.43697916666666664 0.2708333333333333 0.03958333333333333 0.11018518518518519
9 0.3234375 0.4046296296296296 0.25625 0.7129629629629629
9 0.7906249999999999 0.4097222222222222 0.2552083333333333 0.6509259259259259
9 0.11328125 0.35231481481481486 0.16510416666666666 0.24722222222222223
6 0.5263020833333334 0.30185185185185187 0.049479166666666664 0.09444444444444444
6 0.03203125 0.48703703703703705 0.06302083333333333 0.3574074074074074
7 0.06822916666666666 0.2652777777777778 0.03333333333333333 0.13796296296296295
7 0.53125 0.27499999999999997 0.03958333333333333 0.10185185185185185
7 0.10520833333333333 0.3282407407407407 0.0625 0.2175925925925926
7 0.7440104166666667 0.29537037037037034 0.08802083333333334 0.387037037037037
7 0.8296875 0.3365740740740741 0.11354166666666667 0.46944444444444444
7 0.6638020833333333 0.34074074074074073 0.0765625 0.3537037037037037
7 0.15052083333333333 0.2759259259259259 0.028125 0.10925925925925926
7 0.48359375 0.29814814814814816 0.03177083333333333 0.13518518518518519
7 0.18046875 0.26990740740740743 0.0328125 0.10277777777777777
7 0.5690104166666666 0.24861111111111112 0.019270833333333334 0.058333333333333334
