6 0.6153645833333334 0.24027777777777776 0.05677083333333333 0.15648148148148147
7 0.5442708333333333 0.21574074074074073 0.028125 0.15
9 0.50078125 0.23935185185185184 0.0421875 0.08796296296296297
6 0.15286458333333333 0.29212962962962963 0.0609375 0.15648148148148147
7 0.5296875000000001 0.2240740740740741 0.026041666666666668 0.1574074074074074
6 0.7354166666666666 0.2189814814814815 0.07083333333333333 0.11944444444444445
6 0.050520833333333334 0.3541666666666667 0.08333333333333333 0.2490740740740741
7 0.5684895833333333 0.19398148148148148 0.0203125 0.11203703703703703
7 0.5968749999999999 0.1875 0.025 0.14722222222222223
9 0.20807291666666666 0.2583333333333333 0.0609375 0.18518518518518517
0 0.31796875 0.350462962962963 0.2171875 0.5787037037037037
9 0.5294270833333333 0.22037037037037038 0.058854166666666666 0.17407407407407408
