9 0.27734375 0.17916666666666667 0.0984375 0.21574074074074073
9 0.6239583333333333 0.18842592592592594 0.05625 0.23055555555555557
7 0.7059895833333334 0.2462962962962963 0.14010416666666667 0.4925925925925926
7 0.3692708333333333 0.22592592592592592 0.07708333333333334 0.34074074074074073
9 0.8861979166666666 0.2689814814814815 0.22760416666666666 0.5101851851851852
0 0.54453125 0.17222222222222222 0.09322916666666667 0.2074074074074074
7 0.19765625 0.13240740740740742 0.0265625 0.11296296296296296
7 0.2643229166666667 0.15416666666666667 0.043229166666666666 0.16018518518518518
7 0.9708333333333333 0.2101851851851852 0.057291666666666664 0.3962962962962963
7 0.2955729166666667 0.16203703703703703 0.03697916666666667 0.19074074074074074
9 0.0765625 0.4476851851851852 0.153125 0.8916666666666667
7 0.8986979166666667 0.20555555555555555 0.1046875 0.39444444444444443
7 0.6026041666666666 0.15462962962962962 0.025 0.19444444444444445
7 0.42838541666666663 0.13472222222222222 0.0296875 0.10462962962962963
9 0.1453125 0.22175925925925924 0.14791666666666667 0.43425925925925923
9 0.415625 0.1425925925925926 0.09375 0.12962962962962962
1 0.7151041666666667 0.4300925925925926 0.20833333333333334 0.39166666666666666
7 0.25286458333333334 0.06574074074074074 0.0359375 0.07592592592592592
