9 0.2755208333333333 0.2351851851851852 0.026041666666666668 0.06111111111111111
7 0.20703125 0.22268518518518518 0.0140625 0.05462962962962963
9 0.0578125 0.34490740740740744 0.115625 0.2972222222222222
9 0.13098958333333333 0.3 0.0796875 0.16111111111111112
7 0.5388020833333333 0.22870370370370371 0.03177083333333333 0.11851851851851852
6 0.5799479166666666 0.23148148148148145 0.05260416666666667 0.1259259259259259
7 0.3609375 0.24212962962962964 0.03229166666666667 0.11574074074074074
0 0.3028645833333333 0.225 0.030729166666666665 0.06851851851851852
9 0.9132812499999999 0.3768518518518518 0.17239583333333333 0.7537037037037037
7 0.7013020833333333 0.21388888888888888 0.044270833333333336 0.15555555555555556
6 0.3611979166666667 0.26990740740740743 0.030729166666666665 0.10092592592592593
6 0.83359375 0.2134259259259259 0.10572916666666667 0.19537037037037036
7 0.4361979166666667 0.23379629629629628 0.03697916666666667 0.13796296296296295
9 0.42421875 0.2564814814814815 0.06927083333333334 0.17407407407407408
0 0.4796875 0.23935185185185184 0.057291666666666664 0.16574074074074074
7 0.4791666666666667 0.23148148148148148 0.034375 0.1037037037037037
6 0.6997395833333333 0.2564814814814815 0.06302083333333333 0.13148148148148148
6 0.63515625 0.18935185185185183 0.09010416666666667 0.12685185185185185
0 0.32916666666666666 0.2152777777777778 0.021875 0.06759259259259259
