7 0.5799479166666667 0.22731481481481483 0.0203125 0.1287037037037037
7 0.17421875 0.3222222222222222 0.0859375 0.1648148148148148
7 0.19114583333333335 0.2361111111111111 0.04375 0.09259259259259259
0 0.7463541666666668 0.25324074074074077 0.178125 0.4935185185185185
0 0.96015625 0.25462962962962965 0.0765625 0.4537037037037037
7 0.5380208333333334 0.22175925925925927 0.022916666666666665 0.11574074074074074
7 0.2721354166666667 0.2263888888888889 0.03697916666666667 0.10462962962962963
7 0.48932291666666666 0.2699074074074074 0.04739583333333333 0.2564814814814815
9 0.6057291666666668 0.2222222222222222 0.053125 0.1574074074074074
7 0.4364583333333333 0.2796296296296296 0.06354166666666666 0.2962962962962963
