0 0.23593750000000002 0.1462962962962963 0.041666666666666664 0.11481481481481481
9 0.3364583333333333 0.225 0.21875 0.45
9 0.5356770833333333 0.24537037037037038 0.20885416666666667 0.38333333333333336
6 0.1171875 0.5865740740740741 0.20729166666666668 0.6953703703703704
7 0.6994791666666668 0.17037037037037037 0.053125 0.25555555555555554
7 0.28020833333333334 0.2046296296296296 0.08854166666666667 0.35
7 0.9716145833333333 0.19768518518518519 0.05572916666666667 0.2972222222222222
7 0.8434895833333333 0.15185185185185185 0.05572916666666667 0.19444444444444445
7 0.6575520833333334 0.16342592592592592 0.0453125 0.1712962962962963
7 0.5747395833333333 0.20787037037037037 0.07864583333333333 0.287962962962963
7 0.7510416666666666 0.16574074074074074 0.05520833333333333 0.2611111111111111
7 0.11432291666666666 0.37546296296296294 0.18489583333333334 0.7231481481481481
7 0.9520833333333333 0.22962962962962963 0.06354166666666666 0.28703703703703703
7 0.7354166666666667 0.336574074074074 0.07708333333333334 0.16203703703703703
7 0.6200520833333334 0.13194444444444445 0.030729166666666665 0.10462962962962963
7 0.7955729166666667 0.14814814814814814 0.049479166666666664 0.18333333333333332
7 0.5296875 0.14027777777777778 0.040625 0.14907407407407408
