1 0.171875 0.1162037037037037 0.034375 0.10092592592592593
7 0.07942708333333333 0.09212962962962963 0.0265625 0.1398148148148148
7 0.05364583333333334 0.08611111111111111 0.027083333333333334 0.13518518518518519
9 0.5755208333333334 0.1449074074074074 0.159375 0.2898148148148148
9 0.8408854166666666 0.21712962962962964 0.3171875 0.4305555555555556
7 0.92578125 0.18101851851851852 0.1109375 0.36203703703703705
7 0.4552083333333333 0.11435185185185186 0.03854166666666667 0.225
3 0.22083333333333333 0.09537037037037037 0.059375 0.11851851851851852
7 0.16901041666666666 0.07037037037037037 0.03802083333333333 0.09074074074074075
7 0.39010416666666664 0.046296296296296294 0.04895833333333333 0.09259259259259259
0 0.14973958333333334 0.08657407407407408 0.0578125 0.1527777777777778
6 0.8580729166666666 0.05648148148148148 0.058854166666666666 0.11296296296296296
