0 0.38255208333333335 0.2287037037037037 0.043229166666666666 0.12407407407407407
7 0.060156249999999994 0.2518518518518519 0.033854166666666664 0.14444444444444443
7 0.10807291666666667 0.24953703703703703 0.03177083333333333 0.1287037037037037
9 0.45677083333333335 0.22916666666666669 0.03333333333333333 0.075
7 0.5528645833333333 0.23657407407407408 0.027604166666666666 0.13240740740740742
9 0.4192708333333333 0.22962962962962963 0.03333333333333333 0.09814814814814815
9 0.29609375 0.2513888888888889 0.06510416666666667 0.15833333333333333
0 0.9390625 0.31157407407407406 0.121875 0.6231481481481481
7 0.49895833333333334 0.22037037037037036 0.01875 0.07037037037037037
6 0.5033854166666667 0.23981481481481481 0.04635416666666667 0.05555555555555555
0 0.33229166666666665 0.23333333333333334 0.03125 0.11481481481481481
7 0.19218749999999998 0.2175925925925926 0.019791666666666666 0.08518518518518518
0 0.3533854166666667 0.21851851851851853 0.0171875 0.07407407407407407
