7 0.46614583333333337 0.18009259259259258 0.040625 0.15092592592592594
7 0.8468749999999999 0.1925925925925926 0.06770833333333333 0.2796296296296296
9 0.4622395833333333 0.20277777777777778 0.06614583333333333 0.18888888888888888
9 0.4057291666666667 0.18333333333333335 0.03854166666666667 0.11851851851851852
0 0.3333333333333333 0.17453703703703705 0.023958333333333335 0.058333333333333334
7 0.20130208333333333 0.2152777777777778 0.024479166666666666 0.062037037037037036
7 0.24661458333333333 0.2 0.021354166666666667 0.10185185185185185
7 0.21614583333333334 0.20694444444444446 0.017708333333333333 0.09166666666666666
9 0.275 0.19074074074074077 0.040625 0.1
3 0.37057291666666664 0.1824074074074074 0.04114583333333333 0.06296296296296296
9 0.6302083333333334 0.2138888888888889 0.11145833333333334 0.21296296296296297
7 0.40677083333333336 0.17962962962962964 0.01875 0.10185185185185185
