0 0.4591145833333333 0.2662037037037037 0.0671875 0.11944444444444445
0 0.6158854166666667 0.2810185185185185 0.08802083333333334 0.2490740740740741
0 0.3890625 0.27361111111111114 0.06458333333333334 0.125
9 0.20104166666666667 0.4217592592592593 0.14375 0.20277777777777778
9 0.5184895833333334 0.25833333333333336 0.0546875 0.12407407407407407
6 0.2794270833333333 0.31296296296296294 0.07447916666666667 0.08518518518518518
6 0.7169270833333333 0.2351851851851852 0.06510416666666667 0.1425925925925926
7 0.50625 0.25277777777777777 0.01875 0.08333333333333333
7 0.3028645833333333 0.2777777777777778 0.0203125 0.08518518518518518
7 0.8643229166666666 0.30787037037037035 0.10677083333333333 0.4046296296296296
7 0.21484375 0.3212962962962963 0.0734375 0.15185185185185185
7 0.2583333333333333 0.29444444444444445 0.030208333333333334 0.0962962962962963
