0 0.4265625 0.30694444444444446 0.165625 0.475
7 0.5997395833333333 0.2222222222222222 0.018229166666666668 0.09444444444444444
9 0.26979166666666665 0.23935185185185187 0.03958333333333333 0.11018518518518519
7 0.9552083333333333 0.2513888888888889 0.08854166666666667 0.2675925925925926
9 0.05 0.4722222222222222 0.1 0.7592592592592593
7 0.17447916666666666 0.26481481481481484 0.03125 0.13703703703703704
7 0.7809895833333333 0.23148148148148148 0.0296875 0.14814814814814814
0 0.21510416666666665 0.25787037037037036 0.06458333333333334 0.1675925925925926
7 0.5361979166666666 0.21898148148148147 0.016145833333333335 0.07685185185185185
7 0.125 0.2949074074074074 0.0375 0.1638888888888889
0 0.31979166666666664 0.2263888888888889 0.026041666666666668 0.0712962962962963
9 0.5604166666666666 0.22685185185185183 0.04479166666666667 0.1037037037037037
7 0.9052083333333334 0.2824074074074074 0.084375 0.28888888888888886
0 0.29010416666666666 0.21851851851851853 0.01875 0.06111111111111111
0 0.8958333333333333 0.2537037037037037 0.20104166666666667 0.39814814814814814
7 0.8505208333333334 0.2518518518518518 0.06458333333333334 0.2722222222222222
7 0.5153645833333333 0.21435185185185185 0.016145833333333335 0.075
