7 0.8390625 0.31296296296296294 0.11354166666666667 0.42407407407407405
6 0.22109374999999998 0.2949074074074074 0.030729166666666665 0.09166666666666666
6 0.16640624999999998 0.31851851851851853 0.0453125 0.15185185185185185
0 0.31744791666666666 0.2708333333333333 0.06510416666666667 0.18055555555555555
9 0.2674479166666667 0.2898148148148148 0.07760416666666667 0.21481481481481482
7 0.7817708333333333 0.27175925925925926 0.090625 0.41944444444444445
7 0.18203125 0.2675925925925926 0.0234375 0.10925925925925926
6 0.9562499999999999 0.2569444444444445 0.08645833333333333 0.1712962962962963
0 0.36484375 0.2587962962962963 0.0484375 0.14722222222222223
6 0.8533854166666667 0.43842592592592594 0.22760416666666666 0.45092592592592595
7 0.65390625 0.23796296296296296 0.024479166666666666 0.10740740740740741
6 0.6703125 0.24074074074074076 0.046875 0.08518518518518518
7 0.88515625 0.18101851851851852 0.03177083333333333 0.1287037037037037
6 0.1375 0.3388888888888889 0.065625 0.19814814814814816
3 0.5934895833333333 0.2518518518518519 0.09322916666666667 0.1111111111111111
