9 0.834375 0.3574074074074074 0.33125 0.6888888888888889
7 0.4848958333333333 0.2199074074074074 0.014583333333333334 0.0787037037037037
9 0.2713541666666667 0.23379629629629628 0.058333333333333334 0.15092592592592594
7 0.7682291666666666 0.25324074074074077 0.109375 0.42314814814814816
7 0.8807291666666666 0.300462962962963 0.12291666666666666 0.5472222222222223
7 0.215625 0.22314814814814815 0.030208333333333334 0.11851851851851852
3 0.43385416666666665 0.23842592592592593 0.09479166666666666 0.12129629629629629
7 0.15442708333333333 0.2777777777777778 0.04010416666666667 0.11296296296296296
7 0.8169270833333333 0.23703703703703702 0.0578125 0.387037037037037
7 0.23281249999999998 0.24027777777777776 0.022916666666666665 0.14351851851851852
0 0.34817708333333336 0.20694444444444443 0.021354166666666667 0.06388888888888888
