9 0.41822916666666665 0.2740740740740741 0.053125 0.13518518518518519
7 0.5244791666666667 0.25925925925925924 0.01875 0.06851851851851852
3 0.6505208333333333 0.3263888888888889 0.39375 0.24351851851851852
7 0.4328125 0.2671296296296296 0.022916666666666665 0.10833333333333334
0 0.22864583333333333 0.2962962962962963 0.09375 0.23333333333333334
7 0.32421875 0.28101851851851856 0.024479166666666666 0.10833333333333334
7 0.47161458333333334 0.274537037037037 0.021354166666666667 0.1175925925925926
9 0.2986979166666667 0.2740740740740741 0.03697916666666667 0.1037037037037037
7 0.446875 0.2791666666666667 0.015625 0.09166666666666666
7 0.9502604166666666 0.26666666666666666 0.04010416666666667 0.17407407407407408
0 0.3651041666666667 0.2638888888888889 0.021875 0.09444444444444444
0 0.38125 0.2662037037037037 0.019791666666666666 0.10277777777777777
