6 0.9479166666666666 0.31805555555555554 0.075 0.20092592592592592
7 0.44244791666666666 0.2833333333333333 0.0515625 0.29814814814814816
0 0.66015625 0.24861111111111112 0.09114583333333333 0.24722222222222223
0 0.5677083333333334 0.24814814814814815 0.058333333333333334 0.1648148148148148
0 0.8520833333333333 0.25231481481481477 0.13333333333333333 0.3398148148148148
7 0.33880208333333334 0.30833333333333335 0.03697916666666667 0.22407407407407406
7 0.5005208333333333 0.2412037037037037 0.015625 0.10462962962962963
4 0.48098958333333336 0.2513888888888889 0.04635416666666667 0.07314814814814814
11 0.7205729166666667 0.21064814814814814 0.030729166666666665 0.06944444444444445
7 0.37109375 0.30925925925925923 0.0640625 0.27037037037037037
7 0.05078125 0.2861111111111111 0.06927083333333334 0.23703703703703705
7 0.3971354166666667 0.2412037037037037 0.024479166666666666 0.11018518518518519
3 0.2046875 0.30833333333333335 0.25625 0.2851851851851852
7 0.10598958333333333 0.19814814814814816 0.0484375 0.12222222222222222
7 0.93984375 0.2611111111111111 0.06197916666666667 0.21666666666666667
7 0.5130208333333334 0.2388888888888889 0.015625 0.09814814814814815
3 0.9807291666666667 0.22777777777777777 0.03854166666666667 0.07777777777777778
