7 0.6453125 0.2569444444444444 0.06041666666666667 0.25462962962962965
9 0.16796875 0.37916666666666665 0.2796875 0.4527777777777778
2 0.9390625 0.14444444444444443 0.07291666666666667 0.11666666666666667
7 0.9666666666666667 0.1712962962962963 0.015625 0.07407407407407407
7 0.17630208333333333 0.3013888888888889 0.1484375 0.35462962962962963
7 0.23072916666666668 0.2777777777777778 0.07604166666666666 0.25
0 0.0734375 0.4981481481481482 0.146875 0.9888888888888889
9 0.6033854166666667 0.2949074074074074 0.22760416666666666 0.39537037037037037
7 0.44427083333333334 0.27175925925925926 0.053125 0.21388888888888888
7 0.7393229166666667 0.19814814814814816 0.025520833333333333 0.08888888888888889
7 0.48411458333333335 0.27037037037037037 0.044270833333333336 0.2351851851851852
2 0.8778645833333333 0.14953703703703702 0.0515625 0.08981481481481482
9 0.79375 0.22175925925925927 0.07916666666666666 0.21203703703703702
2 0.9861979166666667 0.12592592592592594 0.027604166666666666 0.19814814814814816
