6 0.17421874999999998 0.2518518518518519 0.030729166666666665 0.07037037037037037
9 0.26067708333333334 0.2324074074074074 0.05677083333333333 0.15
7 0.43411458333333336 0.2125 0.0171875 0.08425925925925926
9 0.3513020833333333 0.2277777777777778 0.0359375 0.1
7 0.2950520833333333 0.2212962962962963 0.0171875 0.09074074074074075
7 0.35234374999999996 0.2138888888888889 0.0203125 0.08888888888888889
9 0.32526041666666666 0.21481481481481482 0.025520833333333333 0.09074074074074075
6 0.41953125 0.2412037037037037 0.021354166666666667 0.06944444444444445
7 0.33880208333333334 0.21435185185185185 0.015104166666666667 0.08981481481481482
7 0.39869791666666665 0.237962962962963 0.021354166666666667 0.11296296296296296
7 0.7299479166666667 0.24537037037037035 0.06302083333333333 0.34444444444444444
7 0.37734375000000003 0.21805555555555556 0.013020833333333334 0.0787037037037037
7 0.3106770833333333 0.19907407407407407 0.011979166666666667 0.046296296296296294
6 0.21302083333333333 0.23796296296296296 0.021875 0.05740740740740741
0 0.21953125 0.21203703703703702 0.034895833333333334 0.07592592592592592
