3 0.7208333333333333 0.2953703703703704 0.146875 0.14444444444444443
7 0.3567708333333333 0.33472222222222225 0.075 0.24351851851851852
7 0.9231770833333334 0.30694444444444446 0.033854166666666664 0.14166666666666666
7 0.984375 0.3259259259259259 0.027083333333333334 0.18333333333333332
0 0.5216145833333333 0.2875 0.07239583333333334 0.16018518518518518
7 0.13932291666666666 0.3060185185185185 0.022395833333333334 0.0824074074074074
6 0.35625 0.4083333333333333 0.07604166666666666 0.21296296296296297
0 0.86328125 0.3115740740740741 0.11510416666666666 0.22685185185185186
7 0.8010416666666668 0.29953703703703705 0.021875 0.11944444444444445
0 0.22968750000000002 0.3074074074074074 0.090625 0.22407407407407406
0 0.07057291666666667 0.5041666666666667 0.14114583333333333 0.9898148148148148
7 0.9606770833333333 0.32685185185185184 0.04635416666666667 0.1925925925925926
7 0.8770833333333333 0.29953703703703705 0.040625 0.15092592592592594
3 0.2864583333333333 0.27175925925925926 0.030208333333333334 0.05277777777777778
7 0.41953125 0.25787037037037036 0.0109375 0.03425925925925926
