7 0.578125 0.2986111111111111 0.03958333333333333 0.09351851851851851
6 0.8869791666666668 0.5731481481481482 0.225 0.5648148148148148
7 0.4328125 0.21898148148148147 0.021875 0.12129629629629629
0 0.2596354166666667 0.23194444444444445 0.0796875 0.2175925925925926
7 0.3302083333333333 0.19907407407407407 0.029166666666666667 0.0962962962962963
7 0.16536458333333331 0.3037037037037037 0.1578125 0.48148148148148145
7 0.41328125 0.22314814814814815 0.0234375 0.11851851851851852
7 0.38385416666666666 0.2199074074074074 0.020833333333333332 0.09907407407407408
6 0.16536458333333334 0.4800925925925926 0.13697916666666668 0.3990740740740741
7 0.92265625 0.40879629629629627 0.15364583333333334 0.7787037037037037
9 0.3286458333333333 0.2212962962962963 0.03958333333333333 0.10555555555555556
