7 0.7440104166666667 0.25046296296296294 0.018229166666666668 0.09537037037037037
9 0.7002604166666666 0.2537037037037037 0.043229166666666666 0.14444444444444443
9 0.18385416666666668 0.5 0.36770833333333336 1.0
7 0.90703125 0.26805555555555555 0.0671875 0.4287037037037037
7 0.9710937500000001 0.3333333333333333 0.05677083333333333 0.6185185185185185
7 0.6216145833333333 0.3902777777777778 0.1578125 0.6138888888888889
9 0.8924479166666667 0.37268518518518523 0.1609375 0.5657407407407408
7 0.18541666666666667 0.3453703703703704 0.28020833333333334 0.6814814814814815
7 0.5565104166666667 0.3675925925925926 0.10989583333333333 0.5555555555555556
7 0.5002604166666667 0.24027777777777778 0.0234375 0.09722222222222222
6 0.59296875 0.5740740740740741 0.19947916666666668 0.5055555555555555
