6 0.36302083333333335 0.6537037037037037 0.196875 0.5685185185185185
7 0.3549479166666667 0.4162037037037037 0.20885416666666667 0.6435185185185185
6 0.5148437499999999 0.42500000000000004 0.10885416666666667 0.2537037037037037
9 0.19479166666666667 0.2773148148148148 0.051041666666666666 0.13240740740740742
7 0.5091145833333334 0.35185185185185186 0.07239583333333334 0.2777777777777778
7 0.4916666666666667 0.31805555555555554 0.06041666666666667 0.29907407407407405
7 0.10625000000000001 0.4361111111111111 0.11666666666666667 0.5814814814814815
9 0.30885416666666665 0.375 0.16666666666666666 0.48703703703703705
6 0.16015625 0.2847222222222222 0.016145833333333335 0.049074074074074076
6 0.06640625 0.5439814814814815 0.08385416666666666 0.28055555555555556
