7 0.5455729166666666 0.22638888888888892 0.04010416666666667 0.1675925925925926
6 0.23802083333333335 0.25092592592592594 0.030208333333333334 0.06481481481481481
9 0.9221354166666667 0.22916666666666669 0.07864583333333333 0.2564814814814815
7 0.6687500000000001 0.20694444444444443 0.021875 0.13425925925925927
7 0.5890625 0.21111111111111108 0.021875 0.1259259259259259
7 0.6911458333333333 0.20833333333333334 0.030208333333333334 0.15925925925925927
9 0.5398437500000001 0.24907407407407406 0.0578125 0.21481481481481482
7 0.17526041666666667 0.24166666666666667 0.0234375 0.10740740740740741
7 0.8736979166666667 0.2074074074074074 0.03802083333333333 0.17222222222222222
0 0.3950520833333333 0.375462962962963 0.26197916666666665 0.7416666666666667
