9 0.25859375 0.16203703703703703 0.024479166666666666 0.06481481481481481
7 0.28020833333333334 0.16064814814814815 0.016666666666666666 0.06944444444444445
7 0.31484375 0.1884259259259259 0.0359375 0.17314814814814813
1 0.15989583333333332 0.22175925925925927 0.01875 0.06944444444444445
0 0.12213541666666666 0.18287037037037035 0.0421875 0.11018518518518519
7 0.4333333333333333 0.2152777777777778 0.057291666666666664 0.20277777777777778
7 0.15859375 0.19212962962962962 0.024479166666666666 0.11388888888888889
9 0.2 0.18055555555555558 0.03958333333333333 0.1
7 0.3854166666666667 0.21296296296296297 0.06041666666666667 0.2074074074074074
7 0.22916666666666666 0.15601851851851853 0.015625 0.03796296296296296
6 0.22994791666666667 0.18101851851851852 0.016145833333333335 0.03796296296296296
