9 0.28854166666666664 0.2689814814814815 0.03958333333333333 0.10648148148148148
9 0.2533854166666667 0.25555555555555554 0.025520833333333333 0.03888888888888889
3 0.4627604166666667 0.27175925925925926 0.043229166666666666 0.075
7 0.5598958333333334 0.26157407407407407 0.03125 0.13425925925925927
6 0.40598958333333335 0.2847222222222222 0.027604166666666666 0.0824074074074074
9 0.53046875 0.27824074074074073 0.0671875 0.15462962962962962
7 0.5338541666666667 0.2740740740740741 0.026041666666666668 0.1388888888888889
7 0.09661458333333334 0.3333333333333333 0.04010416666666667 0.16666666666666666
0 0.3299479166666667 0.2685185185185185 0.0453125 0.1259259259259259
7 0.40598958333333335 0.26296296296296295 0.0265625 0.07777777777777778
7 0.484375 0.2657407407407407 0.019791666666666666 0.1037037037037037
7 0.6869791666666667 0.3 0.03854166666666667 0.2111111111111111
7 0.42734374999999997 0.25601851851851853 0.016145833333333335 0.06759259259259259
7 0.7440104166666667 0.30972222222222223 0.0390625 0.20833333333333334
7 0.9278645833333333 0.33564814814814814 0.1046875 0.4009259259259259
7 0.771875 0.2967592592592593 0.025 0.19537037037037036
0 0.36953125 0.2537037037037037 0.025520833333333333 0.06296296296296296
6 0.7184895833333332 0.31805555555555554 0.03697916666666667 0.14722222222222223
7 0.36953125000000003 0.25092592592592594 0.0109375 0.03518518518518519
9 0.9091145833333334 0.38935185185185184 0.18177083333333333 0.2101851851851852
