11 0.19036458333333334 0.24166666666666667 0.10572916666666667 0.21666666666666667
7 0.49609375 0.29768518518518516 0.03697916666666667 0.13796296296296295
9 0.28151041666666665 0.3282407407407407 0.0890625 0.2212962962962963
7 0.08177083333333333 0.36944444444444446 0.06145833333333333 0.2722222222222222
9 0.033854166666666664 0.34814814814814815 0.06770833333333333 0.2796296296296296
0 0.3958333333333333 0.32361111111111107 0.121875 0.33425925925925926
9 0.1296875 0.3648148148148148 0.09270833333333334 0.1111111111111111
6 0.20130208333333333 0.33379629629629626 0.0609375 0.062037037037037036
0 0.33307291666666666 0.2847222222222222 0.034895833333333334 0.1287037037037037
0 0.3315104166666667 0.2833333333333333 0.028645833333333332 0.15
