9 0.37005208333333334 0.24814814814814817 0.06510416666666667 0.1814814814814815
0 0.07291666666666667 0.5393518518518519 0.140625 0.9212962962962963
0 0.2708333333333333 0.22314814814814815 0.023958333333333335 0.06111111111111111
0 0.11328125 0.2962962962962963 0.10052083333333334 0.38333333333333336
0 0.17708333333333334 0.25046296296296294 0.06041666666666667 0.21203703703703702
7 0.21354166666666669 0.24259259259259258 0.026041666666666668 0.13148148148148148
0 0.2994791666666667 0.22916666666666666 0.035416666666666666 0.10092592592592593
7 0.24869791666666666 0.225 0.009895833333333333 0.05
0 0.78828125 0.5 0.4234375 1.0
0 0.3247395833333333 0.21944444444444444 0.0203125 0.05
