0 0.9213541666666666 0.24861111111111112 0.15 0.4842592592592593
9 0.33125 0.3087962962962963 0.24583333333333332 0.6175925925925926
9 0.5497395833333333 0.20694444444444443 0.058854166666666666 0.17314814814814813
9 0.1609375 0.4842592592592592 0.321875 0.9425925925925925
9 0.765625 0.22268518518518518 0.153125 0.3638888888888889
9 0.6481770833333333 0.2236111111111111 0.13697916666666668 0.24166666666666667
7 0.6106770833333333 0.22916666666666669 0.0515625 0.24351851851851852
7 0.6705729166666667 0.2125 0.06927083333333334 0.2361111111111111
7 0.5739583333333333 0.18009259259259258 0.03333333333333333 0.17314814814814813
7 0.47760416666666666 0.23055555555555557 0.053125 0.26481481481481484
