0 0.2859375 0.22037037037037038 0.052083333333333336 0.13703703703703704
9 0.34088541666666666 0.2050925925925926 0.028645833333333332 0.06759259259259259
0 0.20833333333333334 0.25 0.09583333333333334 0.22777777777777777
7 0.7005208333333334 0.22546296296296295 0.046875 0.15462962962962962
7 0.421875 0.20833333333333334 0.020833333333333332 0.14814814814814814
9 0.46875 0.21388888888888888 0.04583333333333333 0.1111111111111111
7 0.6377604166666666 0.21574074074074073 0.04010416666666667 0.18333333333333332
9 0.4106770833333333 0.2189814814814815 0.11197916666666667 0.18425925925925926
1 0.9268229166666666 0.2925925925925926 0.1453125 0.22037037037037038
9 0.6177083333333334 0.23703703703703705 0.09270833333333334 0.22407407407407406
7 0.4669270833333333 0.19907407407407407 0.0234375 0.08518518518518518
7 0.6164062499999999 0.19212962962962962 0.03177083333333333 0.15648148148148147
6 0.703125 0.2652777777777778 0.04895833333333333 0.13240740740740742
0 0.553125 0.21805555555555556 0.030208333333333334 0.15833333333333333
