7 0.7783854166666667 0.3851851851851852 0.06614583333333333 0.29814814814814816
7 0.5950520833333334 0.3037037037037037 0.0390625 0.1814814814814815
9 0.8445312500000001 0.36435185185185187 0.2484375 0.3861111111111111
7 0.4713541666666667 0.2912037037037037 0.020833333333333332 0.09907407407407408
9 0.21979166666666666 0.27685185185185185 0.03125 0.046296296296296294
7 0.43463541666666666 0.2777777777777778 0.016145833333333335 0.08148148148148149
1 0.5953125 0.33611111111111114 0.06979166666666667 0.1111111111111111
0 0.3958333333333333 0.2875 0.03958333333333333 0.12314814814814815
7 0.36614583333333334 0.26851851851851855 0.0125 0.06666666666666667
7 0.8622395833333333 0.33935185185185185 0.0703125 0.3416666666666667
9 0.26901041666666664 0.29027777777777775 0.04635416666666667 0.12129629629629629
0 0.32083333333333336 0.2888888888888889 0.052083333333333336 0.14074074074074075
3 0.534375 0.3078703703703704 0.09791666666666667 0.11388888888888889
7 0.4 0.28240740740740744 0.025 0.07037037037037037
9 0.6903645833333333 0.28055555555555556 0.0953125 0.23148148148148148
