0 0.3809895833333333 0.21435185185185185 0.12447916666666667 0.21388888888888888
9 0.6049479166666666 0.2300925925925926 0.10677083333333333 0.22870370370370371
9 0.23723958333333334 0.33009259259259255 0.2453125 0.6361111111111111
9 0.8380208333333333 0.3194444444444444 0.32395833333333335 0.6388888888888888
9 0.4997395833333333 0.2185185185185185 0.04739583333333333 0.20555555555555555
7 0.9377604166666667 0.2675925925925926 0.11614583333333334 0.5296296296296297
7 0.4752604166666667 0.2337962962962963 0.06197916666666667 0.2101851851851852
7 0.37239583333333337 0.2134259259259259 0.034375 0.12685185185185185
7 0.008072916666666667 0.24583333333333332 0.016145833333333335 0.1787037037037037
7 0.6346354166666667 0.2212962962962963 0.03802083333333333 0.15925925925925927
7 0.80859375 0.2435185185185185 0.09635416666666667 0.4444444444444444
7 0.8606770833333334 0.1638888888888889 0.06614583333333333 0.32037037037037036
7 0.06640625 0.1875 0.018229166666666668 0.09537037037037037
