0 0.6333333333333333 0.30462962962962964 0.4354166666666667 0.6092592592592593
9 0.33177083333333335 0.4273148148148148 0.346875 0.8546296296296296
9 0.88828125 0.2967592592592593 0.2234375 0.4787037037037037
6 0.08697916666666666 0.18472222222222223 0.04375 0.09907407407407408
6 0.14453125 0.2606481481481482 0.10885416666666667 0.21944444444444444
7 0.12161458333333333 0.15925925925925927 0.04114583333333333 0.1574074074074074
7 0.16302083333333334 0.19907407407407407 0.05520833333333333 0.2037037037037037
7 0.5130208333333333 0.24027777777777776 0.07604166666666666 0.3435185185185185
7 0.8869791666666667 0.3384259259259259 0.15833333333333333 0.575
7 0.6549479166666667 0.2875 0.1046875 0.38425925925925924
