7 0.6531250000000001 0.25601851851851853 0.05 0.08796296296296297
0 0.8013020833333333 0.32962962962962966 0.22447916666666667 0.6574074074074074
7 0.6325520833333333 0.2273148148148148 0.018229166666666668 0.06388888888888888
3 0.10703125 0.38611111111111107 0.2140625 0.45185185185185184
6 0.4265625 0.3231481481481482 0.09895833333333333 0.09814814814814815
7 0.48541666666666666 0.28935185185185186 0.025 0.14351851851851852
7 0.5625 0.2810185185185185 0.028125 0.1175925925925926
3 0.5203125 0.2851851851851852 0.06770833333333333 0.09074074074074075
9 0.6033854166666667 0.28981481481481486 0.0640625 0.17962962962962964
8 0.20807291666666666 0.2875 0.2994791666666667 0.4009259259259259
11 0.9427083333333333 0.24027777777777778 0.11458333333333333 0.48055555555555557
7 0.46380208333333334 0.2875 0.028645833333333332 0.10462962962962963
7 0.41822916666666665 0.3550925925925926 0.075 0.33796296296296297
7 0.6528645833333333 0.26203703703703707 0.044270833333333336 0.09074074074074075
9 0.6520833333333333 0.37083333333333335 0.084375 0.1712962962962963
