7 0.33255208333333336 0.19814814814814816 0.021354166666666667 0.07777777777777778
6 0.690625 0.2240740740740741 0.07708333333333334 0.1425925925925926
9 0.39687500000000003 0.23009259259259257 0.05 0.15092592592592594
9 0.33932291666666664 0.2162037037037037 0.03802083333333333 0.09722222222222222
7 0.4291666666666667 0.1949074074074074 0.01875 0.07685185185185185
0 0.28932291666666665 0.25277777777777777 0.0953125 0.2740740740740741
7 0.4018229166666667 0.21666666666666667 0.0265625 0.12222222222222222
3 0.17656249999999998 0.25277777777777777 0.09895833333333333 0.13333333333333333
9 0.5065104166666666 0.30972222222222223 0.11302083333333333 0.1675925925925926
7 0.53828125 0.23935185185185184 0.043229166666666666 0.18981481481481483
