7 0.48177083333333337 0.2722222222222222 0.022916666666666665 0.12962962962962962
3 0.5552083333333333 0.28055555555555556 0.07604166666666666 0.11481481481481481
7 0.7372395833333333 0.27546296296296297 0.0515625 0.2324074074074074
7 0.6419270833333333 0.24537037037037035 0.0203125 0.1259259259259259
9 0.7145833333333333 0.29305555555555557 0.109375 0.27870370370370373
0 0.42682291666666666 0.2708333333333333 0.0484375 0.1398148148148148
7 0.38203125 0.25787037037037036 0.015104166666666667 0.05648148148148148
6 0.38359375 0.27685185185185185 0.0140625 0.04259259259259259
6 0.7736979166666668 0.3101851851851852 0.04114583333333333 0.17222222222222222
0 0.19166666666666668 0.5 0.38333333333333336 1.0
7 0.41953125 0.2583333333333333 0.028645833333333332 0.07777777777777778
