3 0.24739583333333334 0.21944444444444444 0.025 0.05555555555555555
0 0.178125 0.2162037037037037 0.03125 0.08055555555555556
9 0.16302083333333334 0.287962962962963 0.075 0.10555555555555556
9 0.06536458333333334 0.3199074074074074 0.08802083333333334 0.4527777777777778
9 0.3359375 0.24027777777777778 0.035416666666666666 0.06018518518518518
9 0.22630208333333335 0.21712962962962964 0.033854166666666664 0.075
6 0.28385416666666663 0.25416666666666665 0.028125 0.08611111111111111
7 0.15494791666666666 0.22870370370370371 0.04010416666666667 0.07777777777777778
7 0.39401041666666664 0.2175925925925926 0.016145833333333335 0.1037037037037037
7 0.2838541666666667 0.23055555555555554 0.025 0.09444444444444444
7 0.23020833333333332 0.21064814814814814 0.016666666666666666 0.04722222222222222
