7 0.06875 0.5060185185185185 0.1375 0.9842592592592593
7 0.3848958333333333 0.16527777777777777 0.07083333333333333 0.22685185185185186
7 0.62734375 0.20370370370370372 0.04010416666666667 0.1259259259259259
7 0.9416666666666667 0.24768518518518517 0.03854166666666667 0.1638888888888889
6 0.7726562499999999 0.2898148148148148 0.05260416666666667 0.15555555555555556
7 0.9549479166666667 0.25092592592592594 0.0484375 0.17592592592592593
9 0.21744791666666669 0.5444444444444444 0.40677083333333336 0.6796296296296296
7 0.7763020833333333 0.24814814814814815 0.0484375 0.15185185185185185
9 0.6257812500000001 0.2236111111111111 0.04635416666666667 0.12685185185185185
6 0.8239583333333333 0.2898148148148148 0.04375 0.12777777777777777
0 0.6921875 0.2689814814814815 0.103125 0.27870370370370373
9 0.9341145833333333 0.26851851851851855 0.0984375 0.2388888888888889
7 0.8255208333333333 0.2523148148148148 0.04375 0.14722222222222223
7 0.5861979166666667 0.26296296296296295 0.050520833333333334 0.26296296296296295
