7 0.3997395833333333 0.1685185185185185 0.025520833333333333 0.10555555555555556
9 0.6841145833333334 0.2199074074074074 0.14739583333333334 0.36574074074074076
7 0.4450520833333333 0.16296296296296298 0.022395833333333334 0.0962962962962963
7 0.4135416666666667 0.16435185185185186 0.01875 0.10277777777777777
7 0.37473958333333335 0.16805555555555557 0.0171875 0.11018518518518519
7 0.7546875000000001 0.1962962962962963 0.065625 0.3592592592592593
3 0.4921875 0.1398148148148148 0.040625 0.06666666666666667
7 0.30546875 0.1902777777777778 0.034895833333333334 0.09537037037037037
7 0.4796875 0.15 0.017708333333333333 0.07777777777777778
7 0.9479166666666667 0.16203703703703703 0.06458333333333334 0.28703703703703703
7 0.017708333333333333 0.18657407407407406 0.015625 0.14907407407407408
3 0.1875 0.1685185185185185 0.215625 0.1685185185185185
7 0.46953125 0.15 0.011979166666666667 0.07592592592592592
