2 0.50703125 0.17592592592592593 0.0890625 0.13333333333333333
7 0.39348958333333334 0.24166666666666664 0.028645833333333332 0.13333333333333333
0 0.6864583333333334 0.2185185185185185 0.05 0.14814814814814814
0 0.7796875000000001 0.21388888888888888 0.057291666666666664 0.13148148148148148
7 0.8973958333333334 0.2518518518518519 0.058333333333333334 0.26666666666666666
9 0.36822916666666666 0.22824074074074074 0.08020833333333334 0.1712962962962963
0 0.59765625 0.2037037037037037 0.0296875 0.08703703703703704
3 0.90546875 0.23425925925925925 0.1546875 0.17962962962962964
3 0.47135416666666663 0.2662037037037037 0.13125 0.18425925925925926
2 0.5677083333333334 0.18472222222222223 0.030208333333333334 0.06388888888888888
7 0.5669270833333333 0.20601851851851852 0.0171875 0.05648148148148148
0 0.6565104166666667 0.20046296296296295 0.030729166666666665 0.09351851851851851
