7 0.7294270833333333 0.25277777777777777 0.0640625 0.21481481481481482
3 0.321875 0.46944444444444444 0.578125 0.7777777777777778
7 0.8236979166666666 0.3189814814814815 0.13802083333333334 0.35648148148148145
7 0.5526041666666667 0.16342592592592592 0.020833333333333332 0.06574074074074074
9 0.9471354166666667 0.31574074074074077 0.10572916666666667 0.40370370370370373
0 0.7177083333333334 0.26805555555555555 0.11145833333333334 0.30092592592592593
6 0.5502604166666667 0.17916666666666667 0.025520833333333333 0.05648148148148148
9 0.5848958333333333 0.17546296296296296 0.046875 0.07685185185185185
6 0.8395833333333333 0.43287037037037035 0.19270833333333334 0.35833333333333334
0 0.6361979166666667 0.17546296296296296 0.06197916666666667 0.1175925925925926
7 0.5859375 0.16759259259259257 0.020833333333333332 0.07962962962962963
