7 0.14739583333333334 0.17685185185185184 0.05416666666666667 0.34444444444444444
7 0.3072916666666667 0.26342592592592595 0.05 0.33055555555555555
7 0.6755208333333333 0.19814814814814816 0.019791666666666666 0.08148148148148149
7 0.5627604166666667 0.30462962962962964 0.09635416666666667 0.43148148148148147
0 0.7236979166666667 0.19212962962962962 0.019270833333333334 0.05092592592592592
0 0.7611979166666666 0.19351851851851853 0.024479166666666666 0.06111111111111111
7 0.21536458333333333 0.1935185185185185 0.06510416666666667 0.3037037037037037
7 0.3638020833333333 0.2763888888888889 0.06302083333333333 0.33425925925925926
4 0.059895833333333336 0.3462962962962963 0.11979166666666667 0.37407407407407406
0 0.45833333333333337 0.26157407407407407 0.14166666666666666 0.4046296296296296
9 0.63125 0.2263888888888889 0.034375 0.0787037037037037
