11 0.6783854166666666 0.24444444444444446 0.06614583333333333 0.16666666666666666
9 0.4286458333333333 0.32685185185185184 0.128125 0.3592592592592593
3 0.32838541666666665 0.28703703703703703 0.10364583333333334 0.10740740740740741
0 0.53671875 0.26805555555555555 0.027604166666666666 0.0824074074074074
0 0.7916666666666667 0.31666666666666665 0.18958333333333333 0.5037037037037037
6 0.59765625 0.29212962962962963 0.025520833333333333 0.0712962962962963
7 0.7015625 0.30694444444444446 0.03958333333333333 0.2824074074074074
6 0.12369791666666666 0.33055555555555555 0.1421875 0.17962962962962964
3 0.9390624999999999 0.2726851851851852 0.07604166666666666 0.09537037037037037
7 0.26015625000000003 0.2935185185185185 0.043229166666666666 0.17407407407407408
0 0.5002604166666667 0.2791666666666667 0.049479166666666664 0.15833333333333333
3 0.9817708333333334 0.27546296296296297 0.034375 0.10462962962962963
0 0.6283854166666667 0.25925925925925924 0.0234375 0.06296296296296296
7 0.5973958333333333 0.2638888888888889 0.026041666666666668 0.08333333333333333
0 0.5739583333333333 0.26157407407407407 0.030208333333333334 0.08981481481481482
4 0.23958333333333331 0.3138888888888889 0.06979166666666667 0.10185185185185185
4 0.29635416666666664 0.30277777777777776 0.059375 0.11296296296296296
