3 0.24661458333333333 0.2736111111111111 0.033854166666666664 0.041666666666666664
0 0.20416666666666666 0.2791666666666667 0.0375 0.0712962962962963
0 0.2911458333333333 0.2657407407407407 0.020833333333333332 0.05185185185185185
9 0.1875 0.33564814814814814 0.06354166666666666 0.08981481481481482
9 0.0921875 0.36157407407407405 0.15 0.3675925925925926
9 0.3247395833333333 0.2865740740740741 0.027604166666666666 0.05092592592592592
6 0.2755208333333334 0.29490740740740745 0.01875 0.03981481481481482
7 0.17942708333333335 0.2861111111111111 0.03802083333333333 0.07592592592592592
7 0.37265624999999997 0.27175925925925926 0.018229166666666668 0.09907407407407408
7 0.27317708333333335 0.2638888888888889 0.0171875 0.03333333333333333
