7 0.56953125 0.19861111111111113 0.015104166666666667 0.09166666666666666
0 0.08671875 0.22268518518518518 0.17239583333333333 0.26944444444444443
7 0.08854166666666667 0.2439814814814815 0.05625 0.30833333333333335
7 0.12526041666666668 0.23425925925925925 0.05572916666666667 0.2759259259259259
9 0.3158854166666667 0.22870370370370371 0.13072916666666667 0.3685185185185185
7 0.9052083333333334 0.2185185185185185 0.03854166666666667 0.14814814814814814
0 0.04895833333333333 0.2087962962962963 0.09479166666666666 0.23981481481481481
0 0.6695312499999999 0.21666666666666667 0.10677083333333333 0.29814814814814816
7 0.9593750000000001 0.21574074074074073 0.041666666666666664 0.17222222222222222
6 0.19999999999999998 0.20462962962962966 0.0375 0.14074074074074075
3 0.3140625 0.21990740740740744 0.20104166666666667 0.1712962962962963
7 0.55703125 0.19861111111111113 0.0203125 0.09907407407407408
7 0.43359375 0.20185185185185187 0.0171875 0.11851851851851852
7 0.4963541666666667 0.20324074074074075 0.020833333333333332 0.125
0 0.46197916666666666 0.19907407407407407 0.05520833333333333 0.12037037037037036
9 0.6015625 0.20277777777777778 0.0375 0.1037037037037037
7 0.5242187500000001 0.2138888888888889 0.0265625 0.14074074074074075
9 0.96953125 0.23287037037037037 0.058854166666666666 0.23981481481481481
9 0.8929687500000001 0.21296296296296297 0.05677083333333333 0.16296296296296298
