7 0.6828125 0.27314814814814814 0.07395833333333333 0.2740740740740741
9 0.07864583333333333 0.3578703703703704 0.15729166666666666 0.7157407407407408
9 0.3658854166666667 0.3402777777777778 0.2484375 0.6805555555555556
0 0.70390625 0.32175925925925924 0.3265625 0.6175925925925926
6 0.18020833333333333 0.2101851851851852 0.028125 0.09444444444444444
7 0.19999999999999998 0.19212962962962965 0.022916666666666665 0.11944444444444445
7 0.4927083333333333 0.19861111111111113 0.03333333333333333 0.14907407407407408
9 0.23854166666666665 0.20416666666666666 0.07083333333333333 0.2712962962962963
7 0.6020833333333333 0.21666666666666667 0.06979166666666667 0.2351851851851852
7 0.47291666666666665 0.18796296296296294 0.023958333333333335 0.12777777777777777
