7 0.8505208333333334 0.17638888888888887 0.034375 0.08981481481481482
9 0.5130208333333334 0.22407407407407406 0.071875 0.08333333333333333
7 0.9703125 0.21805555555555556 0.04375 0.2175925925925926
7 0.6388020833333333 0.2087962962962963 0.0234375 0.0824074074074074
3 0.7666666666666667 0.23472222222222222 0.21875 0.1787037037037037
9 0.44973958333333336 0.19814814814814813 0.0390625 0.1037037037037037
7 0.5848958333333334 0.20416666666666666 0.01875 0.0824074074074074
7 0.4278645833333333 0.1962962962962963 0.016145833333333335 0.06666666666666667
7 0.9075520833333334 0.20601851851851852 0.033854166666666664 0.21574074074074073
9 0.27708333333333335 0.2074074074074074 0.04791666666666667 0.11851851851851852
0 0.3684895833333333 0.19861111111111113 0.04739583333333333 0.12314814814814815
0 0.4044270833333333 0.19166666666666665 0.028645833333333332 0.08703703703703704
0 0.3216145833333333 0.2 0.03697916666666667 0.1259259259259259
7 0.48098958333333336 0.20277777777777778 0.015104166666666667 0.08888888888888889
