7 0.8611979166666667 0.2796296296296297 0.019270833333333334 0.08148148148148149
9 0.57421875 0.3421296296296297 0.0734375 0.14166666666666666
9 0.9778645833333334 0.28564814814814815 0.043229166666666666 0.1712962962962963
6 0.8549479166666667 0.3171296296296296 0.033854166666666664 0.0824074074074074
7 0.3731770833333333 0.3666666666666667 0.044270833333333336 0.22407407407407406
7 0.33671875 0.35694444444444445 0.03697916666666667 0.22314814814814815
7 0.4822916666666667 0.3208333333333333 0.020833333333333332 0.1175925925925926
9 0.9291666666666666 0.300462962962963 0.13020833333333334 0.16018518518518518
7 0.2640625 0.3759259259259259 0.06145833333333333 0.2518518518518518
7 0.8151041666666667 0.3208333333333333 0.04583333333333333 0.14166666666666666
7 0.44296875 0.33796296296296297 0.0390625 0.1259259259259259
3 0.15598958333333332 0.38055555555555554 0.31197916666666664 0.24259259259259258
7 0.29401041666666666 0.35324074074074074 0.058854166666666666 0.24166666666666667
6 0.8174479166666666 0.36666666666666664 0.044270833333333336 0.13518518518518519
0 0.6919270833333334 0.32407407407407407 0.08489583333333334 0.22037037037037038
7 0.20052083333333334 0.29259259259259257 0.040625 0.07407407407407407
0 0.7640625 0.2949074074074074 0.052083333333333336 0.1361111111111111
9 0.43385416666666665 0.3277777777777778 0.10208333333333333 0.19444444444444445
