7 0.25390625 0.20925925925925926 0.0234375 0.1
7 0.18958333333333333 0.20324074074074072 0.019791666666666666 0.09722222222222222
0 0.30000000000000004 0.20277777777777778 0.036458333333333336 0.09074074074074075
9 0.5580729166666667 0.28564814814814815 0.0765625 0.125
1 0.41875 0.24861111111111112 0.029166666666666667 0.08796296296296297
7 0.41796875 0.21342592592592594 0.03177083333333333 0.11944444444444445
3 0.22864583333333333 0.21064814814814814 0.05 0.08055555555555556
7 0.6989583333333333 0.28564814814814815 0.05520833333333333 0.1824074074074074
7 0.19921875 0.20277777777777778 0.015104166666666667 0.09444444444444444
6 0.3986979166666667 0.20833333333333331 0.0109375 0.04259259259259259
