9 0.6049479166666667 0.2763888888888889 0.06197916666666667 0.10833333333333334
7 0.7046875 0.2810185185185185 0.03333333333333333 0.12314814814814815
0 0.9322916666666667 0.3125 0.115625 0.25462962962962965
7 0.7791666666666667 0.31527777777777777 0.042708333333333334 0.1638888888888889
7 0.46979166666666666 0.29583333333333334 0.052083333333333336 0.2212962962962963
9 0.81796875 0.30787037037037035 0.06197916666666667 0.1527777777777778
0 0.2895833333333333 0.4273148148148148 0.309375 0.8175925925925925
0 0.050520833333333334 0.2699074074074074 0.10104166666666667 0.2638888888888889
7 0.5341145833333333 0.12314814814814815 0.05260416666666667 0.1259259259259259
9 0.715625 0.3037037037037037 0.109375 0.15
7 0.8528645833333334 0.29953703703703705 0.04114583333333333 0.14351851851851852
7 0.5106770833333333 0.2462962962962963 0.0328125 0.10185185185185185
