9 0.7192708333333333 0.2361111111111111 0.019791666666666666 0.046296296296296294
7 0.5851562499999999 0.21574074074074073 0.021354166666666667 0.05555555555555555
9 0.6322916666666667 0.262037037037037 0.042708333333333334 0.07222222222222222
7 0.5130208333333334 0.23842592592592593 0.03333333333333333 0.16018518518518518
0 0.7778645833333333 0.25277777777777777 0.044270833333333336 0.1111111111111111
7 0.6169270833333333 0.23981481481481481 0.019270833333333334 0.08518518518518518
9 0.5776041666666667 0.30925925925925923 0.06875 0.1
4 0.41041666666666665 0.3726851851851852 0.10625 0.21388888888888888
7 0.41640625000000003 0.199537037037037 0.050520833333333334 0.15462962962962962
7 0.3825520833333333 0.20555555555555555 0.03802083333333333 0.1814814814814815
7 0.6533854166666667 0.24814814814814815 0.019270833333333334 0.09814814814814815
0 0.6846354166666666 0.2324074074074074 0.016145833333333335 0.046296296296296294
7 0.6760416666666667 0.22870370370370371 0.009375 0.03148148148148148
7 0.7401041666666667 0.24351851851851852 0.009375 0.040740740740740744
7 0.7317708333333334 0.23564814814814813 0.008333333333333333 0.03981481481481482
