0 0.48046875 0.1925925925925926 0.0671875 0.16666666666666666
9 0.07630208333333333 0.26435185185185184 0.12239583333333333 0.4601851851851852
9 0.39921874999999996 0.22731481481481483 0.15885416666666666 0.41944444444444445
9 0.2375 0.3787037037037037 0.29791666666666666 0.75
9 0.8351562499999999 0.3439814814814815 0.32135416666666666 0.687962962962963
9 0.5861979166666667 0.25277777777777777 0.12552083333333333 0.3648148148148148
7 0.55703125 0.3157407407407407 0.16302083333333334 0.5462962962962963
7 0.4861979166666667 0.19722222222222222 0.0328125 0.1425925925925926
7 0.9427083333333334 0.24814814814814815 0.11354166666666667 0.49074074074074076
7 0.6122395833333334 0.22037037037037038 0.0609375 0.3148148148148148
7 0.6544270833333333 0.22685185185185186 0.0390625 0.22037037037037038
7 0.8278645833333333 0.2611111111111111 0.14322916666666666 0.4962962962962963
