7 0.5236979166666667 0.23055555555555557 0.0390625 0.20185185185185187
9 0.8609375 0.412962962962963 0.278125 0.7314814814814815
0 0.3979166666666667 0.23333333333333334 0.096875 0.25925925925925924
3 0.6854166666666667 0.24444444444444444 0.17291666666666666 0.1925925925925926
9 0.5739583333333333 0.2592592592592593 0.08229166666666667 0.23333333333333334
7 0.9171875 0.3134259259259259 0.14270833333333333 0.562037037037037
0 0.20937499999999998 0.3458333333333333 0.2520833333333333 0.6916666666666667
7 0.5927083333333333 0.225 0.040625 0.1685185185185185
0 0.3377604166666667 0.20833333333333334 0.0328125 0.13148148148148148
9 0.5268229166666666 0.24861111111111112 0.044270833333333336 0.2490740740740741
