7 0.34114583333333337 0.20833333333333331 0.016666666666666666 0.07962962962962963
7 0.5375 0.274074074074074 0.04791666666666667 0.29259259259259257
6 0.5731770833333334 0.3763888888888889 0.11614583333333334 0.3138888888888889
6 0.17994791666666665 0.5060185185185185 0.14322916666666666 0.41759259259259257
7 0.3661458333333333 0.20694444444444446 0.014583333333333334 0.0787037037037037
7 0.7130208333333333 0.31851851851851853 0.103125 0.36666666666666664
7 0.3546875 0.20740740740740743 0.013541666666666667 0.07962962962962963
7 0.5736979166666667 0.2833333333333333 0.09739583333333333 0.3111111111111111
0 0.2859375 0.2138888888888889 0.07291666666666667 0.19444444444444445
7 0.6059895833333333 0.1837962962962963 0.04010416666666667 0.12314814814814815
7 0.17942708333333335 0.30092592592592593 0.1703125 0.5018518518518519
