0 0.48072916666666665 0.2138888888888889 0.04479166666666667 0.1537037037037037
7 0.2700520833333333 0.17222222222222222 0.025520833333333333 0.07962962962962963
7 0.5205729166666666 0.2212962962962963 0.0171875 0.12407407407407407
6 0.34348958333333335 0.24305555555555555 0.06197916666666667 0.1175925925925926
9 0.43046875 0.2263888888888889 0.0734375 0.21944444444444444
7 0.9111979166666666 0.23425925925925928 0.0328125 0.1574074074074074
3 0.790625 0.21805555555555556 0.046875 0.06759259259259259
7 0.3442708333333333 0.17962962962962964 0.026041666666666668 0.07962962962962963
0 0.12239583333333334 0.2967592592592592 0.225 0.549074074074074
7 0.8348958333333334 0.2111111111111111 0.01875 0.08888888888888889
7 0.23046875 0.2763888888888889 0.09322916666666667 0.2972222222222222
0 0.6335937500000001 0.28935185185185186 0.2171875 0.5787037037037037
