0 0.5617187499999999 0.1597222222222222 0.04010416666666667 0.11203703703703703
9 0.8872395833333333 0.1935185185185185 0.043229166666666666 0.07037037037037037
7 0.10677083333333333 0.23379629629629628 0.07916666666666666 0.20833333333333334
0 0.4947916666666667 0.18287037037037038 0.09583333333333334 0.22314814814814815
7 0.80859375 0.15694444444444444 0.0234375 0.08796296296296297
9 0.8028645833333333 0.16944444444444445 0.04739583333333333 0.11666666666666667
0 0.23072916666666665 0.44027777777777777 0.421875 0.8805555555555555
7 0.17135416666666667 0.15462962962962962 0.06770833333333333 0.16296296296296298
0 0.6109375 0.17129629629629628 0.05416666666666667 0.12037037037037036
7 0.48984375 0.1527777777777778 0.06927083333333334 0.12407407407407407
