7 0.4505208333333333 0.2949074074074074 0.017708333333333333 0.08796296296296297
9 0.5578125 0.3041666666666667 0.05 0.14907407407407408
0 0.38437499999999997 0.3282407407407407 0.1 0.29907407407407405
7 0.5604166666666667 0.2949074074074074 0.022916666666666665 0.10462962962962963
7 0.7481770833333333 0.34675925925925927 0.12552083333333333 0.5064814814814815
0 0.47500000000000003 0.3037037037037037 0.040625 0.11851851851851852
7 0.6890625 0.32175925925925924 0.059375 0.3972222222222222
7 0.33203125 0.3175925925925926 0.019270833333333334 0.13703703703703704
9 0.7096354166666666 0.47129629629629627 0.2630208333333333 0.6462962962962963
7 0.5221354166666667 0.2726851851851852 0.0109375 0.049074074074074076
9 0.44791666666666663 0.2990740740740741 0.030208333333333334 0.1037037037037037
