6 0.9395833333333333 0.33611111111111114 0.11354166666666667 0.22962962962962963
3 0.4791666666666667 0.2685185185185185 0.11354166666666667 0.12222222222222222
7 0.23619791666666667 0.2675925925925926 0.0234375 0.10555555555555556
7 0.81875 0.25416666666666665 0.05520833333333333 0.18055555555555555
7 0.92578125 0.2916666666666667 0.044270833333333336 0.2611111111111111
7 0.5591145833333333 0.29814814814814816 0.10677083333333333 0.30185185185185187
7 0.65234375 0.24351851851851852 0.027604166666666666 0.10740740740740741
0 0.2700520833333333 0.2587962962962963 0.050520833333333334 0.13055555555555556
9 0.3171875 0.25555555555555554 0.03229166666666667 0.08148148148148149
9 0.7973958333333333 0.27037037037037037 0.121875 0.24259259259259258
7 0.41692708333333334 0.2472222222222222 0.0140625 0.07037037037037037
6 0.5533854166666666 0.4 0.12447916666666667 0.3277777777777778
7 0.38359374999999996 0.24675925925925926 0.018229166666666668 0.0787037037037037
7 0.9729166666666667 0.26157407407407407 0.052083333333333336 0.1935185185185185
7 0.36953125000000003 0.2462962962962963 0.015104166666666667 0.09259259259259259
0 0.34427083333333336 0.24351851851851852 0.029166666666666667 0.09074074074074075
