9 0.47239583333333335 0.2310185185185185 0.06354166666666666 0.17314814814814813
6 0.028645833333333336 0.34490740740740744 0.05625 0.19907407407407407
0 0.51171875 0.20787037037037037 0.0328125 0.1175925925925926
0 0.15963541666666667 0.2916666666666667 0.21822916666666667 0.37222222222222223
0 0.64375 0.31527777777777777 0.25729166666666664 0.6305555555555555
0 0.37630208333333337 0.25416666666666665 0.1265625 0.30833333333333335
7 0.9268229166666667 0.22546296296296298 0.019270833333333334 0.09166666666666666
3 0.7846354166666666 0.21805555555555556 0.028645833333333332 0.04722222222222222
7 0.8111979166666666 0.20324074074074075 0.016145833333333335 0.05092592592592592
7 0.8497395833333333 0.20601851851851855 0.019270833333333334 0.06944444444444445
