9 0.20208333333333334 0.22916666666666669 0.07291666666666667 0.20092592592592592
7 0.5145833333333333 0.2226851851851852 0.04479166666666667 0.18425925925925926
0 0.28828125 0.2518518518518519 0.10677083333333333 0.3111111111111111
9 0.8513020833333333 0.35740740740740745 0.29739583333333336 0.6981481481481482
3 0.07135416666666666 0.4064814814814815 0.128125 0.45
9 0.4986979166666667 0.2375 0.0890625 0.2564814814814815
0 0.4088541666666667 0.21712962962962962 0.065625 0.20092592592592592
7 0.8830729166666667 0.2828703703703704 0.17447916666666666 0.5157407407407407
7 0.44999999999999996 0.19814814814814816 0.026041666666666668 0.10555555555555556
0 0.36223958333333334 0.18888888888888888 0.024479166666666666 0.07037037037037037
0 0.15156250000000002 0.19305555555555554 0.042708333333333334 0.13796296296296295
