7 0.5877604166666667 0.3046296296296296 0.018229166666666668 0.09814814814814815
7 0.72109375 0.26435185185185184 0.019270833333333334 0.09907407407407408
7 0.32161458333333337 0.3148148148148148 0.028645833333333332 0.12777777777777777
7 0.8440104166666667 0.23240740740740742 0.049479166666666664 0.10185185185185185
7 0.5479166666666667 0.3125 0.03125 0.14166666666666666
0 0.3963541666666667 0.29444444444444445 0.022916666666666665 0.12222222222222222
7 0.5213541666666667 0.3092592592592593 0.03229166666666667 0.1574074074074074
0 0.3455729166666667 0.30046296296296293 0.0234375 0.07685185185185185
7 0.6986979166666667 0.26805555555555555 0.025520833333333333 0.07314814814814814
7 0.28932291666666665 0.32916666666666666 0.027604166666666666 0.17685185185185184
0 0.6291666666666667 0.28379629629629627 0.07291666666666667 0.11203703703703703
0 0.21796875000000002 0.3472222222222222 0.13072916666666667 0.3333333333333333
9 0.5046875 0.3143518518518519 0.07291666666666667 0.19537037037037036
7 0.4395833333333333 0.28935185185185186 0.029166666666666667 0.0787037037037037
3 0.8182291666666667 0.4222222222222222 0.36041666666666666 0.4185185185185185
6 0.6963541666666666 0.30324074074074076 0.05625 0.06944444444444445
0 0.44479166666666664 0.3101851851851852 0.051041666666666666 0.15
9 0.7697916666666667 0.2740740740740741 0.08229166666666667 0.13148148148148148
