7 0.66640625 0.3231481481481482 0.03802083333333333 0.1685185185185185
9 0.11406250000000001 0.3055555555555555 0.13125 0.12962962962962962
9 0.7544270833333333 0.32037037037037036 0.19114583333333332 0.24814814814814815
9 0.3002604166666667 0.2861111111111111 0.034895833333333334 0.12222222222222222
7 0.17656249999999998 0.28379629629629627 0.021875 0.0824074074074074
0 0.3651041666666666 0.31203703703703706 0.090625 0.24444444444444444
9 0.50859375 0.31851851851851853 0.09739583333333333 0.2574074074074074
7 0.20546875 0.2967592592592593 0.025520833333333333 0.1175925925925926
9 0.26067708333333334 0.3148148148148148 0.0765625 0.19444444444444445
7 0.43020833333333336 0.2912037037037037 0.025 0.10277777777777777
7 0.5255208333333334 0.2925925925925926 0.04895833333333333 0.1925925925925926
0 0.6286458333333333 0.3101851851851852 0.06458333333333334 0.19444444444444445
