2 0.36692708333333335 0.26944444444444443 0.0734375 0.11481481481481481
9 0.23359375 0.3699074074074074 0.1203125 0.2861111111111111
2 0.47812499999999997 0.24166666666666664 0.16666666666666666 0.25555555555555554
11 0.81953125 0.2972222222222222 0.3609375 0.3685185185185185
2 0.29921875 0.27083333333333337 0.05260416666666667 0.10092592592592593
7 0.6177083333333333 0.2787037037037037 0.022916666666666665 0.12222222222222222
7 0.6520833333333332 0.29953703703703705 0.029166666666666667 0.13796296296296295
7 0.3924479166666667 0.2884259259259259 0.011979166666666667 0.058333333333333334
9 0.06197916666666667 0.7023148148148148 0.12395833333333334 0.5546296296296296
6 0.5791666666666666 0.29907407407407405 0.036458333333333336 0.07407407407407407
0 0.2859375 0.3 0.03854166666666667 0.07592592592592592
7 0.15338541666666666 0.32175925925925924 0.0234375 0.12314814814814815
