7 0.63359375 0.28009259259259256 0.0703125 0.2861111111111111
0 0.5028645833333333 0.2967592592592593 0.09322916666666667 0.2675925925925926
9 0.42343749999999997 0.27685185185185185 0.06875 0.17962962962962964
7 0.5096354166666667 0.2708333333333333 0.0578125 0.13425925925925927
7 0.69296875 0.3111111111111111 0.07864583333333333 0.362962962962963
7 0.7697916666666667 0.3421296296296296 0.06354166666666666 0.20277777777777778
9 0.3338541666666667 0.30879629629629635 0.115625 0.2916666666666667
7 0.43619791666666663 0.24259259259259258 0.03802083333333333 0.07407407407407407
6 0.2578125 0.4476851851851852 0.09479166666666666 0.2972222222222222
7 0.25833333333333336 0.3458333333333333 0.10208333333333333 0.3416666666666667
9 0.6674479166666667 0.350462962962963 0.1796875 0.4898148148148148
