6 0.027083333333333334 0.5824074074074075 0.05 0.27037037037037037
4 0.7239583333333333 0.4634259259259259 0.26666666666666666 0.3712962962962963
7 0.1578125 0.33842592592592596 0.022916666666666665 0.11388888888888889
6 0.04791666666666666 0.5699074074074074 0.090625 0.3175925925925926
7 0.023958333333333335 0.4574074074074074 0.04791666666666667 0.30185185185185187
6 0.19765625 0.3763888888888889 0.0484375 0.13055555555555556
7 0.23697916666666666 0.32175925925925924 0.016666666666666666 0.075
9 0.42421875 0.5189814814814815 0.2682291666666667 0.7638888888888888
7 0.5559895833333333 0.35462962962962963 0.021354166666666667 0.16666666666666666
9 0.6044270833333333 0.36018518518518516 0.07447916666666667 0.18518518518518517
