3 0.5416666666666666 0.27175925925925926 0.19895833333333332 0.1824074074074074
0 0.04088541666666667 0.39398148148148143 0.08177083333333333 0.7842592592592592
7 0.22083333333333333 0.32685185185185184 0.14791666666666667 0.4351851851851852
6 0.21875 0.45972222222222225 0.15729166666666666 0.36203703703703705
7 0.41171875 0.19537037037037036 0.021354166666666667 0.11851851851851852
6 0.3536458333333333 0.22962962962962963 0.03333333333333333 0.07777777777777778
0 0.2942708333333333 0.21712962962962962 0.07395833333333333 0.18981481481481483
7 0.6708333333333333 0.2287037037037037 0.04375 0.19444444444444445
7 0.8822916666666667 0.27037037037037037 0.09791666666666667 0.3351851851851852
7 0.4200520833333333 0.19814814814814816 0.018229166666666668 0.1111111111111111
9 0.8520833333333333 0.32685185185185184 0.25833333333333336 0.43703703703703706
9 0.16354166666666667 0.28564814814814815 0.14791666666666667 0.44166666666666665
