0 0.16796875 0.5 0.3296875 1.0
9 0.6052083333333333 0.24074074074074076 0.05 0.13703703703703704
7 0.9518229166666666 0.19722222222222224 0.03697916666666667 0.1925925925925926
7 0.509375 0.27175925925925926 0.035416666666666666 0.2064814814814815
3 0.9239583333333333 0.22083333333333333 0.027083333333333334 0.06944444444444445
0 0.7385416666666667 0.2787037037037037 0.16979166666666667 0.4388888888888889
7 0.5588541666666667 0.2351851851851852 0.014583333333333334 0.08518518518518518
7 0.5411458333333333 0.2652777777777778 0.03229166666666667 0.18055555555555555
3 0.8872395833333334 0.22129629629629627 0.05677083333333333 0.07222222222222222
8 0.978125 0.2236111111111111 0.04375 0.10648148148148148
