7 0.33567708333333335 0.12546296296296297 0.015104166666666667 0.04537037037037037
7 0.8559895833333333 0.35879629629629634 0.1203125 0.675
6 0.8023437499999999 0.5652777777777778 0.2755208333333333 0.5361111111111111
9 0.16953125 0.17546296296296296 0.10989583333333333 0.2972222222222222
0 0.25885416666666666 0.14166666666666666 0.05520833333333333 0.15185185185185185
7 0.36276041666666664 0.1287037037037037 0.0140625 0.07407407407407407
0 0.4015625 0.12731481481481483 0.028125 0.06574074074074074
7 0.7888020833333333 0.3712962962962963 0.22135416666666666 0.7111111111111111
7 0.8776041666666666 0.22407407407407406 0.13229166666666667 0.37037037037037035
7 0.4799479166666667 0.14537037037037037 0.013020833333333334 0.05185185185185185
9 0.31562500000000004 0.12129629629629629 0.03229166666666667 0.07037037037037037
