0 0.7885416666666667 0.31111111111111106 0.23020833333333332 0.5777777777777777
11 0.9434895833333333 0.2638888888888889 0.11302083333333333 0.5277777777777778
9 0.6361979166666667 0.3421296296296296 0.08072916666666667 0.17685185185185184
9 0.14401041666666667 0.7393518518518518 0.28802083333333334 0.5194444444444445
7 0.5049479166666666 0.30648148148148147 0.04635416666666667 0.2037037037037037
6 0.46901041666666665 0.3074074074074074 0.0484375 0.08518518518518518
3 0.5367187499999999 0.2740740740740741 0.044270833333333336 0.07777777777777778
7 0.05859375 0.3208333333333333 0.1171875 0.4046296296296296
3 0.22343749999999998 0.34351851851851856 0.28854166666666664 0.3314814814814815
7 0.13854166666666667 0.35694444444444445 0.09375 0.33611111111111114
7 0.63203125 0.2462962962962963 0.0421875 0.08703703703703704
9 0.5791666666666666 0.28055555555555556 0.05625 0.1537037037037037
7 0.06979166666666667 0.4810185185185185 0.13958333333333334 0.7138888888888889
7 0.46979166666666666 0.2606481481481482 0.023958333333333335 0.06388888888888888
6 0.14296875 0.4638888888888889 0.0984375 0.27037037037037037
7 0.44140625 0.28425925925925927 0.027604166666666666 0.1259259259259259
8 0.33958333333333335 0.2740740740740741 0.17916666666666667 0.2740740740740741
