7 0.8229166666666667 0.24675925925925923 0.041666666666666664 0.12685185185185185
3 0.3692708333333333 0.5694444444444444 0.6895833333333333 0.8592592592592593
7 0.6830729166666667 0.33935185185185185 0.0578125 0.2564814814814815
7 0.59453125 0.2800925925925926 0.0515625 0.1398148148148148
7 0.050520833333333334 0.30138888888888893 0.06354166666666666 0.4064814814814815
7 0.6492187500000001 0.2967592592592593 0.0609375 0.20462962962962963
0 0.11510416666666666 0.2967592592592593 0.13645833333333332 0.325
0 0.9182291666666667 0.2462962962962963 0.16354166666666667 0.2074074074074074
0 0.7458333333333333 0.2972222222222222 0.07291666666666667 0.2518518518518518
0 0.6359375 0.3300925925925926 0.14270833333333333 0.3287037037037037
