7 0.8986979166666667 0.2222222222222222 0.044270833333333336 0.17222222222222222
7 0.5994791666666667 0.19305555555555556 0.016666666666666666 0.0712962962962963
9 0.8809895833333333 0.24398148148148147 0.0859375 0.20833333333333334
6 0.5442708333333334 0.2328703703703704 0.04583333333333333 0.13055555555555556
7 0.4765625 0.2912037037037037 0.08645833333333333 0.39166666666666666
7 0.7520833333333333 0.2064814814814815 0.01875 0.05555555555555555
0 0.6645833333333333 0.21944444444444444 0.059375 0.15
7 0.56875 0.1935185185185185 0.01875 0.09074074074074075
6 0.75078125 0.22546296296296298 0.019270833333333334 0.049074074074074076
0 0.7361979166666667 0.1925925925925926 0.016145833333333335 0.040740740740740744
