9 0.5419270833333334 0.362962962962963 0.30885416666666665 0.725925925925926
7 0.38359375 0.23842592592592593 0.05572916666666667 0.4564814814814815
7 0.26510416666666664 0.20277777777777778 0.041666666666666664 0.1925925925925926
7 0.34479166666666666 0.3148148148148148 0.11666666666666667 0.6296296296296297
3 0.9778645833333334 0.18472222222222223 0.043229166666666666 0.08611111111111111
0 0.6984374999999999 0.15555555555555556 0.023958333333333335 0.06481481481481481
0 0.8057291666666666 0.23425925925925925 0.20416666666666666 0.4685185185185185
1 0.16536458333333331 0.27685185185185185 0.21197916666666666 0.24814814814814815
7 0.08203125 0.19999999999999998 0.06197916666666667 0.28888888888888886
0 0.3575520833333333 0.2523148148148148 0.17864583333333334 0.4398148148148148
