7 0.4861979166666667 0.17175925925925928 0.03177083333333333 0.13425925925925927
0 0.41822916666666665 0.18796296296296297 0.04895833333333333 0.1574074074074074
7 0.4169270833333333 0.17314814814814816 0.03802083333333333 0.1111111111111111
0 0.16979166666666667 0.2337962962962963 0.11145833333333334 0.2916666666666667
7 0.9734375 0.20462962962962963 0.052083333333333336 0.27037037037037037
0 0.3481770833333333 0.18564814814814815 0.0671875 0.1675925925925926
0 0.8958333333333333 0.2324074074074074 0.20833333333333334 0.4648148148148148
9 0.030729166666666665 0.27037037037037037 0.06145833333333333 0.1111111111111111
9 0.4765625 0.18796296296296297 0.059375 0.16111111111111112
0 0.22760416666666666 0.19490740740740742 0.051041666666666666 0.14722222222222223
3 0.09505208333333334 0.19444444444444445 0.06614583333333333 0.10740740740740741
7 0.2807291666666667 0.1611111111111111 0.009375 0.03888888888888889
7 0.8700520833333334 0.20416666666666666 0.0765625 0.2972222222222222
9 0.2838541666666667 0.16296296296296298 0.017708333333333333 0.05740740740740741
