3 0.3015625 0.25324074074074077 0.058333333333333334 0.09351851851851851
0 0.24739583333333331 0.2328703703703704 0.03854166666666667 0.08981481481481482
0 0.36796875 0.22453703703703703 0.027604166666666666 0.0787037037037037
9 0.471875 0.2847222222222222 0.22708333333333333 0.32685185185185184
9 0.3421875 0.25277777777777777 0.04895833333333333 0.13148148148148148
9 0.21510416666666665 0.33981481481481485 0.08541666666666667 0.12222222222222222
9 0.07942708333333333 0.48796296296296293 0.15885416666666666 0.9444444444444444
7 0.3442708333333333 0.23796296296296296 0.035416666666666666 0.09814814814814815
7 0.20546875 0.25601851851851853 0.049479166666666664 0.08981481481481482
7 0.76953125 0.2569444444444444 0.06197916666666667 0.36574074074074076
7 0.4408854166666667 0.25833333333333336 0.06822916666666666 0.23148148148148148
7 0.41328125 0.20416666666666666 0.018229166666666668 0.062037037037037036
