0 0.4114583333333333 0.2152777777777778 0.015625 0.03425925925925926
7 0.17057291666666666 0.2851851851851852 0.030729166666666665 0.1388888888888889
7 0.2622395833333333 0.250462962962963 0.018229166666666668 0.08055555555555556
7 0.1515625 0.2851851851851852 0.03333333333333333 0.13518518518518519
7 0.278125 0.25046296296296294 0.016666666666666666 0.075
0 0.34453125 0.2310185185185185 0.0265625 0.06759259259259259
0 0.36614583333333334 0.21851851851851853 0.021875 0.04814814814814815
7 0.5044270833333334 0.20555555555555555 0.0067708333333333336 0.037037037037037035
9 0.5028645833333334 0.21018518518518517 0.018229166666666668 0.053703703703703705
0 0.6489583333333333 0.2037037037037037 0.05520833333333333 0.11481481481481481
