9 0.5510416666666667 0.2689814814814815 0.023958333333333335 0.04722222222222222
7 0.09635416666666667 0.42361111111111116 0.14583333333333334 0.6342592592592593
7 0.6208333333333333 0.31574074074074077 0.042708333333333334 0.23333333333333334
9 0.46067708333333335 0.3125 0.0609375 0.1675925925925926
7 0.6518229166666666 0.3074074074074074 0.028645833333333332 0.18518518518518517
9 0.38125000000000003 0.29814814814814816 0.065625 0.17222222222222222
0 0.3028645833333333 0.31805555555555554 0.08072916666666667 0.16574074074074074
7 0.7674479166666667 0.30787037037037035 0.058854166666666666 0.20277777777777778
0 0.17838541666666669 0.3652777777777778 0.12447916666666667 0.287962962962963
0 0.24687499999999998 0.33194444444444443 0.11354166666666667 0.21944444444444444
7 0.9151041666666667 0.35 0.08020833333333334 0.3851851851851852
6 0.72109375 0.3287037037037037 0.0671875 0.1814814814814815
0 0.41276041666666663 0.28703703703703703 0.016145833333333335 0.08148148148148149
0 0.33203125 0.3032407407407407 0.0546875 0.13796296296296295
7 0.46067708333333335 0.27731481481481485 0.04114583333333333 0.13425925925925927
9 0.5992187499999999 0.2763888888888889 0.0328125 0.10462962962962963
9 0.10416666666666667 0.5796296296296296 0.20833333333333334 0.8296296296296296
6 0.8109375 0.3199074074074074 0.06770833333333333 0.16574074074074074
7 0.5744791666666667 0.2625 0.008333333333333333 0.05277777777777778
0 0.50078125 0.26805555555555555 0.022395833333333334 0.058333333333333334
