7 0.6705729166666666 0.29027777777777775 0.0671875 0.28055555555555556
7 0.5533854166666666 0.27546296296296297 0.027604166666666666 0.1175925925925926
7 0.38125 0.2925925925925926 0.03333333333333333 0.15185185185185185
0 0.4421875 0.312037037037037 0.08541666666666667 0.25
7 0.4401041666666667 0.29907407407407405 0.05416666666666667 0.15
7 0.3591145833333333 0.28194444444444444 0.022395833333333334 0.10833333333333334
9 0.37109375 0.3027777777777778 0.05572916666666667 0.16296296296296298
7 0.17500000000000002 0.325 0.06041666666666667 0.2351851851851852
9 0.6421875 0.33287037037037037 0.15104166666666666 0.35648148148148145
0 0.29140625000000003 0.3111111111111111 0.10364583333333334 0.2740740740740741
