7 0.13984375000000002 0.30277777777777776 0.016145833333333335 0.13703703703703704
9 0.24583333333333335 0.3027777777777778 0.03958333333333333 0.12777777777777777
0 0.3049479166666667 0.29907407407407405 0.044270833333333336 0.1962962962962963
7 0.12213541666666668 0.29444444444444445 0.028645833333333332 0.15925925925925927
9 0.08541666666666667 0.38703703703703707 0.11770833333333333 0.4740740740740741
0 0.6559895833333333 0.3907407407407407 0.1953125 0.4888888888888889
7 0.2770833333333333 0.3087962962962963 0.023958333333333335 0.14166666666666666
7 0.5919270833333333 0.3421296296296296 0.06614583333333333 0.21388888888888888
9 0.19401041666666669 0.3333333333333333 0.09322916666666667 0.19074074074074074
9 0.44557291666666665 0.4643518518518519 0.2734375 0.7768518518518519
0 0.9328124999999999 0.49907407407407406 0.134375 0.9981481481481481
