0 0.946875 0.3212962962962963 0.08541666666666667 0.2
7 0.6411458333333333 0.3504629629629629 0.035416666666666666 0.15648148148148147
9 0.5622395833333333 0.34259259259259256 0.05572916666666667 0.17222222222222222
7 0.19479166666666667 0.36527777777777776 0.041666666666666664 0.17685185185185184
7 0.7893229166666667 0.350925925925926 0.027604166666666666 0.1111111111111111
9 0.41041666666666665 0.38425925925925924 0.06354166666666666 0.23703703703703705
9 0.5989583333333334 0.3472222222222222 0.06875 0.15925925925925927
7 0.75234375 0.3347222222222222 0.024479166666666666 0.10462962962962963
7 0.72109375 0.33796296296296297 0.0265625 0.09444444444444444
9 0.27265625 0.38796296296296295 0.13802083333333334 0.29814814814814816
7 0.6596354166666666 0.35555555555555557 0.04010416666666667 0.16296296296296298
7 0.8138020833333334 0.3481481481481481 0.022395833333333334 0.1111111111111111
6 0.65234375 0.39583333333333337 0.08177083333333333 0.14722222222222223
0 0.48854166666666665 0.3773148148148148 0.125 0.287962962962963
9 0.6231770833333333 0.3277777777777778 0.06927083333333334 0.17777777777777778
7 0.5981770833333334 0.30092592592592593 0.033854166666666664 0.10740740740740741
