7 0.28802083333333334 0.2361111111111111 0.05416666666666667 0.3314814814814815
7 0.08880208333333334 0.41805555555555557 0.1328125 0.7768518518518519
0 0.7700520833333333 0.15231481481481482 0.015104166666666667 0.041666666666666664
7 0.17239583333333333 0.412962962962963 0.11875 0.7055555555555556
7 0.6966145833333334 0.1685185185185185 0.018229166666666668 0.07962962962962963
7 0.25286458333333334 0.36666666666666664 0.08072916666666667 0.5777777777777777
0 0.7416666666666667 0.15694444444444444 0.022916666666666665 0.05648148148148148
0 0.4627604166666667 0.3592592592592593 0.2765625 0.7185185185185186
7 0.6658854166666667 0.21666666666666667 0.04114583333333333 0.16666666666666666
0 0.6122395833333333 0.2189814814814815 0.03697916666666667 0.20277777777777778
7 0.7143229166666666 0.15555555555555556 0.008854166666666666 0.03888888888888889
