9 0.38828125 0.19398148148148148 0.10052083333333334 0.25092592592592594
9 0.55078125 0.17592592592592593 0.03177083333333333 0.09814814814814815
7 0.4713541666666667 0.1875 0.029166666666666667 0.15462962962962962
7 0.9268229166666667 0.18101851851851852 0.018229166666666668 0.09722222222222222
7 0.24635416666666665 0.13796296296296295 0.03333333333333333 0.11296296296296296
9 0.30494791666666665 0.2236111111111111 0.0796875 0.11018518518518519
7 0.8924479166666667 0.17638888888888887 0.027604166666666666 0.125
6 0.21770833333333334 0.22361111111111112 0.09895833333333333 0.14907407407407408
7 0.5151041666666667 0.18518518518518517 0.03229166666666667 0.15
7 0.02265625 0.14675925925925926 0.04114583333333333 0.18055555555555555
6 0.025 0.312962962962963 0.05 0.1925925925925926
7 0.19401041666666669 0.13287037037037036 0.033854166666666664 0.11203703703703703
0 0.65625 0.23472222222222222 0.18229166666666666 0.46944444444444444
3 0.8252604166666667 0.1787037037037037 0.0609375 0.07407407407407407
