3 0.7955729166666666 0.21805555555555556 0.0234375 0.04537037037037037
0 0.7283854166666667 0.24166666666666664 0.0640625 0.14629629629629629
6 0.13619791666666667 0.3935185185185185 0.11614583333333334 0.24814814814814815
7 0.22369791666666666 0.37175925925925923 0.08072916666666667 0.33611111111111114
7 0.0265625 0.43425925925925923 0.053125 0.4351851851851852
0 0.6184895833333333 0.27129629629629626 0.10677083333333333 0.2962962962962963
7 0.49453125000000003 0.26481481481481484 0.019270833333333334 0.1
6 0.45625 0.275 0.057291666666666664 0.07962962962962963
0 0.9596354166666667 0.31666666666666665 0.08072916666666667 0.4666666666666667
7 0.5252604166666666 0.25046296296296294 0.021354166666666667 0.10648148148148148
9 0.5408854166666667 0.25416666666666665 0.049479166666666664 0.1175925925925926
0 0.8856770833333334 0.2226851851851852 0.04114583333333333 0.0824074074074074
2 0.671875 0.20416666666666666 0.022916666666666665 0.08425925925925926
