7 0.8932291666666666 0.18842592592592594 0.05625 0.1787037037037037
7 0.5838541666666667 0.17037037037037037 0.021875 0.08148148148148149
0 0.4708333333333333 0.2967592592592593 0.19895833333333332 0.5935185185185186
9 0.5791666666666666 0.17916666666666667 0.035416666666666666 0.12314814814814815
7 0.05260416666666667 0.3050925925925926 0.07708333333333334 0.26944444444444443
0 0.19583333333333333 0.2476851851851852 0.08229166666666667 0.2101851851851852
3 0.084375 0.23194444444444445 0.16875 0.22870370370370371
8 0.25 0.2074074074074074 0.04375 0.11481481481481481
9 0.2986979166666667 0.2111111111111111 0.043229166666666666 0.12037037037037036
0 0.359375 0.19305555555555554 0.028125 0.07314814814814814
7 0.04296875 0.30324074074074076 0.05572916666666667 0.2675925925925926
8 0.7364583333333334 0.1824074074074074 0.2635416666666667 0.3314814814814815
