7 0.9302083333333333 0.22361111111111112 0.019791666666666666 0.09166666666666666
7 0.3872395833333333 0.26944444444444443 0.03802083333333333 0.18518518518518517
7 0.9591145833333333 0.225 0.019270833333333334 0.09814814814814815
7 0.05651041666666666 0.35 0.0640625 0.32407407407407407
7 0.15104166666666669 0.3912037037037037 0.041666666666666664 0.33425925925925926
0 0.4276041666666667 0.2574074074074074 0.046875 0.21666666666666667
0 0.47630208333333335 0.4583333333333333 0.6692708333333334 0.9166666666666666
7 0.6190104166666667 0.36157407407407405 0.15572916666666667 0.4675925925925926
0 0.6625 0.25555555555555554 0.08125 0.21481481481481482
9 0.9833333333333333 0.22592592592592592 0.03125 0.12962962962962962
9 0.9177083333333333 0.21759259259259262 0.041666666666666664 0.11296296296296296
