6 0.6205729166666666 0.22268518518518518 0.0640625 0.16574074074074074
7 0.53125 0.19444444444444445 0.090625 0.2111111111111111
7 0.41692708333333334 0.17453703703703705 0.0203125 0.10462962962962963
7 0.4385416666666667 0.16435185185185186 0.016666666666666666 0.0787037037037037
6 0.7578125 0.26666666666666666 0.103125 0.25925925925925924
6 0.13932291666666666 0.237962962962963 0.044270833333333336 0.15
0 0.51640625 0.2300925925925926 0.12760416666666666 0.3212962962962963
7 0.8205729166666667 0.22268518518518518 0.0578125 0.2657407407407407
9 0.3078125 0.3449074074074074 0.26875 0.6898148148148148
6 0.10260416666666666 0.26435185185185184 0.07083333333333333 0.2601851851851852
6 0.15364583333333334 0.2101851851851852 0.058333333333333334 0.15185185185185185
7 0.8716145833333333 0.1736111111111111 0.0546875 0.23425925925925925
6 0.02421875 0.32037037037037036 0.04739583333333333 0.22592592592592592
7 0.47760416666666666 0.15694444444444444 0.03125 0.11574074074074074
6 0.6846354166666666 0.2708333333333333 0.0671875 0.13425925925925927
6 0.18125 0.22175925925925927 0.030208333333333334 0.1175925925925926
7 0.1494791666666667 0.16712962962962963 0.040625 0.09537037037037037
