7 0.6169270833333333 0.3351851851851852 0.025520833333333333 0.1
4 0.5773437499999999 0.4078703703703704 0.0484375 0.11203703703703703
9 0.6614583333333334 0.3851851851851852 0.046875 0.08333333333333333
7 0.5320312500000001 0.3416666666666667 0.0296875 0.16111111111111112
0 0.8083333333333333 0.34768518518518515 0.028125 0.06944444444444445
7 0.7130208333333333 0.35370370370370374 0.01875 0.08333333333333333
7 0.15104166666666666 0.4458333333333333 0.08333333333333333 0.49907407407407406
7 0.2859375 0.537962962962963 0.20104166666666667 0.9222222222222223
0 0.39401041666666664 0.4703703703703703 0.21302083333333333 0.7351851851851852
0 0.7598958333333334 0.3425925925925926 0.017708333333333333 0.05
7 0.7333333333333333 0.337037037037037 0.008333333333333333 0.03518518518518519
