6 0.06302083333333333 0.262037037037037 0.115625 0.1259259259259259
7 0.73125 0.20046296296296295 0.03229166666666667 0.11018518518518519
7 0.1734375 0.21574074074074073 0.019791666666666666 0.1111111111111111
9 0.30807291666666664 0.20601851851851852 0.08802083333333334 0.2564814814814815
7 0.4169270833333333 0.20833333333333331 0.022395833333333334 0.12037037037037036
9 0.24739583333333331 0.20370370370370372 0.052083333333333336 0.2
7 0.027083333333333334 0.23287037037037037 0.05 0.13796296296296295
7 0.059375 0.23194444444444445 0.04375 0.15092592592592594
7 0.38776041666666666 0.21203703703703702 0.0171875 0.08333333333333333
7 0.18984375 0.21944444444444444 0.0171875 0.09074074074074075
