7 0.8877604166666667 0.43287037037037035 0.06927083333333334 0.41388888888888886
0 0.5486979166666667 0.36157407407407405 0.06197916666666667 0.25833333333333336
7 0.09687499999999999 0.33101851851851855 0.065625 0.20462962962962963
9 0.20286458333333335 0.35555555555555557 0.0828125 0.21296296296296297
9 0.0875 0.4472222222222222 0.11979166666666667 0.3611111111111111
7 0.24947916666666667 0.3472222222222222 0.03125 0.13148148148148148
9 0.4078125 0.5171296296296296 0.30416666666666664 0.850925925925926
7 0.7401041666666667 0.41064814814814815 0.057291666666666664 0.30648148148148147
7 0.26640625 0.3814814814814814 0.0359375 0.18518518518518517
9 0.12630208333333331 0.3888888888888889 0.1171875 0.3055555555555556
