4 0.5411458333333334 0.25833333333333336 0.08020833333333334 0.1537037037037037
7 0.57578125 0.2263888888888889 0.03177083333333333 0.15833333333333333
9 0.7700520833333333 0.2175925925925926 0.04739583333333333 0.13518518518518519
0 0.6635416666666666 0.22638888888888892 0.07604166666666666 0.18425925925925926
7 0.43046875 0.19027777777777777 0.04114583333333333 0.20833333333333334
7 0.6145833333333334 0.2064814814814815 0.017708333333333333 0.08518518518518518
7 0.5020833333333333 0.20277777777777778 0.04583333333333333 0.17407407407407408
7 0.77734375 0.20694444444444446 0.0203125 0.09166666666666666
7 0.7231770833333333 0.19907407407407407 0.013020833333333334 0.05
9 0.7197916666666666 0.2125 0.023958333333333335 0.06388888888888888
