6 0.020052083333333335 0.22777777777777777 0.04010416666666667 0.1648148148148148
0 0.36484374999999997 0.17916666666666667 0.06302083333333333 0.16574074074074074
9 0.46145833333333336 0.2175925925925926 0.08125 0.2111111111111111
0 0.18932291666666667 0.26064814814814813 0.18072916666666666 0.5212962962962963
6 0.05026041666666667 0.2152777777777778 0.07552083333333333 0.15092592592592594
0 0.6942708333333334 0.23796296296296296 0.27708333333333335 0.42592592592592593
3 0.51640625 0.18009259259259258 0.07760416666666667 0.13425925925925927
7 0.47369791666666666 0.18194444444444446 0.04635416666666667 0.1712962962962963
7 0.8575520833333333 0.1763888888888889 0.05364583333333333 0.23055555555555557
7 0.6989583333333333 0.2152777777777778 0.08541666666666667 0.23981481481481481
6 0.9622395833333333 0.21157407407407408 0.07552083333333333 0.12314814814814815
1 0.9260416666666667 0.2986111111111111 0.08854166666666667 0.20092592592592592
0 0.32265625000000003 0.17222222222222222 0.030729166666666665 0.12222222222222222
7 0.6192708333333333 0.19212962962962965 0.052083333333333336 0.22685185185185186
