0 0.6572916666666667 0.3574074074074074 0.29583333333333334 0.7148148148148148
7 0.13463541666666667 0.1648148148148148 0.0484375 0.1574074074074074
6 0.24947916666666667 0.28055555555555556 0.06354166666666666 0.17777777777777778
0 0.471875 0.24675925925925923 0.07395833333333333 0.21388888888888888
0 0.9752604166666667 0.2657407407407407 0.049479166666666664 0.21481481481481482
7 0.2609375 0.19537037037037036 0.03125 0.1
6 0.15546875 0.3050925925925926 0.12135416666666667 0.18055555555555555
0 0.049999999999999996 0.3023148148148148 0.09895833333333333 0.4361111111111111
7 0.9403645833333333 0.2518518518518518 0.028645833333333332 0.0962962962962963
0 0.33125 0.26481481481481484 0.11145833333333334 0.2388888888888889
7 0.21510416666666668 0.18425925925925923 0.023958333333333335 0.11296296296296296
7 0.40520833333333334 0.2685185185185185 0.03229166666666667 0.12962962962962962
7 0.91484375 0.25462962962962965 0.021354166666666667 0.09814814814814815
