9 0.20651041666666667 0.2212962962962963 0.0359375 0.06111111111111111
7 0.5239583333333334 0.2472222222222222 0.030208333333333334 0.14444444444444443
0 0.46640624999999997 0.2601851851851852 0.0765625 0.22037037037037038
0 0.3190104166666667 0.2351851851851852 0.05677083333333333 0.15185185185185185
7 0.7575520833333333 0.26296296296296295 0.08072916666666667 0.26851851851851855
3 0.6351562500000001 0.2699074074074074 0.17760416666666667 0.16203703703703703
9 0.26848958333333334 0.2412037037037037 0.050520833333333334 0.12314814814814815
7 0.37421875 0.21342592592592594 0.018229166666666668 0.06759259259259259
1 0.7559895833333333 0.3226851851851852 0.12135416666666667 0.16574074074074074
7 0.4734375 0.24814814814814812 0.05416666666666667 0.12962962962962962
9 0.9260416666666667 0.2509259259259259 0.14791666666666667 0.4074074074074074
9 0.4145833333333333 0.22083333333333333 0.026041666666666668 0.07314814814814814
