7 0.7640625 0.19907407407407407 0.020833333333333332 0.11851851851851852
7 0.97109375 0.20092592592592592 0.03177083333333333 0.15555555555555556
6 0.3807291666666667 0.22685185185185183 0.036458333333333336 0.1037037037037037
7 0.72265625 0.18981481481481483 0.030729166666666665 0.12222222222222222
7 0.046614583333333334 0.2652777777777778 0.0640625 0.23425925925925925
7 0.515625 0.18611111111111112 0.0125 0.05555555555555555
9 0.7091145833333333 0.199537037037037 0.06510416666666667 0.1361111111111111
9 0.8830729166666667 0.2111111111111111 0.15260416666666668 0.2537037037037037
0 0.24010416666666667 0.19212962962962965 0.026041666666666668 0.08611111111111111
7 0.38177083333333334 0.19583333333333333 0.034375 0.11574074074074074
7 0.8994791666666667 0.1875 0.042708333333333334 0.16574074074074074
9 0.48359375 0.1837962962962963 0.027604166666666666 0.0824074074074074
7 0.09114583333333333 0.24537037037037035 0.022916666666666665 0.17777777777777778
7 0.17578125 0.20462962962962963 0.0171875 0.08888888888888889
9 0.6296875 0.20555555555555555 0.07083333333333333 0.1648148148148148
7 0.15703124999999998 0.22453703703703703 0.0296875 0.1287037037037037
7 0.6432291666666667 0.19398148148148148 0.030208333333333334 0.13796296296296295
7 0.5770833333333333 0.17962962962962964 0.015625 0.07962962962962963
0 0.2872395833333333 0.22175925925925927 0.07447916666666667 0.2175925925925926
7 0.7880208333333333 0.18842592592592594 0.019791666666666666 0.11203703703703703
9 0.5645833333333333 0.18981481481481483 0.04375 0.08888888888888889
0 0.34531249999999997 0.18333333333333335 0.021875 0.06111111111111111
7 0.9838541666666667 0.2236111111111111 0.03125 0.16018518518518518
7 0.4145833333333333 0.17824074074074073 0.0125 0.05277777777777778
7 0.44296875 0.18194444444444444 0.015104166666666667 0.05092592592592592
8 0.049479166666666664 0.23425925925925928 0.09895833333333333 0.24814814814814815
