0 0.29557291666666663 0.3236111111111111 0.06927083333333334 0.18981481481481483
7 0.7088541666666667 0.2902777777777778 0.10625 0.24166666666666667
9 0.3458333333333333 0.300462962962963 0.03333333333333333 0.0712962962962963
7 0.47682291666666665 0.30416666666666664 0.0203125 0.09537037037037037
3 0.4161458333333333 0.2967592592592593 0.053125 0.06759259259259259
7 0.16354166666666667 0.3287037037037037 0.01875 0.08888888888888889
7 0.38359375 0.30046296296296293 0.015104166666666667 0.06944444444444445
7 0.8309895833333333 0.39768518518518514 0.2046875 0.462037037037037
0 0.209375 0.33611111111111114 0.10729166666666666 0.22037037037037038
0 0.7924479166666667 0.49907407407407406 0.4119791666666667 0.8314814814814815
