6 0.20260416666666667 0.44212962962962965 0.090625 0.2324074074074074
9 0.39557291666666666 0.4912037037037037 0.3015625 0.8527777777777777
7 0.66796875 0.37268518518518523 0.1078125 0.45092592592592595
7 0.15442708333333333 0.3013888888888889 0.0296875 0.13055555555555556
7 0.07760416666666667 0.30092592592592593 0.040625 0.11851851851851852
7 0.20026041666666666 0.3560185185185185 0.07135416666666666 0.24722222222222223
7 0.075 0.4527777777777777 0.10208333333333333 0.48148148148148145
7 0.7731770833333333 0.39861111111111114 0.12447916666666667 0.5731481481481482
9 0.7484375 0.549074074074074 0.375 0.9018518518518519
6 0.08020833333333333 0.5111111111111111 0.07395833333333333 0.3425925925925926
