0 0.3140625 0.27037037037037037 0.08333333333333333 0.22962962962962963
0 0.3963541666666667 0.23425925925925928 0.03854166666666667 0.1259259259259259
9 0.4395833333333333 0.2712962962962963 0.05625 0.17037037037037037
9 0.5223958333333333 0.31018518518518523 0.12395833333333334 0.32222222222222224
9 0.5984375 0.2810185185185185 0.07083333333333333 0.262037037037037
6 0.74375 0.23287037037037037 0.027083333333333334 0.0787037037037037
6 0.7244791666666667 0.21157407407407408 0.025 0.06944444444444445
7 0.4549479166666667 0.24398148148148147 0.033854166666666664 0.17314814814814813
7 0.54921875 0.25787037037037036 0.058854166666666666 0.2175925925925926
7 0.8458333333333333 0.225 0.046875 0.22037037037037038
7 0.8856770833333334 0.21435185185185185 0.0453125 0.262037037037037
7 0.5065104166666666 0.23657407407407408 0.049479166666666664 0.20277777777777778
7 0.43255208333333334 0.23379629629629628 0.025520833333333333 0.13796296296296295
7 0.5984375 0.24444444444444444 0.05625 0.20555555555555555
7 0.2755208333333333 0.3763888888888889 0.1375 0.42314814814814816
