7 0.5906250000000001 0.2833333333333333 0.06875 0.2574074074074074
7 0.36744791666666665 0.2726851851851852 0.08072916666666667 0.3101851851851852
9 0.60546875 0.36296296296296293 0.14010416666666667 0.3351851851851852
9 0.8507812499999999 0.3134259259259259 0.14947916666666666 0.33796296296296297
9 0.15494791666666666 0.26666666666666666 0.10364583333333334 0.35
7 0.06302083333333333 0.24814814814814812 0.03958333333333333 0.2074074074074074
7 0.49895833333333334 0.41712962962962963 0.15416666666666667 0.7601851851851852
7 0.6518229166666667 0.30046296296296293 0.05364583333333333 0.2972222222222222
7 0.9463541666666666 0.3046296296296296 0.10625 0.32037037037037036
7 0.20260416666666667 0.21574074074074073 0.03333333333333333 0.11481481481481481
7 0.020052083333333335 0.32546296296296295 0.04010416666666667 0.5009259259259259
9 0.8273437499999999 0.40925925925925927 0.3328125 0.7648148148148148
9 0.3263020833333333 0.2888888888888889 0.23697916666666666 0.3962962962962963
