6 0.03463541666666667 0.3555555555555555 0.06927083333333334 0.2518518518518518
7 0.18723958333333335 0.3115740740740741 0.0171875 0.10092592592592593
7 0.5296875 0.3226851851851852 0.03229166666666667 0.14907407407407408
7 0.16875 0.3 0.023958333333333335 0.10555555555555556
7 0.53828125 0.3138888888888889 0.025520833333333333 0.14629629629629629
7 0.1109375 0.3412037037037037 0.09166666666666666 0.4064814814814815
7 0.30156249999999996 0.25833333333333336 0.0125 0.05925925925925926
7 0.1515625 0.2537037037037037 0.019791666666666666 0.06851851851851852
9 0.3515625 0.2740740740740741 0.041666666666666664 0.09259259259259259
9 0.21588541666666666 0.2699074074074074 0.03697916666666667 0.08425925925925926
