0 0.32109374999999996 0.1787037037037037 0.018229166666666668 0.044444444444444446
9 0.40130208333333334 0.19351851851851853 0.0390625 0.1
7 0.10026041666666666 0.24537037037037035 0.0359375 0.11666666666666667
7 0.9541666666666667 0.13287037037037036 0.057291666666666664 0.2638888888888889
6 0.10078125 0.2652777777777778 0.03802083333333333 0.09351851851851851
0 0.26171875 0.20925925925925926 0.05677083333333333 0.16111111111111112
7 0.4078125 0.17175925925925925 0.020833333333333332 0.08425925925925926
9 0.6315104166666667 0.18935185185185185 0.08802083333333334 0.20092592592592592
6 0.025260416666666667 0.2851851851851852 0.050520833333333334 0.14074074074074075
0 0.19661458333333331 0.25601851851851853 0.12447916666666667 0.3101851851851852
