8 0.7354166666666667 0.1912037037037037 0.058333333333333334 0.08796296296296297
8 0.23411458333333332 0.2587962962962963 0.3265625 0.43425925925925923
3 0.5708333333333334 0.22453703703703703 0.13125 0.15648148148148147
9 0.7994791666666666 0.22407407407407406 0.03958333333333333 0.06296296296296296
9 0.9846354166666667 0.18935185185185185 0.030729166666666665 0.09537037037037037
8 0.4002604166666667 0.2189814814814815 0.14427083333333332 0.19166666666666668
8 0.12161458333333333 0.2902777777777778 0.23802083333333332 0.5472222222222223
9 0.8453124999999999 0.19166666666666668 0.020833333333333332 0.05185185185185185
0 0.8174479166666667 0.19074074074074074 0.019270833333333334 0.046296296296296294
7 0.7986979166666667 0.18935185185185183 0.024479166666666666 0.049074074074074076
0 0.8627604166666667 0.18564814814814815 0.015104166666666667 0.03425925925925926
