0 0.7598958333333333 0.3236111111111111 0.23854166666666668 0.6472222222222223
0 0.5791666666666667 0.24259259259259258 0.03854166666666667 0.09814814814814815
0 0.4307291666666666 0.3375 0.175 0.46944444444444444
7 0.6294270833333333 0.2240740740740741 0.030729166666666665 0.08888888888888889
9 0.23854166666666665 0.32685185185185184 0.13125 0.22592592592592592
7 0.9684895833333333 0.20046296296296295 0.027604166666666666 0.0712962962962963
7 0.14479166666666668 0.3037037037037037 0.040625 0.21296296296296297
4 0.5411458333333333 0.26805555555555555 0.03958333333333333 0.075
7 0.1875 0.3175925925925926 0.040625 0.21296296296296297
0 0.965625 0.22916666666666669 0.058333333333333334 0.13425925925925927
