0 0.5833333333333333 0.30046296296296293 0.16145833333333334 0.462037037037037
7 0.26848958333333334 0.30694444444444446 0.0671875 0.3398148148148148
8 0.8572916666666667 0.28425925925925927 0.27291666666666664 0.46296296296296297
9 0.1265625 0.5023148148148148 0.253125 0.9935185185185185
7 0.33932291666666664 0.32916666666666666 0.06510416666666667 0.4064814814814815
7 0.44296875 0.32314814814814813 0.07239583333333334 0.37407407407407406
7 0.2104166666666667 0.3902777777777778 0.16041666666666668 0.7805555555555556
7 0.4979166666666667 0.2986111111111111 0.027083333333333334 0.2175925925925926
7 0.38307291666666665 0.2861111111111111 0.03697916666666667 0.22962962962962963
9 0.44166666666666665 0.2861111111111111 0.09583333333333334 0.2722222222222222
