0 0.86328125 0.3189814814814815 0.25677083333333334 0.637962962962963
9 0.5671875 0.19629629629629627 0.121875 0.35
9 0.3453125 0.3425925925925926 0.26145833333333335 0.6851851851851852
9 0.08203125 0.24907407407407406 0.16302083333333334 0.4074074074074074
9 0.48281250000000003 0.1912037037037037 0.065625 0.21388888888888888
7 0.171875 0.19537037037037036 0.027083333333333334 0.16666666666666666
7 0.5484375 0.17453703703703705 0.057291666666666664 0.23055555555555557
7 0.11927083333333334 0.16249999999999998 0.0625 0.21388888888888888
7 0.7328125000000001 0.22083333333333333 0.04895833333333333 0.2935185185185185
7 0.5067708333333334 0.15833333333333333 0.0375 0.16296296296296298
7 0.5867187500000001 0.1787037037037037 0.05364583333333333 0.2814814814814815
7 0.19687500000000002 0.19444444444444442 0.026041666666666668 0.1648148148148148
