7 0.18567708333333333 0.29953703703703705 0.021354166666666667 0.09166666666666666
0 0.3609375 0.28935185185185186 0.027083333333333334 0.07685185185185185
6 0.43255208333333334 0.3574074074074074 0.04739583333333333 0.14444444444444443
0 0.6908854166666667 0.33564814814814814 0.18177083333333333 0.25462962962962965
7 0.6984375 0.3236111111111111 0.057291666666666664 0.15092592592592594
9 0.5096354166666667 0.312037037037037 0.0453125 0.07777777777777778
7 0.4315104166666667 0.31666666666666665 0.044270833333333336 0.14074074074074075
7 0.39296875000000003 0.287962962962963 0.0171875 0.08333333333333333
9 0.39036458333333335 0.29768518518518516 0.0390625 0.10277777777777777
11 0.4552083333333333 0.25601851851851853 0.07395833333333333 0.14351851851851852
0 0.3307291666666667 0.2884259259259259 0.025 0.0712962962962963
0 0.26197916666666665 0.35370370370370374 0.13854166666666667 0.37222222222222223
