0 0.2809895833333333 0.2412037037037037 0.0359375 0.07685185185185185
7 0.6575520833333333 0.29074074074074074 0.11510416666666666 0.2796296296296296
7 0.8026041666666667 0.26481481481481484 0.05416666666666667 0.2518518518518518
7 0.22838541666666665 0.23564814814814813 0.0140625 0.06388888888888888
0 0.34088541666666666 0.23564814814814816 0.022395833333333334 0.06944444444444445
0 0.38307291666666665 0.2449074074074074 0.0390625 0.1175925925925926
9 0.4473958333333333 0.2490740740740741 0.04375 0.11851851851851852
7 0.9065104166666667 0.2439814814814815 0.033854166666666664 0.3287037037037037
7 0.6989583333333333 0.20601851851851852 0.0375 0.09907407407407408
0 0.6343749999999999 0.2925925925925926 0.18958333333333333 0.40925925925925927
9 0.5046875000000001 0.2277777777777778 0.053125 0.09259259259259259
6 0.5106770833333334 0.2564814814814815 0.0453125 0.09259259259259259
7 0.4533854166666667 0.22685185185185186 0.0265625 0.07777777777777778
0 0.94375 0.3939814814814815 0.1125 0.787962962962963
9 0.3190104166666667 0.23796296296296296 0.025520833333333333 0.08518518518518518
7 0.013541666666666667 0.26203703703703707 0.027083333333333334 0.20185185185185187
