3 0.6940104166666666 0.21157407407407408 0.1265625 0.1824074074074074
0 0.5208333333333334 0.19027777777777777 0.090625 0.20277777777777778
0 0.8203125 0.13611111111111113 0.030208333333333334 0.07037037037037037
0 0.22942708333333334 0.24305555555555555 0.11927083333333334 0.3212962962962963
9 0.63125 0.16435185185185186 0.03125 0.075
9 0.6010416666666667 0.16898148148148148 0.035416666666666666 0.09537037037037037
9 0.27213541666666663 0.49444444444444446 0.3703125 0.6611111111111111
9 0.9382812500000001 0.25092592592592594 0.1234375 0.2037037037037037
9 0.9221354166666668 0.1597222222222222 0.05677083333333333 0.11018518518518519
9 0.6033854166666666 0.1662037037037037 0.03697916666666667 0.08425925925925926
7 0.2994791666666667 0.25416666666666665 0.18020833333333333 0.27685185185185185
7 0.7859375 0.1615740740740741 0.027083333333333334 0.13240740740740742
7 0.32760416666666664 0.17592592592592593 0.03333333333333333 0.11296296296296296
7 0.8885416666666667 0.14074074074074072 0.021875 0.0962962962962963
