7 0.24088541666666669 0.2050925925925926 0.034895833333333334 0.16018518518518518
6 0.042187499999999996 0.28703703703703703 0.08333333333333333 0.17407407407407408
7 0.5447916666666667 0.25324074074074077 0.021875 0.1175925925925926
7 0.4354166666666667 0.2513888888888889 0.0375 0.19537037037037036
7 0.28151041666666665 0.2675925925925926 0.03802083333333333 0.2074074074074074
7 0.4903645833333334 0.2574074074074074 0.0265625 0.14074074074074075
7 0.5643229166666667 0.2587962962962963 0.022395833333333334 0.12314814814814815
7 0.07994791666666667 0.17592592592592593 0.0546875 0.1388888888888889
0 0.6934895833333333 0.2699074074074074 0.08697916666666666 0.25277777777777777
7 0.04244791666666667 0.17962962962962964 0.05572916666666667 0.12962962962962962
7 0.20807291666666666 0.19861111111111113 0.0265625 0.16203703703703703
7 0.32369791666666664 0.32407407407407407 0.07864583333333333 0.4074074074074074
7 0.5070312499999999 0.2523148148148148 0.0171875 0.1175925925925926
7 0.16796875 0.19722222222222224 0.0328125 0.17407407407407408
7 0.12916666666666668 0.20694444444444443 0.03333333333333333 0.16574074074074074
9 0.6083333333333334 0.2569444444444444 0.05 0.13240740740740742
0 0.37890625 0.25416666666666665 0.07760416666666667 0.19166666666666668
