7 0.13776041666666666 0.23333333333333334 0.07239583333333334 0.2537037037037037
7 0.5265624999999999 0.24166666666666667 0.04375 0.2351851851851852
7 0.38671875 0.21712962962962962 0.0234375 0.1675925925925926
7 0.49375 0.2337962962962963 0.040625 0.22870370370370371
9 0.63828125 0.2138888888888889 0.0734375 0.21481481481481482
7 0.2828125 0.2875 0.0625 0.325
0 0.9450520833333333 0.2162037037037037 0.07135416666666666 0.30092592592592593
7 0.42135416666666664 0.23981481481481481 0.041666666666666664 0.1962962962962963
7 0.45625 0.23796296296296296 0.030208333333333334 0.14444444444444443
7 0.6010416666666666 0.21666666666666667 0.025 0.1648148148148148
7 0.5763020833333333 0.22083333333333333 0.030729166666666665 0.1675925925925926
0 0.81796875 0.26481481481481484 0.20677083333333332 0.5296296296296297
7 0.6783854166666666 0.1912037037037037 0.016145833333333335 0.07685185185185185
7 0.7067708333333333 0.18888888888888888 0.017708333333333333 0.06851851851851852
7 0.6927083333333334 0.18657407407407406 0.015625 0.06944444444444445
