7 0.24453125 0.300462962962963 0.0359375 0.1638888888888889
7 0.19947916666666665 0.29907407407407405 0.04895833333333333 0.25555555555555554
9 0.3328125 0.32546296296296295 0.22395833333333334 0.3712962962962963
7 0.7768229166666667 0.5388888888888889 0.20989583333333334 0.762962962962963
9 0.6583333333333333 0.37453703703703706 0.11875 0.31203703703703706
7 0.4609375 0.29814814814814816 0.05 0.20555555555555555
7 0.6067708333333334 0.325 0.03333333333333333 0.17222222222222222
7 0.16302083333333334 0.5111111111111112 0.3260416666666667 0.975925925925926
7 0.6960937500000001 0.3087962962962963 0.05364583333333333 0.1935185185185185
9 0.5580729166666667 0.31851851851851853 0.0890625 0.22037037037037038
7 0.30625 0.3 0.08541666666666667 0.2759259259259259
0 0.85859375 0.35648148148148145 0.2828125 0.5925925925925926
0 0.6434895833333333 0.30694444444444446 0.058854166666666666 0.1935185185185185
0 0.23958333333333334 0.5 0.4791666666666667 1.0
