7 0.17838541666666666 0.31851851851851853 0.0453125 0.19074074074074074
7 0.8315104166666666 0.3162037037037037 0.05260416666666667 0.17685185185185184
2 0.49166666666666664 0.25 0.109375 0.1925925925925926
0 0.8309895833333334 0.34490740740740744 0.2296875 0.3138888888888889
9 0.1484375 0.3560185185185185 0.1875 0.28055555555555556
2 0.4125 0.2634259259259259 0.053125 0.10277777777777777
11 0.628125 0.29814814814814816 0.15104166666666666 0.18703703703703703
9 0.29140625000000003 0.312037037037037 0.0640625 0.15925925925925927
2 0.3723958333333333 0.2583333333333333 0.0375 0.09814814814814815
7 0.037760416666666664 0.32453703703703707 0.03802083333333333 0.19537037037037036
