0 0.31328125 0.2888888888888889 0.050520833333333334 0.16111111111111112
9 0.8307291666666667 0.45416666666666666 0.3375 0.7953703703703704
9 0.65078125 0.2847222222222222 0.058854166666666666 0.16018518518518518
6 0.5973958333333333 0.4120370370370371 0.1 0.28703703703703703
7 0.8807291666666667 0.36157407407407405 0.15208333333333332 0.6509259259259259
0 0.3494791666666667 0.2759259259259259 0.0375 0.1259259259259259
6 0.49765625 0.3208333333333333 0.0390625 0.12129629629629629
7 0.7885416666666666 0.31157407407407406 0.09166666666666666 0.49166666666666664
7 0.49765624999999997 0.2837962962962963 0.03802083333333333 0.14166666666666666
9 0.2674479166666667 0.29953703703703705 0.06197916666666667 0.18611111111111112
7 0.5989583333333334 0.3231481481481482 0.10520833333333333 0.3111111111111111
3 0.5309895833333332 0.2787037037037037 0.05260416666666667 0.08518518518518518
6 0.18567708333333333 0.3319444444444445 0.04739583333333333 0.1287037037037037
6 0.22890625 0.3050925925925926 0.027604166666666666 0.06944444444444445
