7 0.7130208333333333 0.23240740740740742 0.022916666666666665 0.10925925925925926
6 0.4760416666666667 0.26342592592592595 0.036458333333333336 0.11388888888888889
7 0.8643229166666667 0.24027777777777778 0.05364583333333333 0.2101851851851852
7 0.68671875 0.22222222222222224 0.0234375 0.10185185185185185
9 0.6838541666666667 0.22962962962962963 0.03958333333333333 0.12777777777777777
9 0.8622395833333334 0.2777777777777778 0.1046875 0.26666666666666666
0 0.5890625 0.2310185185185185 0.051041666666666666 0.13240740740740742
7 0.559375 0.2240740740740741 0.016666666666666666 0.08888888888888889
9 0.2778645833333333 0.3351851851851852 0.25885416666666666 0.6703703703703704
7 0.5333333333333333 0.23472222222222222 0.027083333333333334 0.13240740740740742
0 0.7575520833333333 0.25 0.07760416666666667 0.20185185185185187
7 0.9018229166666667 0.2287037037037037 0.0359375 0.19444444444444445
0 0.6484375 0.2212962962962963 0.03854166666666667 0.12407407407407407
