0 0.07864583333333333 0.30138888888888893 0.14270833333333333 0.3416666666666667
7 0.6268229166666667 0.24259259259259258 0.033854166666666664 0.1388888888888889
7 0.95859375 0.2689814814814815 0.08177083333333333 0.275
7 0.9096354166666667 0.2550925925925926 0.03802083333333333 0.20092592592592592
7 0.7455729166666667 0.22407407407407406 0.0421875 0.1388888888888889
7 0.14713541666666669 0.28240740740740744 0.0328125 0.16296296296296298
0 0.46041666666666664 0.41527777777777775 0.3302083333333333 0.7453703703703703
7 0.8377604166666667 0.20925925925925926 0.0265625 0.12777777777777777
9 0.7861979166666667 0.29814814814814816 0.19427083333333334 0.22777777777777777
9 0.6179687500000001 0.27175925925925926 0.0609375 0.1527777777777778
7 0.6802083333333333 0.26296296296296295 0.036458333333333336 0.15555555555555556
0 0.23567708333333331 0.37824074074074077 0.12864583333333332 0.3138888888888889
7 0.59921875 0.23703703703703705 0.033854166666666664 0.1259259259259259
7 0.7786458333333334 0.2587962962962963 0.051041666666666666 0.2101851851851852
7 0.2552083333333333 0.3125 0.08125 0.262037037037037
7 0.8174479166666667 0.2449074074074074 0.04114583333333333 0.17314814814814813
0 0.23645833333333333 0.26296296296296295 0.08020833333333334 0.18703703703703703
0 0.15390625 0.2657407407407407 0.0546875 0.1814814814814815
