7 0.6026041666666667 0.24166666666666664 0.022916666666666665 0.11296296296296296
7 0.5111979166666667 0.2606481481481482 0.030729166666666665 0.16203703703703703
7 0.25 0.36203703703703705 0.06875 0.3648148148148148
7 0.33619791666666665 0.30972222222222223 0.0921875 0.4064814814814815
7 0.6145833333333333 0.2421296296296296 0.016666666666666666 0.1175925925925926
9 0.371875 0.3476851851851852 0.24270833333333333 0.4527777777777778
7 0.1703125 0.4222222222222223 0.11666666666666667 0.5574074074074075
0 0.7747395833333333 0.21574074074074076 0.03697916666666667 0.10555555555555556
0 0.6953125 0.2662037037037037 0.14270833333333333 0.4064814814814815
7 0.5395833333333333 0.2550925925925926 0.019791666666666666 0.14907407407407408
7 0.07317708333333334 0.32037037037037036 0.0328125 0.22407407407407406
0 0.85546875 0.23981481481481481 0.09427083333333333 0.2074074074074074
7 0.584375 0.24537037037037035 0.016666666666666666 0.12407407407407407
