7 0.8026041666666667 0.3925925925925926 0.03333333333333333 0.14444444444444443
9 0.9153645833333333 0.6083333333333333 0.16927083333333334 0.7814814814814814
7 0.48359375 0.3800925925925926 0.022395833333333334 0.09166666666666666
7 0.5239583333333333 0.3837962962962963 0.01875 0.10462962962962963
0 0.7153645833333334 0.40370370370370373 0.09635416666666667 0.21851851851851853
0 0.5684895833333333 0.3837962962962963 0.06614583333333333 0.10277777777777777
0 0.16770833333333335 0.4185185185185185 0.057291666666666664 0.16111111111111112
7 0.01796875 0.3888888888888889 0.0359375 0.18333333333333332
7 0.8515625 0.39583333333333337 0.07291666666666667 0.36944444444444446
9 0.019791666666666666 0.4703703703703704 0.03958333333333333 0.22962962962962963
7 0.4408854166666667 0.3925925925925926 0.03697916666666667 0.09444444444444444
0 0.4322916666666667 0.39305555555555555 0.1125 0.14351851851851852
0 0.7645833333333334 0.3685185185185185 0.014583333333333334 0.07222222222222222
7 0.41328125 0.37129629629629635 0.021354166666666667 0.07037037037037037
9 0.48333333333333334 0.38842592592592595 0.078125 0.11944444444444445
9 0.8583333333333333 0.5268518518518519 0.08229166666666667 0.34444444444444444
