6 0.2994791666666667 0.33796296296296297 0.025 0.06851851851851852
7 0.15520833333333334 0.3851851851851852 0.036458333333333336 0.20185185185185187
2 0.24973958333333335 0.29305555555555557 0.04739583333333333 0.09351851851851851
0 0.23151041666666666 0.3236111111111111 0.033854166666666664 0.09166666666666666
9 0.18411458333333333 0.3476851851851852 0.0328125 0.07314814814814814
3 0.40520833333333334 0.3018518518518518 0.042708333333333334 0.05925925925925926
7 0.3002604166666667 0.3115740740740741 0.0265625 0.06574074074074074
9 0.07604166666666666 0.43287037037037035 0.15104166666666666 0.44907407407407407
7 0.027864583333333335 0.39768518518518514 0.044270833333333336 0.30277777777777776
9 0.859375 0.3125 0.090625 0.1638888888888889
