7 0.20052083333333334 0.17685185185185184 0.03229166666666667 0.12777777777777777
9 0.29296875 0.23287037037037037 0.16302083333333334 0.4324074074074074
7 0.037760416666666664 0.2759259259259259 0.06822916666666666 0.4074074074074074
7 0.97109375 0.44675925925925924 0.0578125 0.4546296296296296
7 0.12578125 0.19074074074074074 0.0390625 0.17777777777777778
7 0.6557291666666666 0.17731481481481481 0.05625 0.23796296296296296
7 0.8197916666666667 0.1449074074074074 0.04583333333333333 0.25277777777777777
6 0.4528645833333333 0.1648148148148148 0.0359375 0.08333333333333333
6 0.08854166666666666 0.22453703703703703 0.05520833333333333 0.1527777777777778
6 0.6044270833333334 0.13472222222222222 0.050520833333333334 0.14537037037037037
7 0.07421875 0.15 0.025520833333333333 0.09074074074074075
0 0.36041666666666666 0.1398148148148148 0.021875 0.1111111111111111
