7 0.5520833333333334 0.24722222222222223 0.03125 0.1537037037037037
7 0.4421875 0.24675925925925923 0.03125 0.17685185185185184
0 0.3643229166666667 0.23564814814814816 0.08489583333333334 0.24166666666666667
7 0.353125 0.2513888888888889 0.046875 0.2824074074074074
7 0.46770833333333334 0.23935185185185187 0.027083333333333334 0.13425925925925927
7 0.5208333333333333 0.24074074074074073 0.029166666666666667 0.14444444444444443
7 0.5609375 0.24259259259259258 0.022916666666666665 0.13703703703703704
7 0.49765625 0.24074074074074076 0.0234375 0.14074074074074075
0 0.7130208333333333 0.24583333333333335 0.0875 0.24351851851851852
7 0.025520833333333333 0.27824074074074073 0.051041666666666666 0.35462962962962963
7 0.06302083333333333 0.17731481481481481 0.03125 0.22314814814814815
0 0.6575520833333334 0.2212962962962963 0.03177083333333333 0.08888888888888889
9 0.6002604166666667 0.24351851851851852 0.05677083333333333 0.1537037037037037
0 0.20052083333333331 0.25277777777777777 0.18125 0.2962962962962963
