0 0.019270833333333334 0.34398148148148144 0.036458333333333336 0.2361111111111111
3 0.21067708333333332 0.29537037037037034 0.05572916666666667 0.10925925925925926
0 0.7729166666666666 0.3277777777777778 0.07916666666666666 0.12962962962962962
6 0.3138020833333333 0.3699074074074074 0.049479166666666664 0.14351851851851852
7 0.87734375 0.3375 0.027604166666666666 0.11388888888888889
7 0.8276041666666666 0.33564814814814814 0.03229166666666667 0.13055555555555556
6 0.1859375 0.324537037037037 0.03229166666666667 0.06944444444444445
0 0.24036458333333333 0.3055555555555556 0.05260416666666667 0.11296296296296296
7 0.3127604166666667 0.32037037037037036 0.04635416666666667 0.1648148148148148
0 0.9411458333333333 0.34305555555555556 0.11770833333333333 0.175
9 0.44635416666666666 0.3388888888888889 0.1 0.25
0 0.5934895833333333 0.31157407407407406 0.043229166666666666 0.11574074074074074
0 0.334375 0.29907407407407405 0.03958333333333333 0.14444444444444443
