0 0.36354166666666665 0.175 0.035416666666666666 0.09814814814814815
7 0.5221354166666666 0.23981481481481481 0.0484375 0.20925925925925926
6 0.28828125 0.20092592592592592 0.03177083333333333 0.09444444444444444
7 0.42083333333333334 0.19444444444444445 0.028125 0.08703703703703704
7 0.88359375 0.3652777777777778 0.09427083333333333 0.4064814814814815
9 0.4083333333333333 0.2134259259259259 0.046875 0.09351851851851851
7 0.28828125 0.1736111111111111 0.0328125 0.09722222222222222
7 0.3979166666666667 0.1875 0.025 0.075
7 0.5692708333333334 0.2685185185185185 0.04895833333333333 0.29444444444444445
1 0.8161458333333332 0.3685185185185185 0.103125 0.2388888888888889
6 0.23098958333333333 0.19907407407407407 0.0234375 0.07037037037037037
6 0.20442708333333331 0.2087962962962963 0.03177083333333333 0.09166666666666666
