9 0.7875 0.462037037037037 0.378125 0.7611111111111111
9 0.5052083333333333 0.3175925925925926 0.09166666666666666 0.2388888888888889
9 0.10989583333333333 0.3453703703703704 0.090625 0.21481481481481482
7 0.33541666666666664 0.275 0.021875 0.07777777777777778
7 0.20208333333333334 0.2638888888888889 0.013541666666666667 0.053703703703703705
9 0.3640625 0.28703703703703703 0.042708333333333334 0.10555555555555556
9 0.16432291666666665 0.3398148148148148 0.044270833333333336 0.08518518518518518
7 0.60625 0.26435185185185184 0.035416666666666666 0.1287037037037037
0 0.4174479166666667 0.2824074074074074 0.03697916666666667 0.10555555555555556
7 0.6958333333333333 0.2810185185185185 0.11354166666666667 0.43796296296296294
7 0.52421875 0.2759259259259259 0.049479166666666664 0.1925925925925926
7 0.4588541666666667 0.27499999999999997 0.019791666666666666 0.10555555555555556
6 0.03072916666666667 0.33240740740740743 0.058333333333333334 0.1425925925925926
0 0.29635416666666664 0.27175925925925926 0.026041666666666668 0.06018518518518518
7 0.8151041666666666 0.29166666666666663 0.134375 0.4722222222222222
6 0.6117187500000001 0.28101851851851856 0.0453125 0.125
9 0.26302083333333337 0.2740740740740741 0.03125 0.07777777777777778
6 0.3377604166666667 0.2949074074074074 0.0234375 0.06944444444444445
