3 0.7916666666666667 0.2425925925925926 0.23333333333333334 0.2851851851851852
0 0.3059895833333333 0.14212962962962963 0.06510416666666667 0.18055555555555555
7 0.36953125 0.13101851851851853 0.0234375 0.08055555555555556
9 0.24947916666666667 0.1476851851851852 0.05625 0.1361111111111111
7 0.6419270833333334 0.19398148148148148 0.05364583333333333 0.22870370370370371
7 0.4643229166666667 0.13518518518518519 0.0265625 0.09259259259259259
7 0.51015625 0.15462962962962962 0.025520833333333333 0.13703703703703704
9 0.43255208333333334 0.13518518518518519 0.04739583333333333 0.09444444444444444
9 0.178125 0.13333333333333333 0.040625 0.06111111111111111
0 0.9304687500000001 0.40925925925925927 0.1390625 0.8185185185185185
