7 0.07265625 0.2087962962962963 0.04635416666666667 0.24537037037037038
7 0.74765625 0.12361111111111112 0.04010416666666667 0.18796296296296297
7 0.4440104166666667 0.12037037037037038 0.034895833333333334 0.13333333333333333
6 0.03463541666666667 0.23935185185185184 0.06302083333333333 0.18981481481481483
0 0.35520833333333335 0.12268518518518519 0.040625 0.10462962962962963
6 0.5184895833333333 0.16527777777777777 0.07760416666666667 0.11944444444444445
9 0.22265625 0.3138888888888889 0.2640625 0.6277777777777778
7 0.5346354166666667 0.13564814814814816 0.0296875 0.13425925925925927
7 0.6921875000000001 0.13703703703703704 0.030208333333333334 0.18703703703703703
7 0.4177083333333333 0.12037037037037036 0.03958333333333333 0.11481481481481481
0 0.42526041666666664 0.1699074074074074 0.0765625 0.19537037037037036
