9 0.8859374999999999 0.22453703703703703 0.228125 0.44351851851851853
9 0.59375 0.24768518518518517 0.11041666666666666 0.325
0 0.44583333333333336 0.17222222222222222 0.03229166666666667 0.0962962962962963
7 0.57109375 0.18009259259259258 0.0515625 0.2490740740740741
0 0.40781249999999997 0.16203703703703703 0.021875 0.04814814814814815
7 0.8549479166666667 0.1611111111111111 0.0765625 0.25555555555555554
7 0.60859375 0.2101851851851852 0.07447916666666667 0.25925925925925924
9 0.5028645833333333 0.18796296296296297 0.059895833333333336 0.17777777777777778
0 0.29739583333333336 0.19351851851851853 0.052083333333333336 0.13703703703703704
0 0.20546875 0.22083333333333333 0.10052083333333334 0.24537037037037038
7 0.5072916666666667 0.1787037037037037 0.03958333333333333 0.12777777777777777
7 0.9596354166666666 0.19490740740740742 0.0796875 0.3731481481481482
0 0.34921875 0.18055555555555555 0.025520833333333333 0.06296296296296296
6 0.055989583333333336 0.2569444444444445 0.0578125 0.1175925925925926
