7 0.42890625 0.33055555555555555 0.0453125 0.31666666666666665
7 0.12604166666666666 0.35648148148148145 0.04583333333333333 0.20925925925925926
7 0.17864583333333334 0.3226851851851852 0.06145833333333333 0.31203703703703706
7 0.23567708333333331 0.32407407407407407 0.0578125 0.32037037037037036
7 0.47005208333333337 0.2800925925925926 0.030729166666666665 0.17685185185185184
0 0.5671875 0.31296296296296294 0.17083333333333334 0.4759259259259259
7 0.12421875 0.20925925925925926 0.03697916666666667 0.1685185185185185
8 0.8135416666666667 0.2759259259259259 0.25 0.3888888888888889
7 0.05911458333333333 0.3912037037037037 0.10572916666666667 0.49537037037037035
9 0.3263020833333333 0.3148148148148148 0.15572916666666667 0.43703703703703706
9 0.6606770833333333 0.2638888888888889 0.030729166666666665 0.17037037037037037
