9 0.9822916666666667 0.26990740740740743 0.03333333333333333 0.31203703703703706
9 0.6200520833333334 0.1449074074074074 0.06197916666666667 0.08611111111111111
7 0.9013020833333334 0.2240740740740741 0.06197916666666667 0.21481481481481482
0 0.8151041666666666 0.18657407407407406 0.078125 0.19722222222222222
0 0.93359375 0.19953703703703704 0.11510416666666666 0.22870370370370371
7 0.8661458333333333 0.175 0.025 0.1259259259259259
3 0.30859375 0.4810185185185185 0.6067708333333334 0.8731481481481481
7 0.7546875000000001 0.20879629629629629 0.05 0.19537037037037036
0 0.6856770833333333 0.1462962962962963 0.03697916666666667 0.05740740740740741
0 0.7453125 0.16064814814814815 0.07708333333333334 0.13425925925925927
