7 0.5499999999999999 0.2462962962962963 0.029166666666666667 0.14444444444444443
7 0.5960937500000001 0.25555555555555554 0.0296875 0.1425925925925926
6 0.4591145833333333 0.27175925925925926 0.0765625 0.10277777777777777
0 0.9351562499999999 0.2708333333333333 0.1265625 0.3638888888888889
7 0.28151041666666665 0.27222222222222225 0.033854166666666664 0.16296296296296298
7 0.5057291666666667 0.25925925925925924 0.027083333333333334 0.13148148148148148
0 0.6729166666666667 0.22962962962962963 0.11666666666666667 0.26666666666666666
0 0.6770833333333334 0.32314814814814813 0.11354166666666667 0.19444444444444445
7 0.5325520833333334 0.25925925925925924 0.027604166666666666 0.13703703703703704
0 0.7692708333333332 0.22499999999999998 0.05625 0.12962962962962962
9 0.5640624999999999 0.2523148148148148 0.06770833333333333 0.16944444444444445
