7 0.19088541666666667 0.5 0.38177083333333334 1.0
8 0.5669270833333333 0.2712962962962963 0.13072916666666667 0.2
8 0.6372395833333333 0.25092592592592594 0.07760416666666667 0.16296296296296298
8 0.6830729166666667 0.2375 0.0546875 0.13055555555555556
3 0.18880208333333331 0.37222222222222223 0.29635416666666664 0.45925925925925926
9 0.7658854166666667 0.2523148148148148 0.0734375 0.2101851851851852
8 0.4080729166666667 0.3222222222222222 0.19947916666666668 0.29074074074074074
0 0.8588541666666667 0.20694444444444443 0.035416666666666666 0.08981481481481482
7 0.89375 0.19814814814814813 0.019791666666666666 0.06666666666666667
0 0.8028645833333333 0.2134259259259259 0.0203125 0.0824074074074074
0 0.71953125 0.24027777777777776 0.0234375 0.1675925925925926
6 0.8934895833333333 0.21342592592592594 0.021354166666666667 0.06388888888888888
