3 0.19739583333333333 0.4087962962962963 0.39479166666666665 0.5064814814814815
7 0.475 0.28055555555555556 0.028125 0.17222222222222222
3 0.9190104166666667 0.23425925925925928 0.0859375 0.0962962962962963
9 0.62109375 0.24444444444444446 0.0296875 0.10925925925925926
7 0.59609375 0.2550925925925926 0.022395833333333334 0.12314814814814815
0 0.7067708333333333 0.2851851851851852 0.159375 0.43148148148148147
0 0.5315104166666667 0.28425925925925927 0.1078125 0.24444444444444444
3 0.9783854166666667 0.23935185185185184 0.0421875 0.10833333333333334
0 0.8187500000000001 0.24074074074074076 0.06875 0.1962962962962963
7 0.3645833333333333 0.05462962962962963 0.03333333333333333 0.10925925925925926
7 0.3333333333333333 0.08425925925925926 0.029166666666666667 0.1574074074074074
7 0.4127604166666667 0.053703703703703705 0.030729166666666665 0.10740740740740741
