9 0.8557291666666667 0.22037037037037038 0.21666666666666667 0.44074074074074077
0 0.4838541666666667 0.2625 0.284375 0.525
7 0.3744791666666667 0.18888888888888888 0.05416666666666667 0.31851851851851853
9 0.16276041666666666 0.2361111111111111 0.1890625 0.4722222222222222
9 0.032552083333333336 0.18888888888888888 0.06510416666666667 0.34814814814814815
9 0.64609375 0.23796296296296296 0.12552083333333333 0.44814814814814813
9 0.27317708333333335 0.15185185185185185 0.04114583333333333 0.11296296296296296
7 0.3028645833333333 0.1611111111111111 0.0234375 0.11481481481481481
7 0.6416666666666666 0.18333333333333335 0.0875 0.3314814814814815
6 0.32864583333333336 0.18425925925925923 0.03854166666666667 0.07962962962962963
