7 0.51640625 0.14305555555555555 0.0203125 0.11018518518518519
9 0.4453125 0.17546296296296296 0.06458333333333334 0.175
7 0.6338541666666667 0.18888888888888888 0.08020833333333334 0.37777777777777777
7 0.6966145833333333 0.19444444444444442 0.05260416666666667 0.25925925925925924
9 0.9 0.20972222222222223 0.2 0.36574074074074076
7 0.15364583333333331 0.19861111111111113 0.034375 0.18796296296296297
7 0.5861979166666667 0.18611111111111112 0.05260416666666667 0.3148148148148148
9 0.6026041666666667 0.26342592592592595 0.18229166666666666 0.5268518518518519
7 0.12369791666666667 0.18703703703703706 0.03697916666666667 0.19444444444444445
9 0.32317708333333334 0.31342592592592594 0.23489583333333333 0.6268518518518519
7 0.7528645833333333 0.1375 0.0390625 0.19722222222222222
7 0.4557291666666667 0.15138888888888888 0.03333333333333333 0.1361111111111111
6 0.18411458333333333 0.18148148148148147 0.0265625 0.0962962962962963
