7 0.12447916666666667 0.19722222222222222 0.052083333333333336 0.25
6 0.9148437500000001 0.27037037037037037 0.1703125 0.2759259259259259
7 0.684375 0.19027777777777777 0.06041666666666667 0.3638888888888889
9 0.5953124999999999 0.23518518518518516 0.17395833333333333 0.3907407407407407
7 0.17786458333333333 0.1486111111111111 0.028645833333333332 0.13240740740740742
0 0.3541666666666667 0.11157407407407408 0.025 0.06574074074074074
6 0.1546875 0.17222222222222222 0.028125 0.10555555555555556
6 0.4645833333333333 0.2236111111111111 0.075 0.20462962962962963
7 0.5518229166666666 0.14120370370370372 0.07864583333333333 0.2675925925925926
7 0.46354166666666663 0.16064814814814815 0.07916666666666666 0.2064814814814815
7 0.6151041666666667 0.16990740740740742 0.08125 0.31203703703703706
9 0.2799479166666667 0.20462962962962963 0.1453125 0.40925925925925927
9 0.06197916666666667 0.2152777777777778 0.12395833333333334 0.4305555555555556
9 0.3377604166666667 0.12268518518518517 0.0234375 0.10092592592592593
