0 0.22499999999999998 0.3611111111111111 0.134375 0.39814814814814814
7 0.90390625 0.47916666666666663 0.18385416666666668 0.7379629629629629
7 0.7518229166666667 0.3106481481481481 0.044270833333333336 0.13240740740740742
7 0.621875 0.31851851851851853 0.020833333333333332 0.09814814814814815
6 0.8401041666666667 0.6819444444444445 0.30625 0.6194444444444445
0 0.29635416666666664 0.30462962962962964 0.021875 0.06296296296296296
7 0.79375 0.5287037037037037 0.2 0.8018518518518518
0 0.4734375 0.42638888888888893 0.271875 0.7564814814814815
0 0.06979166666666667 0.36018518518518516 0.13958333333333334 0.2518518518518518
0 0.33125 0.3050925925925926 0.019791666666666666 0.0824074074074074
