7 0.8036458333333333 0.26435185185185184 0.07604166666666666 0.29907407407407405
7 0.4591145833333333 0.2712962962962963 0.0203125 0.10925925925925926
7 0.5291666666666667 0.25277777777777777 0.026041666666666668 0.13148148148148148
3 0.04895833333333333 0.3925925925925926 0.09479166666666666 0.3037037037037037
6 0.9260416666666668 0.3310185185185185 0.146875 0.25462962962962965
7 0.7270833333333333 0.27175925925925926 0.058333333333333334 0.23055555555555557
6 0.6559895833333333 0.29212962962962963 0.08072916666666667 0.19166666666666668
9 0.77109375 0.3300925925925926 0.19114583333333332 0.3472222222222222
6 0.125 0.31296296296296294 0.04791666666666667 0.13703703703703704
7 0.4822916666666667 0.26805555555555555 0.017708333333333333 0.09351851851851851
0 0.2265625 0.2833333333333333 0.051041666666666666 0.15185185185185185
0 0.35807291666666663 0.3680555555555556 0.18802083333333333 0.5157407407407407
7 0.759375 0.26157407407407407 0.03854166666666667 0.19722222222222222
