0 0.43437499999999996 0.2412037037037037 0.21770833333333334 0.4583333333333333
9 0.56015625 0.2925925925925926 0.10885416666666667 0.17222222222222222
9 0.27578125 0.20416666666666666 0.1359375 0.28055555555555556
6 0.12734375 0.6712962962962963 0.24947916666666667 0.6574074074074074
6 0.8895833333333334 0.3347222222222222 0.22083333333333333 0.30277777777777776
7 0.2638020833333333 0.19398148148148148 0.0578125 0.24537037037037038
7 0.6947916666666667 0.19814814814814813 0.0375 0.22592592592592592
7 0.11223958333333334 0.42685185185185187 0.2171875 0.8537037037037037
7 0.5208333333333333 0.16574074074074074 0.03229166666666667 0.14444444444444443
7 0.7158854166666666 0.12314814814814815 0.04739583333333333 0.12222222222222222
7 0.59140625 0.19166666666666665 0.030729166666666665 0.11296296296296296
7 0.6244791666666667 0.19953703703703704 0.042708333333333334 0.23055555555555557
7 0.5557291666666667 0.16712962962962963 0.03854166666666667 0.15462962962962962
7 0.46875 0.2287037037037037 0.06770833333333333 0.2740740740740741
7 0.38177083333333334 0.2152777777777778 0.04895833333333333 0.2361111111111111
