7 0.042708333333333334 0.3384259259259259 0.03229166666666667 0.18425925925925926
7 0.5244791666666666 0.30046296296296293 0.020833333333333332 0.10833333333333334
7 0.9632812500000001 0.3337962962962963 0.049479166666666664 0.15833333333333333
7 0.7692708333333333 0.3212962962962963 0.04895833333333333 0.21296296296296297
0 0.46796875 0.32037037037037036 0.09322916666666667 0.22777777777777777
0 0.34791666666666665 0.2949074074074074 0.053125 0.14166666666666666
9 0.7856770833333333 0.34444444444444444 0.1421875 0.17222222222222222
0 0.2908854166666667 0.3013888888888889 0.0546875 0.14351851851851852
6 0.8643229166666666 0.30185185185185187 0.07864583333333333 0.1259259259259259
3 0.5864583333333334 0.30092592592592593 0.11145833333333334 0.11481481481481481
0 0.4078125 0.2925925925925926 0.03125 0.10740740740740741
6 0.9252604166666667 0.3175925925925926 0.04739583333333333 0.12407407407407407
