7 0.740625 0.23425925925925928 0.08125 0.37962962962962965
7 0.4705729166666667 0.23055555555555554 0.019270833333333334 0.11481481481481481
0 0.25911458333333337 0.3226851851851852 0.20885416666666667 0.562037037037037
6 0.9721354166666667 0.287962962962963 0.0546875 0.2462962962962963
9 0.09244791666666666 0.3212962962962963 0.08697916666666666 0.1259259259259259
7 0.3859375 0.2324074074074074 0.03854166666666667 0.10740740740740741
7 0.44036458333333334 0.23564814814814813 0.025520833333333333 0.11388888888888889
0 0.3924479166666667 0.24398148148148147 0.06302083333333333 0.1675925925925926
9 0.53515625 0.22638888888888886 0.0640625 0.16018518518518518
9 0.6997395833333333 0.32916666666666666 0.20364583333333333 0.475
6 0.5703125 0.2439814814814815 0.023958333333333335 0.09166666666666666
