9 0.50859375 0.24074074074074073 0.05572916666666667 0.13148148148148148
7 0.5236979166666668 0.23796296296296296 0.025520833333333333 0.10555555555555556
9 0.5848958333333333 0.2689814814814815 0.09479166666666666 0.10462962962962963
3 0.9544270833333334 0.31157407407407406 0.0890625 0.24166666666666667
7 0.7598958333333333 0.25601851851851853 0.03125 0.10833333333333334
0 0.4497395833333333 0.23518518518518516 0.049479166666666664 0.11296296296296296
0 0.05546875 0.2537037037037037 0.0671875 0.12407407407407407
7 0.39869791666666665 0.22916666666666669 0.0203125 0.06574074074074074
0 0.3651041666666666 0.23564814814814813 0.04583333333333333 0.12129629629629629
9 0.2911458333333333 0.24444444444444446 0.052083333333333336 0.1259259259259259
7 0.7856770833333334 0.2550925925925926 0.022395833333333334 0.09907407407407408
7 0.6869791666666667 0.2449074074074074 0.027083333333333334 0.11574074074074074
0 0.3294270833333333 0.2375 0.034895833333333334 0.10092592592592593
