7 0.7044270833333334 0.22453703703703703 0.022395833333333334 0.12685185185185185
6 0.6312500000000001 0.26944444444444443 0.06875 0.08888888888888889
0 0.5348958333333333 0.30462962962962964 0.109375 0.2462962962962963
9 0.20598958333333334 0.39444444444444443 0.17447916666666666 0.43148148148148147
7 0.9140625 0.2611111111111111 0.03958333333333333 0.16111111111111112
0 0.38411458333333337 0.27824074074074073 0.030729166666666665 0.09166666666666666
9 0.46328125000000003 0.28379629629629627 0.0328125 0.0824074074074074
6 0.045572916666666664 0.33379629629629626 0.028645833333333332 0.0824074074074074
7 0.6247395833333333 0.25092592592592594 0.024479166666666666 0.10740740740740741
3 0.3533854166666667 0.2824074074074074 0.033854166666666664 0.05185185185185185
0 0.29375 0.2990740740740741 0.04895833333333333 0.16111111111111112
