9 0.93515625 0.08472222222222223 0.09010416666666667 0.16944444444444445
7 0.76328125 0.06342592592592593 0.024479166666666666 0.12685185185185185
7 0.81484375 0.07175925925925926 0.028645833333333332 0.14351851851851852
9 0.5028645833333334 0.10324074074074074 0.08802083333333334 0.18981481481481483
9 0.8455729166666667 0.07453703703703704 0.06197916666666667 0.14907407407407408
6 0.6927083333333334 0.36157407407407405 0.08854166666666667 0.27685185185185185
9 0.4268229166666667 0.11990740740740741 0.11822916666666666 0.23796296296296296
7 0.6937500000000001 0.2037037037037037 0.13854166666666667 0.4074074074074074
9 0.6013020833333333 0.12407407407407407 0.0890625 0.24814814814814815
7 0.7848958333333333 0.0712962962962963 0.030208333333333334 0.1425925925925926
