0 0.19635416666666666 0.2888888888888889 0.06770833333333333 0.17407407407407408
0 0.30885416666666665 0.29583333333333334 0.08958333333333333 0.22314814814814815
7 0.6846354166666666 0.2847222222222222 0.07135416666666666 0.25277777777777777
9 0.5263020833333334 0.28240740740740744 0.03802083333333333 0.08148148148148149
9 0.66015625 0.3375 0.1515625 0.36018518518518516
7 0.7341145833333333 0.30324074074074076 0.04010416666666667 0.22870370370370371
7 0.6479166666666667 0.2800925925925926 0.05520833333333333 0.22870370370370371
0 0.88671875 0.5 0.2265625 1.0
0 0.4453125 0.3162037037037037 0.13854166666666667 0.3731481481481482
0 0.35234375 0.26157407407407407 0.028645833333333332 0.10277777777777777
