3 0.49609375 0.26435185185185184 0.016145833333333335 0.041666666666666664
7 0.7052083333333333 0.2865740740740741 0.016666666666666666 0.11574074074074074
9 0.5703125 0.2740740740740741 0.036458333333333336 0.08703703703703704
9 0.5216145833333333 0.28055555555555556 0.03802083333333333 0.08888888888888889
0 0.25260416666666663 0.2898148148148148 0.07604166666666666 0.21296296296296297
0 0.18723958333333335 0.2967592592592593 0.06197916666666667 0.14351851851851852
7 0.33619791666666665 0.31805555555555554 0.06822916666666666 0.2361111111111111
7 0.7627604166666666 0.287962962962963 0.0640625 0.2222222222222222
9 0.3755208333333333 0.2861111111111111 0.04895833333333333 0.1574074074074074
7 0.5302083333333333 0.2675925925925926 0.016666666666666666 0.08148148148148149
6 0.3372395833333333 0.3814814814814815 0.06614583333333333 0.2111111111111111
7 0.6065104166666667 0.2796296296296296 0.015104166666666667 0.07592592592592592
0 0.8515625 0.35185185185185186 0.296875 0.46111111111111114
7 0.64375 0.2791666666666667 0.014583333333333334 0.07314814814814814
6 0.6234375 0.2884259259259259 0.025 0.04351851851851852
7 0.4354166666666667 0.2532407407407407 0.015625 0.05092592592592592
