9 0.6979166666666667 0.29444444444444445 0.0375 0.11851851851851852
7 0.6671875 0.2939814814814815 0.030208333333333334 0.10092592592592593
0 0.8388020833333334 0.3472222222222222 0.1828125 0.4703703703703704
0 0.62734375 0.29259259259259257 0.0515625 0.13333333333333333
9 0.25546874999999997 0.3453703703703704 0.06822916666666666 0.18333333333333332
3 0.11953125 0.33935185185185185 0.2390625 0.22870370370370371
9 0.48750000000000004 0.3037037037037037 0.06770833333333333 0.16666666666666666
9 0.22395833333333331 0.30694444444444446 0.11875 0.25462962962962965
0 0.56640625 0.30833333333333335 0.07135416666666666 0.19814814814814816
3 0.075 0.4101851851851852 0.15 0.19074074074074074
9 0.36406249999999996 0.40694444444444444 0.23645833333333333 0.612037037037037
6 0.6666666666666666 0.3282407407407407 0.029166666666666667 0.08796296296296297
3 0.9841145833333333 0.30462962962962964 0.0296875 0.07962962962962963
