7 0.36822916666666666 0.21157407407407408 0.025 0.08055555555555556
7 0.6458333333333334 0.2513888888888889 0.08229166666666667 0.24351851851851852
6 0.6489583333333334 0.3310185185185185 0.07708333333333334 0.23981481481481481
7 0.5294270833333333 0.22407407407407406 0.044270833333333336 0.17592592592592593
7 0.4421875 0.21944444444444444 0.034375 0.10740740740740741
7 0.5744791666666667 0.23935185185185184 0.08125 0.2361111111111111
7 0.2963541666666667 0.20277777777777778 0.016666666666666666 0.07037037037037037
0 0.09557291666666667 0.24907407407407406 0.03697916666666667 0.16666666666666666
7 0.38255208333333335 0.2074074074074074 0.0140625 0.06666666666666667
7 0.35104166666666664 0.2175925925925926 0.023958333333333335 0.08888888888888889
3 0.41067708333333336 0.2175925925925926 0.0421875 0.06851851851851852
0 0.18984375 0.2935185185185185 0.1703125 0.48703703703703705
7 0.07005208333333333 0.23194444444444445 0.022395833333333334 0.11944444444444445
0 0.9268229166666666 0.46574074074074073 0.14635416666666667 0.9314814814814815
3 0.6950520833333333 0.24814814814814815 0.1609375 0.20555555555555555
0 0.5606770833333333 0.3046296296296296 0.19739583333333333 0.48148148148148145
6 0.44296875 0.2518518518518518 0.034895833333333334 0.10925925925925926
0 0.35833333333333334 0.2273148148148148 0.04479166666666667 0.125
0 0.2799479166666667 0.25972222222222224 0.03697916666666667 0.23425925925925925
