3 0.6046875 0.19398148148148148 0.04895833333333333 0.07314814814814814
7 0.8856770833333333 0.22592592592592592 0.0328125 0.14444444444444443
6 0.51328125 0.2125 0.03177083333333333 0.0787037037037037
0 0.8143229166666666 0.22037037037037038 0.05260416666666667 0.1537037037037037
7 0.54609375 0.18611111111111112 0.0234375 0.12962962962962962
7 0.44140625 0.19953703703703704 0.049479166666666664 0.2101851851851852
7 0.6325520833333333 0.20185185185185184 0.0265625 0.12962962962962962
7 0.66015625 0.1925925925925926 0.015104166666666667 0.06851851851851852
7 0.0921875 0.24768518518518517 0.16041666666666668 0.49537037037037035
1 0.6325520833333333 0.23425925925925928 0.025520833333333333 0.07222222222222222
0 0.7093750000000001 0.2037037037037037 0.053125 0.13148148148148148
0 0.7630208333333334 0.19398148148148148 0.021875 0.06574074074074074
0 0.7869791666666667 0.19444444444444445 0.03333333333333333 0.10185185185185185
7 0.8135416666666666 0.18935185185185183 0.028125 0.06574074074074074
