3 0.36796874999999996 0.2601851851851852 0.09635416666666667 0.14074074074074075
6 0.2513020833333333 0.5976851851851852 0.24739583333333334 0.6453703703703704
7 0.29322916666666665 0.38796296296296295 0.16770833333333332 0.6333333333333333
0 0.6565104166666667 0.2513888888888889 0.07552083333333333 0.20462962962962963
3 0.10833333333333334 0.3023148148148148 0.215625 0.25462962962962965
9 0.7033854166666667 0.2388888888888889 0.03177083333333333 0.12222222222222222
9 0.4682291666666667 0.2625 0.071875 0.1824074074074074
7 0.8044270833333333 0.26157407407407407 0.0296875 0.21574074074074073
7 0.11770833333333333 0.3884259259259259 0.1125 0.6768518518518518
7 0.52734375 0.2569444444444445 0.030729166666666665 0.1175925925925926
11 0.7411458333333333 0.2111111111111111 0.035416666666666666 0.08148148148148149
0 0.8807291666666667 0.26342592592592595 0.15208333333333332 0.3824074074074074
0 0.6098958333333334 0.24953703703703703 0.021875 0.125
7 0.3276041666666667 0.26805555555555555 0.04791666666666667 0.19722222222222222
7 0.56015625 0.24953703703703703 0.0265625 0.13240740740740742
