0 0.74765625 0.2930555555555555 0.1296875 0.33055555555555555
7 0.10416666666666667 0.2097222222222222 0.05416666666666667 0.15648148148148147
0 0.6286458333333333 0.2601851851851852 0.035416666666666666 0.1
7 0.3197916666666667 0.09074074074074073 0.058333333333333334 0.13148148148148148
7 0.021354166666666667 0.15231481481481482 0.034375 0.09722222222222222
0 0.39947916666666666 0.30138888888888893 0.16354166666666667 0.3287037037037037
7 0.22239583333333335 0.3282407407407407 0.06979166666666667 0.33796296296296297
7 0.27708333333333335 0.32916666666666666 0.052083333333333336 0.2490740740740741
0 0.5458333333333333 0.32037037037037036 0.14166666666666666 0.42407407407407405
7 0.16119791666666666 0.24351851851851852 0.050520833333333334 0.15185185185185185
3 0.1015625 0.4009259259259259 0.196875 0.5296296296296297
0 0.9161458333333333 0.27870370370370373 0.057291666666666664 0.13703703703703704
0 0.9671875 0.29166666666666663 0.065625 0.1925925925925926
