7 0.41640625 0.2518518518518519 0.04739583333333333 0.2537037037037037
0 0.49088541666666663 0.2425925925925926 0.11197916666666667 0.3055555555555556
0 0.7247395833333333 0.1763888888888889 0.018229166666666668 0.05092592592592592
7 0.37213541666666666 0.24166666666666664 0.0328125 0.22777777777777777
0 0.6916666666666667 0.17685185185185187 0.01875 0.04814814814814815
7 0.6460937499999999 0.1884259259259259 0.0171875 0.07314814814814814
7 0.6013020833333333 0.2657407407407407 0.06302083333333333 0.26481481481481484
7 0.29140625000000003 0.18425925925925926 0.04635416666666667 0.25
7 0.3359375 0.19861111111111113 0.04375 0.23981481481481481
4 0.16796875 0.2828703703703704 0.21197916666666666 0.28425925925925927
7 0.6296875000000001 0.17592592592592593 0.017708333333333333 0.07037037037037037
7 0.6690104166666666 0.1763888888888889 0.005729166666666666 0.05092592592592592
