9 0.27578125 0.23796296296296296 0.0390625 0.1037037037037037
7 0.7528645833333334 0.23657407407407405 0.0265625 0.18055555555555555
6 0.9421875000000001 0.2569444444444444 0.10833333333333334 0.16574074074074074
7 0.7049479166666667 0.2490740740740741 0.030729166666666665 0.16296296296296298
6 0.67578125 0.24861111111111112 0.0265625 0.075
9 0.46796875 0.22592592592592592 0.050520833333333334 0.10555555555555556
7 0.8130208333333333 0.2462962962962963 0.046875 0.2
6 0.8799479166666667 0.25046296296296294 0.0421875 0.14722222222222223
3 0.6098958333333334 0.25 0.11979166666666667 0.11851851851851852
0 0.23958333333333334 0.2388888888888889 0.040625 0.10185185185185185
7 0.047135416666666666 0.2509259259259259 0.0390625 0.1685185185185185
9 0.4065104166666667 0.22129629629629627 0.028645833333333332 0.09259259259259259
0 0.37083333333333335 0.23148148148148148 0.04479166666666667 0.12407407407407407
7 0.7684895833333333 0.24768518518518517 0.0359375 0.19907407407407407
7 0.7325520833333333 0.23796296296296296 0.0265625 0.16296296296296298
0 0.3223958333333333 0.23842592592592593 0.04895833333333333 0.11388888888888889
