6 0.2760416666666667 0.29027777777777775 0.011458333333333333 0.028703703703703703
0 0.65625 0.3162037037037037 0.09895833333333333 0.1824074074074074
7 0.7859375 0.33425925925925926 0.04791666666666667 0.15925925925925927
9 0.16119791666666666 0.2935185185185185 0.0453125 0.12222222222222222
7 0.9359375 0.32546296296296295 0.04479166666666667 0.1712962962962963
7 0.88671875 0.32222222222222224 0.07447916666666667 0.18703703703703703
7 0.27604166666666663 0.27685185185185185 0.014583333333333334 0.04259259259259259
0 0.08515624999999999 0.2967592592592593 0.0796875 0.1824074074074074
9 0.9216145833333333 0.3453703703703704 0.14427083333333332 0.2537037037037037
9 0.22239583333333335 0.3050925925925926 0.07395833333333333 0.18425925925925926
3 0.5138020833333333 0.3064814814814815 0.06197916666666667 0.07037037037037037
0 0.79453125 0.3416666666666667 0.15885416666666666 0.26666666666666666
