7 0.6705729166666667 0.2583333333333333 0.025520833333333333 0.1685185185185185
0 0.47213541666666664 0.2810185185185185 0.033854166666666664 0.11018518518518519
7 0.5557291666666667 0.2712962962962963 0.03125 0.10925925925925926
9 0.259375 0.5166666666666666 0.3572916666666667 0.9592592592592593
7 0.915625 0.2439814814814815 0.04583333333333333 0.25462962962962965
7 0.4979166666666666 0.29027777777777775 0.028125 0.15833333333333333
1 0.7432291666666667 0.34814814814814815 0.06458333333333334 0.1574074074074074
7 0.5888020833333333 0.3138888888888889 0.0328125 0.17222222222222222
6 0.5510416666666667 0.33055555555555555 0.057291666666666664 0.11666666666666667
7 0.5203125 0.29444444444444445 0.029166666666666667 0.1574074074074074
0 0.409375 0.2787037037037037 0.035416666666666666 0.09814814814814815
