9 0.7648437499999999 0.2625 0.0359375 0.06018518518518518
7 0.8463541666666667 0.23564814814814813 0.01875 0.05277777777777778
7 0.4255208333333333 0.32546296296296295 0.08645833333333333 0.3472222222222222
0 0.59375 0.31805555555555554 0.13958333333333334 0.39351851851851855
9 0.3770833333333333 0.33564814814814814 0.18020833333333333 0.262037037037037
3 0.7341145833333332 0.23194444444444445 0.0328125 0.049074074074074076
0 0.8205729166666667 0.23194444444444443 0.015104166666666667 0.03611111111111111
7 0.2721354166666667 0.33472222222222225 0.0453125 0.24351851851851852
3 0.6684895833333334 0.2472222222222222 0.049479166666666664 0.08703703703703704
6 0.8458333333333333 0.2532407407407407 0.01875 0.05092592592592592
7 0.7627604166666667 0.2310185185185185 0.018229166666666668 0.03611111111111111
5 0.49895833333333334 0.25324074074074077 0.07604166666666666 0.18796296296296297
