0 0.9494791666666668 0.32731481481481484 0.1 0.5120370370370371
7 0.546875 0.25787037037037036 0.03333333333333333 0.1287037037037037
7 0.40338541666666666 0.2791666666666667 0.030729166666666665 0.11388888888888889
0 0.2638020833333333 0.32499999999999996 0.10885416666666667 0.3037037037037037
6 0.4041666666666666 0.30277777777777776 0.030208333333333334 0.09259259259259259
7 0.0296875 0.37777777777777777 0.059375 0.3277777777777778
0 0.6669270833333333 0.26851851851851855 0.05572916666666667 0.11666666666666667
7 0.7229166666666667 0.27824074074074073 0.025 0.12314814814814815
7 0.9799479166666667 0.2935185185185185 0.0390625 0.32222222222222224
7 0.5234375 0.2587962962962963 0.026041666666666668 0.11944444444444445
9 0.5359375 0.28425925925925927 0.06770833333333333 0.15925925925925927
7 0.3455729166666667 0.2833333333333333 0.0390625 0.13518518518518519
7 0.44036458333333334 0.2912037037037037 0.0359375 0.17314814814814813
3 0.16614583333333333 0.2847222222222222 0.09479166666666666 0.14166666666666666
7 0.8296875 0.27361111111111114 0.026041666666666668 0.14907407407407408
7 0.5934895833333332 0.27037037037037037 0.021354166666666667 0.08703703703703704
7 0.6174479166666668 0.2597222222222222 0.0140625 0.08796296296296297
6 0.3458333333333333 0.325 0.03958333333333333 0.12407407407407407
0 0.7434895833333333 0.2777777777777778 0.0796875 0.13148148148148148
7 0.74296875 0.27824074074074073 0.0234375 0.13240740740740742
7 0.8859374999999999 0.26481481481481484 0.029166666666666667 0.1388888888888889
7 0.85546875 0.27546296296296297 0.0265625 0.13796296296296295
7 0.47317708333333336 0.2601851851851852 0.015104166666666667 0.05555555555555555
7 0.17161458333333335 0.30648148148148147 0.0328125 0.13703703703703704
