0 0.6828124999999999 0.2310185185185185 0.05625 0.11574074074074074
7 0.41796875 0.22083333333333333 0.0203125 0.10092592592592593
7 0.78515625 0.2273148148148148 0.0453125 0.12314814814814815
9 0.47526041666666663 0.2037037037037037 0.03802083333333333 0.07777777777777778
7 0.7442708333333333 0.23472222222222222 0.03958333333333333 0.13055555555555556
6 0.3888020833333333 0.26435185185185184 0.0390625 0.12314814814814815
0 0.6114583333333333 0.23564814814814813 0.09270833333333334 0.19537037037037036
7 0.22473958333333335 0.22407407407407406 0.016145833333333335 0.09814814814814815
7 0.4395833333333333 0.225 0.021875 0.12777777777777777
0 0.35390625 0.2050925925925926 0.021354166666666667 0.06574074074074074
7 0.5372395833333333 0.22268518518518518 0.019270833333333334 0.08425925925925926
7 0.9690104166666667 0.2523148148148148 0.050520833333333334 0.22314814814814815
7 0.23072916666666668 0.22083333333333333 0.014583333333333334 0.09722222222222222
9 0.9265625000000001 0.2583333333333333 0.146875 0.29444444444444445
0 0.18046875 0.22962962962962963 0.0515625 0.16296296296296298
0 0.2947916666666667 0.2537037037037037 0.09583333333333334 0.27037037037037037
0 0.7786458333333333 0.275 0.12708333333333333 0.24444444444444444
7 0.39036458333333335 0.23009259259259257 0.0390625 0.1361111111111111
7 0.10859374999999999 0.25833333333333336 0.034895833333333334 0.19814814814814816
0 0.5072916666666667 0.2101851851851852 0.028125 0.06851851851851852
7 0.05 0.22777777777777777 0.041666666666666664 0.12222222222222222
9 0.8481770833333334 0.24953703703703703 0.06510416666666667 0.18611111111111112
