7 0.9317708333333333 0.20694444444444446 0.08958333333333333 0.3990740740740741
0 0.5479166666666666 0.1537037037037037 0.059375 0.17407407407407408
8 0.13385416666666666 0.2777777777777778 0.265625 0.5555555555555556
0 0.6950520833333333 0.12453703703703704 0.0359375 0.08611111111111111
7 0.8776041666666666 0.20092592592592592 0.08333333333333333 0.3888888888888889
7 0.48333333333333334 0.16064814814814815 0.03125 0.10833333333333334
7 0.5515625 0.16666666666666666 0.03229166666666667 0.15
0 0.6333333333333334 0.12407407407407407 0.014583333333333334 0.044444444444444446
0 0.5984375 0.1310185185185185 0.03125 0.05277777777777778
0 0.6666666666666666 0.12824074074074074 0.019791666666666666 0.04351851851851852
0 0.6515624999999999 0.12546296296296297 0.009375 0.030555555555555555
