9 0.030208333333333334 0.2324074074074074 0.06041666666666667 0.3648148148148148
9 0.5294270833333333 0.2875 0.18697916666666667 0.30092592592592593
7 0.5731770833333333 0.21620370370370373 0.0703125 0.275
7 0.38541666666666663 0.19398148148148148 0.041666666666666664 0.19722222222222222
11 0.37916666666666665 0.1638888888888889 0.165625 0.17777777777777778
9 0.6286458333333333 0.22546296296296295 0.11145833333333334 0.2861111111111111
9 0.37109375 0.19722222222222222 0.09427083333333333 0.2462962962962963
9 0.7921875 0.24814814814814815 0.22083333333333333 0.3611111111111111
9 0.16770833333333335 0.2972222222222222 0.23541666666666666 0.587037037037037
0 0.2713541666666667 0.19907407407407407 0.08958333333333333 0.2759259259259259
