0 0.049999999999999996 0.26296296296296295 0.090625 0.23333333333333334
7 0.8489583333333333 0.30833333333333335 0.028125 0.11851851851851852
7 0.9174479166666667 0.28425925925925927 0.08177083333333333 0.22037037037037038
7 0.14036458333333332 0.27731481481481485 0.0234375 0.15092592592592594
0 0.5747395833333333 0.4675925925925926 0.42864583333333334 0.9277777777777778
7 0.16171875 0.28194444444444444 0.030729166666666665 0.1398148148148148
6 0.29401041666666666 0.3888888888888889 0.09114583333333333 0.24444444444444444
7 0.43723958333333335 0.24861111111111112 0.04010416666666667 0.12129629629629629
0 0.37083333333333335 0.2699074074074074 0.05625 0.10462962962962963
7 0.30078125 0.31157407407407406 0.09010416666666667 0.2898148148148148
0 0.23125 0.26990740740740743 0.030208333333333334 0.15648148148148147
0 0.17317708333333334 0.2583333333333333 0.0484375 0.1259259259259259
9 0.88125 0.3041666666666667 0.059375 0.175
