7 0.39713541666666663 0.3217592592592593 0.06510416666666667 0.3453703703703704
7 0.48828125 0.24675925925925926 0.027604166666666666 0.13240740740740742
7 0.275 0.3458333333333333 0.11354166666666667 0.47685185185185186
9 0.6135416666666667 0.22685185185185186 0.0625 0.17407407407407408
7 0.5330729166666667 0.23564814814814813 0.0265625 0.14166666666666666
7 0.6567708333333334 0.20555555555555555 0.014583333333333334 0.05925925925925926
7 0.36875 0.27361111111111114 0.034375 0.2212962962962963
0 0.7575520833333333 0.2685185185185185 0.18385416666666668 0.48148148148148145
3 0.8802083333333334 0.18611111111111112 0.06145833333333333 0.08518518518518518
0 0.9471354166666667 0.24814814814814815 0.10572916666666667 0.39444444444444443
7 0.5653645833333333 0.2375 0.028645833333333332 0.15462962962962962
7 0.18828124999999998 0.24027777777777776 0.0578125 0.13425925925925927
