7 0.896875 0.19398148148148148 0.027083333333333334 0.10648148148148148
0 0.9432291666666667 0.20324074074074072 0.0375 0.17314814814814813
6 0.9059895833333332 0.23194444444444445 0.0328125 0.10648148148148148
9 0.2729166666666667 0.22638888888888892 0.13125 0.31203703703703706
0 0.6861979166666667 0.20601851851851852 0.11197916666666667 0.3138888888888889
7 0.5322916666666666 0.17962962962962964 0.016666666666666666 0.10555555555555556
7 0.18229166666666666 0.21851851851851853 0.0375 0.2351851851851852
7 0.5953125 0.17407407407407408 0.01875 0.08148148148148149
9 0.4447916666666667 0.19675925925925924 0.08541666666666667 0.2490740740740741
7 0.5466145833333333 0.17453703703703705 0.015104166666666667 0.08425925925925926
0 0.06041666666666667 0.225 0.11666666666666667 0.3425925925925926
7 0.5796875 0.1763888888888889 0.0125 0.08425925925925926
0 0.509375 0.1736111111111111 0.035416666666666666 0.09537037037037037
7 0.4890625 0.17962962962962964 0.019791666666666666 0.09259259259259259
3 0.38749999999999996 0.19398148148148148 0.059375 0.125
9 0.6161458333333334 0.17824074074074076 0.03333333333333333 0.10648148148148148
7 0.5651041666666667 0.18287037037037035 0.01875 0.10648148148148148
7 0.3484375 0.20092592592592592 0.035416666666666666 0.17407407407407408
7 0.8533854166666667 0.16018518518518518 0.025520833333333333 0.06296296296296296
3 0.9729166666666667 0.2 0.05416666666666667 0.25925925925925924
3 0.3828125 0.19490740740740742 0.051041666666666666 0.13425925925925927
