7 0.7111979166666667 0.38611111111111107 0.07552083333333333 0.3814814814814815
7 0.5484374999999999 0.2967592592592592 0.013541666666666667 0.062037037037037036
9 0.02734375 0.3277777777777778 0.0546875 0.14814814814814814
7 0.5315104166666667 0.2986111111111111 0.013020833333333334 0.06574074074074074
11 0.9088541666666667 0.31851851851851853 0.18229166666666666 0.3333333333333333
7 0.12604166666666666 0.36157407407407405 0.05 0.25462962962962965
9 0.16119791666666666 0.34398148148148144 0.06614583333333333 0.21203703703703702
0 0.484375 0.30787037037037035 0.04583333333333333 0.125
0 0.2908854166666667 0.32592592592592595 0.10260416666666666 0.26296296296296295
7 0.56171875 0.2949074074074074 0.019270833333333334 0.062037037037037036
7 0.34661458333333334 0.3106481481481482 0.016145833333333335 0.09907407407407408
7 0.6770833333333334 0.31203703703703706 0.03333333333333333 0.12407407407407407
7 0.48541666666666666 0.2990740740740741 0.021875 0.07037037037037037
0 0.18828124999999998 0.3023148148148148 0.030729166666666665 0.07685185185185185
0 0.22916666666666669 0.30833333333333335 0.028125 0.08148148148148149
7 0.2296875 0.30972222222222223 0.016666666666666666 0.0712962962962963
9 0.01796875 0.36157407407407405 0.0359375 0.09722222222222222
