9 0.3828125 0.30324074074074076 0.09791666666666667 0.22314814814814815
7 0.38125 0.26481481481481484 0.035416666666666666 0.14074074074074075
7 0.07708333333333334 0.24537037037037038 0.016666666666666666 0.08518518518518518
7 0.6755208333333333 0.3486111111111111 0.04791666666666667 0.23796296296296296
7 0.3026041666666667 0.24814814814814815 0.015625 0.06481481481481481
7 0.11197916666666667 0.23888888888888887 0.014583333333333334 0.08703703703703704
7 0.4036458333333333 0.2787037037037037 0.0375 0.17592592592592593
0 0.2546875 0.25462962962962965 0.04375 0.10740740740740741
7 0.3796875 0.237962962962963 0.027083333333333334 0.09259259259259259
6 0.18489583333333331 0.2462962962962963 0.05 0.05555555555555555
7 0.13333333333333333 0.23611111111111113 0.014583333333333334 0.08888888888888889
7 0.17708333333333334 0.23564814814814813 0.015625 0.05277777777777778
