6 0.41458333333333336 0.3143518518518518 0.034375 0.10277777777777777
6 0.7630208333333334 0.28194444444444444 0.057291666666666664 0.08425925925925926
9 0.653125 0.2740740740740741 0.051041666666666666 0.10555555555555556
0 0.37447916666666664 0.2685185185185185 0.019791666666666666 0.06111111111111111
0 0.59765625 0.2657407407407407 0.033854166666666664 0.07407407407407407
3 0.03671875 0.3300925925925926 0.0734375 0.2657407407407407
3 0.07916666666666666 0.31342592592592594 0.08645833333333333 0.18055555555555555
7 0.8963541666666666 0.2662037037037037 0.04479166666666667 0.14907407407407408
9 0.9630208333333333 0.312962962962963 0.07395833333333333 0.35185185185185186
9 0.5700520833333333 0.26944444444444443 0.024479166666666666 0.10555555555555556
9 0.8726562499999999 0.2773148148148148 0.0953125 0.19537037037037036
7 0.41432291666666665 0.2828703703703704 0.0359375 0.11574074074074074
7 0.19270833333333334 0.30185185185185187 0.023958333333333335 0.10555555555555556
0 0.2609375 0.28379629629629627 0.0375 0.10277777777777777
7 0.7666666666666667 0.25416666666666665 0.021875 0.09166666666666666
7 0.6669270833333333 0.26666666666666666 0.021354166666666667 0.1037037037037037
0 0.31562500000000004 0.3125 0.07916666666666666 0.2175925925925926
0 0.4765625 0.26157407407407407 0.03854166666666667 0.0712962962962963
