3 0.9765625 0.26296296296296295 0.04479166666666667 0.08888888888888889
0 0.45026041666666666 0.28935185185185186 0.05364583333333333 0.18796296296296297
7 0.56640625 0.28935185185185186 0.03802083333333333 0.1935185185185185
7 0.018489583333333334 0.39861111111111114 0.03697916666666667 0.262037037037037
0 0.6361979166666666 0.2587962962962963 0.04010416666666667 0.09537037037037037
0 0.7330729166666667 0.30462962962962964 0.1515625 0.40370370370370373
3 0.29270833333333335 0.29074074074074074 0.3020833333333333 0.4074074074074074
3 0.5755208333333333 0.26805555555555555 0.07604166666666666 0.11203703703703703
7 0.12864583333333332 0.4013888888888889 0.075 0.5657407407407408
7 0.08255208333333333 0.3486111111111111 0.0578125 0.375
0 0.8393229166666667 0.275 0.08072916666666667 0.2518518518518518
7 0.5192708333333333 0.2930555555555555 0.042708333333333334 0.19907407407407407
3 0.48723958333333334 0.2847222222222222 0.0296875 0.1361111111111111
3 0.9177083333333333 0.2550925925925926 0.07291666666666667 0.09166666666666666
