0 0.64765625 0.40370370370370373 0.3171875 0.8074074074074075
7 0.07682291666666667 0.2300925925925926 0.0484375 0.2101851851851852
0 0.8875 0.27037037037037037 0.07083333333333333 0.14444444444444443
6 0.3390625 0.29212962962962963 0.051041666666666666 0.11944444444444445
7 0.33359375 0.21712962962962964 0.019270833333333334 0.09537037037037037
0 0.9802083333333333 0.29074074074074074 0.03958333333333333 0.21666666666666667
9 0.20729166666666665 0.2986111111111111 0.19583333333333333 0.4861111111111111
0 0.4119791666666667 0.2662037037037037 0.08229166666666667 0.18425925925925926
7 0.13072916666666667 0.2439814814814815 0.029166666666666667 0.16944444444444445
7 0.4692708333333333 0.25416666666666665 0.019791666666666666 0.09351851851851851
7 0.9302083333333333 0.2652777777777778 0.015625 0.0787037037037037
3 0.9380208333333333 0.2675925925925926 0.04375 0.07592592592592592
