6 0.6890624999999999 0.29583333333333334 0.0875 0.23796296296296296
9 0.9562499999999999 0.33796296296296297 0.0875 0.6055555555555555
0 0.5630208333333334 0.13194444444444445 0.026041666666666668 0.06759259259259259
7 0.94375 0.2138888888888889 0.05 0.2574074074074074
7 0.6822916666666667 0.2273148148148148 0.07708333333333334 0.22685185185185186
7 0.01875 0.24166666666666664 0.0375 0.3
9 0.8473958333333332 0.24814814814814812 0.134375 0.35
7 0.75078125 0.13518518518518519 0.0234375 0.07777777777777778
7 0.8776041666666666 0.20787037037037037 0.06041666666666667 0.25277777777777777
3 0.35208333333333336 0.4759259259259259 0.6104166666666667 0.8648148148148148
0 0.6111979166666667 0.13657407407407407 0.07135416666666666 0.11203703703703703
9 0.7471354166666667 0.14305555555555555 0.033854166666666664 0.10277777777777777
