9 0.24895833333333334 0.29583333333333334 0.07291666666666667 0.20092592592592592
9 0.4005208333333333 0.26481481481481484 0.026041666666666668 0.11481481481481481
7 0.9510416666666667 0.28194444444444444 0.04375 0.21574074074074073
6 0.7734375 0.4361111111111111 0.175 0.31666666666666665
7 0.7572916666666667 0.34259259259259256 0.075 0.3037037037037037
7 0.7338541666666667 0.34305555555555556 0.06666666666666667 0.2861111111111111
7 0.9822916666666667 0.3032407407407407 0.034375 0.2564814814814815
0 0.48541666666666666 0.3055555555555555 0.13333333333333333 0.37037037037037035
9 0.20338541666666665 0.325462962962963 0.058854166666666666 0.11388888888888889
0 0.6143229166666666 0.2925925925925926 0.10677083333333333 0.24259259259259258
7 0.61484375 0.2759259259259259 0.058854166666666666 0.12407407407407407
0 0.33515625 0.30972222222222223 0.14010416666666667 0.3527777777777778
