7 0.42473958333333334 0.2759259259259259 0.06302083333333333 0.20555555555555555
7 0.6869791666666667 0.27824074074074073 0.084375 0.2861111111111111
0 0.2799479166666667 0.24537037037037035 0.0421875 0.1037037037037037
0 0.7166666666666666 0.33518518518518514 0.3416666666666667 0.6462962962962963
7 0.5989583333333334 0.25231481481481477 0.06458333333333334 0.25277777777777777
7 0.38776041666666666 0.25092592592592594 0.03177083333333333 0.11851851851851852
0 0.5278645833333333 0.2657407407407407 0.07760416666666667 0.23703703703703705
9 0.925 0.2847222222222222 0.14270833333333333 0.5287037037037037
6 0.42421875 0.324537037037037 0.07135416666666666 0.20092592592592592
6 0.3859375 0.2800925925925926 0.030208333333333334 0.09907407407407408
3 0.47500000000000003 0.24768518518518517 0.05625 0.08611111111111111
9 0.32734375 0.2351851851851852 0.034895833333333334 0.10740740740740741
