0 0.4473958333333333 0.23888888888888887 0.028125 0.07592592592592592
7 0.9390625 0.2564814814814815 0.03229166666666667 0.16111111111111112
7 0.91640625 0.25277777777777777 0.034895833333333334 0.16296296296296298
0 0.6049479166666667 0.35370370370370374 0.2328125 0.6722222222222223
7 0.8447916666666667 0.2583333333333333 0.07291666666666667 0.20555555555555555
8 0.31640625 0.2537037037037037 0.06302083333333333 0.15185185185185185
6 0.8403645833333334 0.312962962962963 0.10364583333333334 0.17962962962962964
3 0.37369791666666663 0.24305555555555555 0.022395833333333334 0.07314814814814814
9 0.4182291666666667 0.25277777777777777 0.04791666666666667 0.12962962962962962
3 0.35208333333333336 0.2439814814814815 0.03229166666666667 0.09907407407407408
0 0.17421874999999998 0.33611111111111114 0.14427083333333332 0.3574074074074074
3 0.03359375 0.3592592592592593 0.0671875 0.39814814814814814
0 0.7585937500000001 0.2550925925925926 0.08072916666666667 0.20277777777777778
0 0.4700520833333333 0.2351851851851852 0.025520833333333333 0.07407407407407407
8 0.09817708333333333 0.2875 0.11927083333333334 0.30277777777777776
8 0.24557291666666667 0.2597222222222222 0.0734375 0.2064814814814815
