7 0.013020833333333334 0.2773148148148148 0.026041666666666668 0.26944444444444443
0 0.4057291666666667 0.25 0.096875 0.26666666666666666
3 0.3143229166666667 0.25601851851851853 0.10260416666666666 0.15092592592592594
6 0.10755208333333333 0.3740740740740741 0.08177083333333333 0.22037037037037038
7 0.4375 0.23796296296296296 0.03958333333333333 0.1388888888888889
7 0.41119791666666666 0.24166666666666667 0.0453125 0.15185185185185185
7 0.5471354166666667 0.20601851851851852 0.03697916666666667 0.09722222222222222
3 0.7526041666666667 0.5421296296296296 0.4947916666666667 0.8435185185185186
9 0.5247395833333333 0.24305555555555558 0.06822916666666666 0.20092592592592592
9 0.23619791666666667 0.2523148148148148 0.08385416666666666 0.225
7 0.37968749999999996 0.23009259259259257 0.028125 0.15092592592592594
7 0.07578125 0.1884259259259259 0.025520833333333333 0.08425925925925926
9 0.12317708333333333 0.22638888888888886 0.05572916666666667 0.1361111111111111
6 0.12604166666666666 0.28564814814814815 0.05416666666666667 0.10462962962962963
