9 0.7721354166666666 0.19166666666666668 0.04739583333333333 0.12222222222222222
7 0.46458333333333335 0.31527777777777777 0.09166666666666666 0.5101851851851852
7 0.5940104166666667 0.199537037037037 0.034895833333333334 0.14351851851851852
0 0.6653645833333333 0.19907407407407407 0.0671875 0.16666666666666666
7 0.23411458333333335 0.11712962962962963 0.10989583333333333 0.23425925925925925
4 0.31640625 0.41666666666666663 0.2703125 0.4388888888888889
7 0.7835937500000001 0.17546296296296296 0.025520833333333333 0.10092592592592593
0 0.7346354166666667 0.16342592592592595 0.0171875 0.04537037037037037
9 0.7161458333333333 0.16620370370370371 0.013541666666666667 0.041666666666666664
4 0.4739583333333333 0.33518518518518514 0.15416666666666667 0.32407407407407407
