7 0.4184895833333333 0.24953703703703703 0.018229166666666668 0.0712962962962963
7 0.34765625 0.25324074074074077 0.030729166666666665 0.09351851851851851
9 0.38828124999999997 0.24953703703703703 0.0359375 0.10092592592592593
7 0.8356770833333333 0.22129629629629632 0.025520833333333333 0.13703703703703704
3 0.5408854166666667 0.27824074074074073 0.2671875 0.16203703703703703
7 0.43463541666666666 0.2351851851851852 0.0171875 0.06481481481481481
7 0.6979166666666666 0.2518518518518518 0.035416666666666666 0.12962962962962962
7 0.8580729166666666 0.2185185185185185 0.0234375 0.12962962962962962
7 0.8757812500000001 0.21203703703703702 0.018229166666666668 0.12962962962962962
9 0.29973958333333334 0.2564814814814815 0.0421875 0.09259259259259259
0 0.2520833333333333 0.2712962962962963 0.07604166666666666 0.18703703703703703
0 0.32734375 0.24861111111111112 0.0328125 0.10092592592592593
