6 0.6458333333333334 0.2587962962962963 0.04895833333333333 0.13796296296296295
7 0.6026041666666666 0.17685185185185187 0.019791666666666666 0.08518518518518518
9 0.8723958333333333 0.37731481481481477 0.2552083333333333 0.5083333333333333
9 0.7481770833333333 0.17731481481481481 0.034895833333333334 0.09722222222222222
7 0.9640624999999999 0.32222222222222224 0.07083333333333333 0.5296296296296297
3 0.3776041666666667 0.5263888888888889 0.7375 0.9361111111111111
7 0.8921875 0.3013888888888889 0.13333333333333333 0.47685185185185186
7 0.6791666666666667 0.21018518518518517 0.03333333333333333 0.13148148148148148
7 0.03411458333333333 0.25416666666666665 0.06302083333333333 0.30648148148148147
7 0.6205729166666666 0.16666666666666669 0.021354166666666667 0.07592592592592592
7 0.6463541666666667 0.2300925925925926 0.052083333333333336 0.16944444444444445
0 0.6851562499999999 0.2189814814814815 0.0484375 0.18055555555555555
