9 0.42604166666666665 0.3425925925925926 0.32708333333333334 0.6722222222222223
9 0.20468750000000002 0.19166666666666668 0.17083333333333334 0.38333333333333336
9 0.7244791666666667 0.3310185185185185 0.1125 0.287962962962963
6 0.5966145833333334 0.22407407407407406 0.06614583333333333 0.18888888888888888
6 0.12083333333333333 0.6833333333333333 0.24166666666666667 0.6055555555555555
7 0.8252604166666667 0.18194444444444444 0.0421875 0.27314814814814814
7 0.9713541666666666 0.1287037037037037 0.05625 0.18888888888888888
7 0.9236979166666667 0.12685185185185185 0.0515625 0.1814814814814815
7 0.6375 0.15925925925925927 0.035416666666666666 0.1925925925925926
7 0.7088541666666667 0.12592592592592594 0.03333333333333333 0.16111111111111112
7 0.73828125 0.11249999999999999 0.04114583333333333 0.15648148148148147
7 0.11432291666666668 0.40324074074074073 0.19947916666666668 0.7916666666666666
7 0.5841145833333333 0.13055555555555556 0.0359375 0.1
7 0.6682291666666667 0.22453703703703703 0.04479166666666667 0.14351851851851852
7 0.58359375 0.17407407407407408 0.0421875 0.1925925925925926
7 0.90078125 0.30046296296296293 0.10572916666666667 0.30277777777777776
7 0.7682291666666666 0.2652777777777778 0.11458333333333333 0.36574074074074076
7 0.8643229166666667 0.1527777777777778 0.0421875 0.25
