0 0.38958333333333334 0.20555555555555555 0.041666666666666664 0.11481481481481481
9 0.2799479166666667 0.24398148148148147 0.0828125 0.20833333333333334
7 0.7364583333333333 0.2162037037037037 0.059375 0.2212962962962963
7 0.67265625 0.21157407407407408 0.034895833333333334 0.16574074074074074
7 0.63203125 0.18842592592592594 0.033854166666666664 0.14166666666666666
0 0.3380208333333333 0.20416666666666666 0.04375 0.11388888888888889
9 0.6177083333333334 0.21250000000000002 0.084375 0.1675925925925926
0 0.47369791666666666 0.21759259259259262 0.07864583333333333 0.1962962962962963
7 0.09661458333333334 0.24212962962962964 0.0328125 0.13425925925925927
6 0.7299479166666667 0.22546296296296298 0.09322916666666667 0.1712962962962963
