7 0.9356770833333333 0.33564814814814814 0.12760416666666666 0.6583333333333333
9 0.8247395833333334 0.47638888888888886 0.35052083333333334 0.9527777777777777
9 0.20598958333333334 0.4986111111111111 0.4119791666666667 0.9972222222222222
7 0.6179687500000001 0.3138888888888889 0.0765625 0.2814814814814815
7 0.8395833333333333 0.29212962962962963 0.08229166666666667 0.3972222222222222
6 0.6278645833333333 0.37777777777777777 0.1015625 0.25555555555555554
9 0.4703125 0.26064814814814813 0.06041666666666667 0.17314814814814813
9 0.3731770833333333 0.31296296296296294 0.0765625 0.40185185185185185
7 0.5018229166666667 0.2671296296296296 0.0296875 0.15833333333333333
7 0.7958333333333333 0.31851851851851853 0.14895833333333333 0.48333333333333334
