9 0.5838541666666666 0.18333333333333335 0.12708333333333333 0.34814814814814815
9 0.41354166666666664 0.08842592592592594 0.053125 0.1287037037037037
9 0.8020833333333333 0.47824074074074074 0.3958333333333333 0.9564814814814815
9 0.20390625 0.4060185185185185 0.3671875 0.812037037037037
6 0.5083333333333333 0.11898148148148148 0.0375 0.11018518518518519
7 0.9281250000000001 0.3087962962962963 0.14270833333333333 0.6175925925925926
7 0.8289062500000001 0.38055555555555554 0.2682291666666667 0.7611111111111111
7 0.46171875 0.16018518518518518 0.050520833333333334 0.32037037037037036
7 0.3677083333333333 0.10462962962962963 0.030208333333333334 0.12962962962962962
7 0.5888020833333333 0.12916666666666668 0.06302083333333333 0.25833333333333336
7 0.5520833333333333 0.11805555555555555 0.052083333333333336 0.2361111111111111
