0 0.5885416666666666 0.2449074074074074 0.11354166666666667 0.20092592592592592
3 0.1359375 0.25787037037037036 0.07083333333333333 0.09907407407407408
3 0.5145833333333333 0.23703703703703705 0.036458333333333336 0.07222222222222222
7 0.16744791666666667 0.2625 0.018229166666666668 0.08981481481481482
7 0.4895833333333333 0.2476851851851852 0.027083333333333334 0.11574074074074074
7 0.18307291666666667 0.2587962962962963 0.0140625 0.06944444444444445
7 0.1953125 0.25555555555555554 0.013541666666666667 0.05555555555555555
7 0.734375 0.23564814814814813 0.04583333333333333 0.1824074074074074
7 0.759375 0.2111111111111111 0.023958333333333335 0.10925925925925926
9 0.7153645833333334 0.24907407407407406 0.11197916666666667 0.22592592592592592
6 0.8981770833333333 0.26296296296296295 0.0703125 0.12037037037037036
6 0.31796875 0.29583333333333334 0.03697916666666667 0.11203703703703703
9 0.42447916666666663 0.27222222222222225 0.07708333333333334 0.22037037037037038
8 0.054427083333333334 0.3 0.10885416666666667 0.22592592592592592
0 0.23177083333333334 0.27175925925925926 0.06354166666666666 0.16944444444444445
7 0.3171875 0.2606481481481482 0.040625 0.125
2 0.38515625 0.20416666666666666 0.058854166666666666 0.12685185185185185
9 0.29244791666666664 0.23842592592592593 0.0234375 0.06388888888888888
