1 0.9424479166666666 0.36203703703703705 0.1140625 0.2962962962962963
7 0.8458333333333333 0.19675925925925924 0.04791666666666667 0.28055555555555556
7 0.5593750000000001 0.2111111111111111 0.06458333333333334 0.2462962962962963
1 0.56015625 0.3101851851851852 0.0609375 0.20185185185185187
7 0.7901041666666667 0.19305555555555556 0.057291666666666664 0.20462962962962963
9 0.30755208333333334 0.30462962962962964 0.2359375 0.6092592592592593
7 0.6544270833333334 0.16435185185185186 0.025520833333333333 0.1638888888888889
7 0.9588541666666666 0.25 0.07604166666666666 0.43703703703703706
0 0.4981770833333333 0.17453703703703705 0.06614583333333333 0.19166666666666668
7 0.11380208333333333 0.16064814814814815 0.04114583333333333 0.10833333333333334
7 0.5151041666666667 0.15462962962962962 0.021875 0.10185185185185185
0 0.18203125 0.19166666666666665 0.05677083333333333 0.24259259259259258
