7 0.5028645833333334 0.2787037037037037 0.0203125 0.09444444444444444
0 0.20885416666666667 0.312962962962963 0.08854166666666667 0.24259259259259258
7 0.45989583333333334 0.2662037037037037 0.022916666666666665 0.08796296296296297
0 0.13463541666666667 0.30138888888888893 0.0796875 0.19907407407407407
9 0.07057291666666667 0.35185185185185186 0.10364583333333334 0.17407407407407408
7 0.019270833333333334 0.362962962962963 0.03854166666666667 0.24814814814814815
7 0.07369791666666667 0.31805555555555554 0.044270833333333336 0.14722222222222223
0 0.2677083333333333 0.2865740740740741 0.042708333333333334 0.11944444444444445
9 0.47786458333333337 0.2898148148148148 0.0484375 0.12407407407407407
7 0.4817708333333333 0.27037037037037037 0.029166666666666667 0.1111111111111111
7 0.5304687499999999 0.274537037037037 0.021354166666666667 0.11203703703703703
0 0.5578124999999999 0.2689814814814815 0.071875 0.1361111111111111
0 0.3846354166666667 0.3560185185185185 0.17760416666666667 0.38055555555555554
