0 0.9338541666666667 0.32083333333333336 0.125 0.5064814814814815
7 0.03854166666666667 0.16157407407407406 0.05520833333333333 0.11203703703703703
9 0.10364583333333333 0.4685185185185185 0.20520833333333333 0.37777777777777777
7 0.5234375 0.2967592592592593 0.121875 0.4787037037037037
7 0.07291666666666666 0.19537037037037036 0.042708333333333334 0.09444444444444444
7 0.8507812499999999 0.29074074074074074 0.06822916666666666 0.25
7 0.6817708333333333 0.39768518518518514 0.24166666666666667 0.649074074074074
6 0.11276041666666667 0.3398148148148148 0.2078125 0.25925925925925924
0 0.5385416666666667 0.5 0.69375 1.0
9 0.8140624999999999 0.30648148148148147 0.103125 0.27037037037037037
