0 0.3609375 0.22222222222222224 0.09166666666666666 0.26481481481481484
0 0.5296875 0.22962962962962963 0.103125 0.30925925925925923
9 0.1046875 0.20277777777777778 0.06979166666666667 0.14629629629629629
9 0.14296875 0.6574074074074074 0.2859375 0.6833333333333333
9 0.29140625 0.18981481481481483 0.0515625 0.15
9 0.24479166666666666 0.2125 0.078125 0.20092592592592592
9 0.46015625 0.1736111111111111 0.027604166666666666 0.075
9 0.7796875 0.17685185185185187 0.103125 0.20185185185185187
6 0.44244791666666666 0.18796296296296297 0.018229166666666668 0.053703703703703705
7 0.5588541666666667 0.18518518518518517 0.035416666666666666 0.1648148148148148
7 0.14192708333333334 0.20046296296296295 0.034895833333333334 0.14166666666666666
7 0.6640625 0.22777777777777777 0.06041666666666667 0.3111111111111111
7 0.5247395833333333 0.17824074074074076 0.06614583333333333 0.14537037037037037
7 0.08958333333333333 0.274537037037037 0.17916666666666667 0.4564814814814815
7 0.44427083333333334 0.1736111111111111 0.021875 0.07314814814814814
