0 0.07083333333333333 0.39490740740740743 0.14166666666666666 0.45092592592592595
7 0.5848958333333333 0.24305555555555555 0.019791666666666666 0.08425925925925926
7 0.7645833333333334 0.3805555555555556 0.175 0.562962962962963
7 0.9236979166666667 0.24722222222222223 0.0234375 0.12222222222222222
0 0.35078125 0.31342592592592594 0.1328125 0.3824074074074074
7 0.8664062499999999 0.24444444444444446 0.024479166666666666 0.15
7 0.6770833333333334 0.20879629629629629 0.07395833333333333 0.26944444444444443
9 0.27499999999999997 0.2532407407407407 0.030208333333333334 0.09907407407407408
7 0.43645833333333334 0.2236111111111111 0.028125 0.1675925925925926
6 0.7755208333333333 0.48935185185185187 0.23125 0.4287037037037037
9 0.22838541666666667 0.29444444444444445 0.09322916666666667 0.26481481481481484
0 0.5247395833333334 0.24537037037037038 0.0578125 0.14814814814814814
8 0.13333333333333333 0.2662037037037037 0.05 0.14537037037037037
8 0.16744791666666667 0.2606481481481482 0.034895833333333334 0.13796296296296295
