3 0.8268229166666666 0.2462962962962963 0.07447916666666667 0.10555555555555556
0 0.27239583333333334 0.22175925925925927 0.040625 0.10462962962962963
9 0.35833333333333334 0.3337962962962963 0.19166666666666668 0.4638888888888889
9 0.5046875000000001 0.2773148148148148 0.06875 0.12129629629629629
9 0.159375 0.23935185185185187 0.04791666666666667 0.08611111111111111
9 0.10755208333333334 0.49537037037037035 0.21510416666666668 0.9907407407407407
9 0.21197916666666666 0.3236111111111111 0.0875 0.14722222222222223
7 0.20625000000000002 0.2388888888888889 0.05625 0.09814814814814815
7 0.6531250000000001 0.22592592592592592 0.041666666666666664 0.22592592592592592
7 0.29739583333333336 0.24027777777777776 0.07395833333333333 0.22870370370370371
7 0.17578125 0.21620370370370368 0.022395833333333334 0.06574074074074074
7 0.15859375 0.22037037037037036 0.0265625 0.07037037037037037
