7 0.51015625 0.1486111111111111 0.04635416666666667 0.18425925925925926
9 0.41354166666666664 0.2111111111111111 0.11979166666666667 0.3388888888888889
7 0.4359375 0.1574074074074074 0.0625 0.2814814814814815
7 0.34791666666666665 0.1398148148148148 0.017708333333333333 0.09444444444444444
9 0.5361979166666666 0.19166666666666665 0.1328125 0.3296296296296296
9 0.17213541666666665 0.37824074074074077 0.34322916666666664 0.7564814814814815
6 0.8356770833333333 0.2652777777777778 0.14322916666666666 0.25833333333333336
7 0.3919270833333333 0.15462962962962962 0.0546875 0.23148148148148148
7 0.5640624999999999 0.16249999999999998 0.06041666666666667 0.25277777777777777
7 0.31354166666666666 0.11435185185185184 0.022916666666666665 0.08055555555555556
9 0.31276041666666665 0.13055555555555554 0.033854166666666664 0.12962962962962962
