7 0.5216145833333333 0.2939814814814815 0.05364583333333333 0.20277777777777778
7 0.91171875 0.28703703703703703 0.05364583333333333 0.21851851851851853
9 0.8872395833333333 0.30046296296296293 0.1046875 0.2675925925925926
6 0.4614583333333333 0.4375 0.14270833333333333 0.39166666666666666
7 0.559375 0.2847222222222222 0.036458333333333336 0.18981481481481483
7 0.023697916666666666 0.3976851851851852 0.04739583333333333 0.39537037037037037
7 0.8380208333333334 0.262037037037037 0.017708333333333333 0.07222222222222222
6 0.24453124999999998 0.5657407407407407 0.2609375 0.5925925925925926
0 0.7515625 0.2662037037037037 0.059375 0.1398148148148148
0 0.7000000000000001 0.2550925925925926 0.04895833333333333 0.11574074074074074
0 0.8109375 0.25787037037037036 0.04375 0.06944444444444445
6 0.6645833333333333 0.2712962962962963 0.019791666666666666 0.07222222222222222
