7 0.8645833333333334 0.23148148148148148 0.022916666666666665 0.05740740740740741
9 0.7606770833333334 0.2601851851851852 0.034895833333333334 0.05555555555555555
3 0.6807291666666667 0.23657407407407408 0.03333333333333333 0.07314814814814814
5 0.3236979166666667 0.2564814814814815 0.2640625 0.3351851851851852
3 0.7309895833333333 0.22685185185185186 0.034895833333333334 0.053703703703703705
7 0.7588541666666667 0.22685185185185186 0.021875 0.040740740740740744
6 0.8643229166666667 0.24814814814814815 0.022395833333333334 0.05740740740740741
0 0.8315104166666667 0.22824074074074074 0.0140625 0.03796296296296296
0 0.5403645833333334 0.3462962962962963 0.21822916666666667 0.5222222222222223
3 0.64140625 0.24675925925925923 0.0703125 0.10648148148148148
0 0.7955729166666666 0.22916666666666669 0.0171875 0.04537037037037037
