0 0.09218749999999999 0.3333333333333333 0.18125 0.5814814814814815
9 0.5234375 0.21666666666666667 0.03958333333333333 0.0962962962962963
9 0.371875 0.3314814814814815 0.23958333333333334 0.662962962962963
9 0.5 0.2013888888888889 0.036458333333333336 0.10277777777777777
9 0.46770833333333334 0.2064814814814815 0.0375 0.1648148148148148
9 0.22708333333333333 0.22083333333333335 0.03125 0.062037037037037036
6 0.6619791666666667 0.3435185185185185 0.10104166666666667 0.2722222222222222
7 0.7877604166666667 0.22453703703703703 0.033854166666666664 0.18611111111111112
7 0.24505208333333334 0.20324074074074072 0.0171875 0.08981481481481482
7 0.7611979166666667 0.2023148148148148 0.0234375 0.17314814814814813
7 0.5453125 0.20416666666666666 0.015625 0.11018518518518519
7 0.6661458333333333 0.2537037037037037 0.090625 0.2537037037037037
7 0.5604166666666666 0.22083333333333333 0.029166666666666667 0.14537037037037037
7 0.62578125 0.2439814814814815 0.0390625 0.2675925925925926
7 0.46432291666666664 0.1912037037037037 0.027604166666666666 0.08611111111111111
