9 0.503125 0.28564814814814815 0.04895833333333333 0.11388888888888889
7 0.4791666666666667 0.27546296296296297 0.015625 0.08055555555555556
7 0.6598958333333333 0.2782407407407408 0.03229166666666667 0.1527777777777778
6 0.7328125 0.25462962962962965 0.08645833333333333 0.10925925925925926
7 0.6046874999999999 0.2708333333333333 0.03229166666666667 0.14351851851851852
0 0.3278645833333333 0.2810185185185185 0.018229166666666668 0.05092592592592592
7 0.7130208333333333 0.24351851851851852 0.030208333333333334 0.15185185185185185
9 0.18854166666666666 0.44305555555555554 0.22604166666666667 0.5583333333333333
3 0.3567708333333333 0.2935185185185185 0.04583333333333333 0.06481481481481481
0 0.41640625 0.28935185185185186 0.043229166666666666 0.13055555555555556
0 0.28854166666666664 0.3101851851851852 0.05520833333333333 0.18333333333333332
