7 0.31223958333333335 0.22824074074074074 0.04010416666666667 0.125
0 0.1578125 0.23842592592592593 0.065625 0.175
7 0.4765625 0.2134259259259259 0.017708333333333333 0.07685185185185185
9 0.6382812499999999 0.22314814814814815 0.0953125 0.15
0 0.21067708333333335 0.2263888888888889 0.0515625 0.13796296296296295
9 0.6286458333333333 0.225 0.051041666666666666 0.14814814814814814
9 0.07916666666666666 0.22546296296296298 0.065625 0.18796296296296297
0 0.875 0.27499999999999997 0.25 0.44814814814814813
7 0.3627604166666667 0.2148148148148148 0.015104166666666667 0.07222222222222222
6 0.31380208333333337 0.26064814814814813 0.04010416666666667 0.11018518518518519
7 0.27682291666666664 0.21527777777777776 0.0296875 0.08055555555555556
7 0.7192708333333333 0.2263888888888889 0.071875 0.18611111111111112
7 0.41640625 0.21018518518518517 0.0203125 0.07407407407407407
7 0.0140625 0.30648148148148147 0.028125 0.3111111111111111
7 0.11223958333333334 0.2138888888888889 0.019270833333333334 0.10185185185185185
6 0.2690104166666667 0.24166666666666664 0.0421875 0.07222222222222222
6 0.5757812499999999 0.23657407407407408 0.028645833333333332 0.08425925925925926
6 0.7177083333333333 0.27314814814814814 0.07604166666666666 0.16666666666666666
7 0.6606770833333333 0.21435185185185185 0.0265625 0.11574074074074074
7 0.57890625 0.21712962962962964 0.019270833333333334 0.09907407407407408
0 0.5106770833333334 0.2101851851851852 0.049479166666666664 0.10555555555555556
6 0.415625 0.22916666666666669 0.020833333333333332 0.062037037037037036
