7 0.12265625000000001 0.3189814814814815 0.028645833333333332 0.14722222222222223
7 0.06432291666666667 0.3231481481481482 0.043229166666666666 0.17222222222222222
7 0.25234375 0.2902777777777778 0.0171875 0.05277777777777778
7 0.23854166666666668 0.28703703703703703 0.013541666666666667 0.07037037037037037
7 0.8291666666666666 0.28564814814814815 0.019791666666666666 0.07685185185185185
3 0.35494791666666664 0.2967592592592592 0.03177083333333333 0.06944444444444445
0 0.4630208333333333 0.2972222222222222 0.052083333333333336 0.14814814814814814
0 0.49505208333333334 0.2740740740740741 0.0203125 0.05740740740740741
7 0.33828125000000003 0.3101851851851852 0.024479166666666666 0.10925925925925926
7 0.39453125 0.2865740740740741 0.0171875 0.08611111111111111
7 0.8822916666666667 0.29583333333333334 0.017708333333333333 0.08425925925925926
7 0.971875 0.30046296296296293 0.053125 0.2064814814814815
6 0.28828125000000004 0.3203703703703704 0.04010416666666667 0.07777777777777778
6 0.5263020833333333 0.2902777777777778 0.013020833333333334 0.03796296296296296
6 0.22812500000000002 0.33194444444444443 0.0875 0.09907407407407408
9 0.94375 0.3300925925925926 0.1125 0.18796296296296297
9 0.8463541666666667 0.2949074074074074 0.06145833333333333 0.15092592592592594
0 0.03854166666666667 0.4268518518518518 0.07395833333333333 0.5796296296296296
