6 0.8997395833333333 0.3666666666666667 0.07135416666666666 0.12407407407407407
9 0.71953125 0.29583333333333334 0.03697916666666667 0.09166666666666666
7 0.7440104166666667 0.29583333333333334 0.0171875 0.07685185185185185
7 0.6776041666666667 0.36435185185185187 0.057291666666666664 0.31574074074074077
7 0.4903645833333333 0.34490740740740744 0.07552083333333333 0.2861111111111111
0 0.7690104166666667 0.30787037037037035 0.04635416666666667 0.10462962962962963
9 0.8507812499999999 0.3175925925925926 0.059895833333333336 0.1425925925925926
7 0.9106770833333333 0.34675925925925927 0.03697916666666667 0.15833333333333333
0 0.5869791666666667 0.2722222222222222 0.053125 0.06481481481481481
7 0.9484375 0.3597222222222222 0.042708333333333334 0.1935185185185185
9 0.9744791666666667 0.3699074074074074 0.051041666666666666 0.21944444444444444
0 0.6330729166666667 0.2828703703703704 0.044270833333333336 0.11574074074074074
3 0.22213541666666667 0.5648148148148149 0.44427083333333334 0.7981481481481482
7 0.48072916666666665 0.312037037037037 0.035416666666666666 0.23333333333333334
7 0.8703124999999999 0.3101851851851852 0.036458333333333336 0.11296296296296296
7 0.6544270833333333 0.32592592592592595 0.03697916666666667 0.19074074074074074
7 0.7809895833333333 0.29583333333333334 0.024479166666666666 0.06574074074074074
7 0.7213541666666667 0.2833333333333333 0.017708333333333333 0.06851851851851852
7 0.8080729166666667 0.30648148148148147 0.016145833333333335 0.08703703703703704
7 0.6333333333333333 0.2712962962962963 0.020833333333333332 0.06296296296296296
0 0.4471354166666667 0.2847222222222222 0.15572916666666667 0.23055555555555557
