7 0.0171875 0.3365740740740741 0.034375 0.44351851851851853
7 0.7664062500000001 0.2875 0.14010416666666667 0.36018518518518516
7 0.5372395833333333 0.20925925925925926 0.06614583333333333 0.2962962962962963
7 0.9486979166666667 0.33472222222222225 0.10052083333333334 0.4564814814814815
7 0.9338541666666667 0.1587962962962963 0.04583333333333333 0.12685185185185185
9 0.5346354166666667 0.26481481481481484 0.09635416666666667 0.40370370370370373
0 0.7421875 0.39490740740740743 0.27708333333333335 0.5861111111111111
7 0.8510416666666667 0.19027777777777777 0.09583333333333334 0.35648148148148145
9 0.3177083333333333 0.49907407407407406 0.48541666666666666 0.9981481481481481
9 0.85859375 0.3175925925925926 0.1671875 0.4666666666666667
