7 0.22291666666666668 0.31574074074074077 0.028125 0.19074074074074074
7 0.80625 0.35648148148148145 0.16458333333333333 0.5796296296296296
0 0.44296875 0.28425925925925927 0.07135416666666666 0.22962962962962963
0 0.7484375000000001 0.3449074074074074 0.2635416666666667 0.5675925925925925
7 0.10755208333333333 0.2574074074074074 0.025520833333333333 0.13518518518518519
0 0.38203125 0.27083333333333337 0.0484375 0.16574074074074074
7 0.9489583333333333 0.21620370370370373 0.03854166666666667 0.15092592592592594
7 0.25416666666666665 0.3398148148148148 0.058333333333333334 0.2851851851851852
0 0.5541666666666667 0.31712962962962965 0.16041666666666668 0.38796296296296295
7 0.3791666666666667 0.2708333333333333 0.036458333333333336 0.10277777777777777
0 0.29713541666666665 0.2726851851851852 0.043229166666666666 0.11574074074074074
7 0.16015625 0.3625 0.06197916666666667 0.27685185185185185
7 0.9143229166666667 0.2162037037037037 0.0671875 0.20092592592592592
7 0.8619791666666666 0.22592592592592592 0.06354166666666666 0.2037037037037037
0 0.7927083333333333 0.4606481481481482 0.41458333333333336 0.850925925925926
9 0.17890625 0.31157407407407406 0.06927083333333334 0.1935185185185185
