7 0.4908854166666667 0.21435185185185185 0.044270833333333336 0.2101851851851852
9 0.41484375 0.2013888888888889 0.043229166666666666 0.14537037037037037
7 0.4158854166666667 0.18796296296296297 0.028645833333333332 0.10925925925925926
9 0.47786458333333337 0.2337962962962963 0.08489583333333334 0.275
7 0.03307291666666667 0.13981481481481484 0.043229166666666666 0.16296296296296298
9 0.8596354166666667 0.44907407407407407 0.28072916666666664 0.3611111111111111
7 0.3846354166666666 0.18148148148148147 0.0203125 0.08703703703703704
6 0.8997395833333334 0.22824074074074074 0.13697916666666668 0.19166666666666668
3 0.14427083333333335 0.2490740740740741 0.14375 0.1925925925925926
9 0.3807291666666667 0.19027777777777777 0.03854166666666667 0.11388888888888889
0 0.30494791666666665 0.23703703703703705 0.10052083333333334 0.29074074074074074
0 0.21927083333333333 0.19074074074074074 0.051041666666666666 0.12222222222222222
0 0.3510416666666667 0.18009259259259258 0.029166666666666667 0.1175925925925926
