3 0.6330729166666667 0.2097222222222222 0.03802083333333333 0.08981481481481482
0 0.5703125 0.21296296296296297 0.046875 0.12037037037037036
0 0.39218749999999997 0.2532407407407407 0.05520833333333333 0.15648148148148147
0 0.9367187499999999 0.2662037037037037 0.1265625 0.5324074074074074
9 0.17291666666666666 0.48333333333333334 0.228125 0.3648148148148148
9 0.8664062499999999 0.29305555555555557 0.23489583333333333 0.425
9 0.31796875 0.2953703703703704 0.1421875 0.21666666666666667
9 0.8385416666666666 0.312037037037037 0.18854166666666666 0.2537037037037037
9 0.534375 0.2175925925925926 0.03854166666666667 0.10555555555555556
6 0.4994791666666667 0.2611111111111111 0.042708333333333334 0.09074074074074075
6 0.6640625 0.2791666666666667 0.05520833333333333 0.15648148148148147
7 0.2932291666666667 0.2865740740740741 0.052083333333333336 0.20092592592592592
7 0.8158854166666667 0.19675925925925924 0.04635416666666667 0.1361111111111111
7 0.19713541666666667 0.3138888888888889 0.1203125 0.17962962962962964
7 0.6606770833333333 0.24398148148148147 0.0484375 0.19537037037037036
7 0.7763020833333334 0.2351851851851852 0.07239583333333334 0.2388888888888889
7 0.49505208333333334 0.2361111111111111 0.04010416666666667 0.1037037037037037
7 0.7231770833333333 0.2324074074074074 0.0421875 0.23703703703703705
7 0.8408854166666666 0.12638888888888888 0.04010416666666667 0.225
