0 0.8044270833333332 0.23796296296296296 0.2359375 0.40555555555555556
9 0.16015625 0.4962962962962963 0.3203125 0.9925925925925926
9 0.6447916666666667 0.2 0.11041666666666666 0.29444444444444445
9 0.3052083333333333 0.2569444444444444 0.18229166666666666 0.5101851851851852
9 0.5559895833333334 0.20462962962962963 0.10364583333333334 0.22037037037037038
9 0.43828125 0.17222222222222222 0.04739583333333333 0.16666666666666666
6 0.9445312499999999 0.2800925925925926 0.07864583333333333 0.27870370370370373
7 0.4513020833333333 0.17453703703703705 0.0359375 0.1287037037037037
7 0.5364583333333333 0.2013888888888889 0.036458333333333336 0.21944444444444444
7 0.96875 0.19074074074074074 0.06145833333333333 0.3037037037037037
7 0.89375 0.22685185185185186 0.06979166666666667 0.2851851851851852
7 0.5130208333333334 0.16157407407407406 0.026041666666666668 0.1398148148148148
7 0.8359375 0.18148148148148147 0.05520833333333333 0.14444444444444443
7 0.79453125 0.19537037037037036 0.06614583333333333 0.1814814814814815
7 0.40494791666666663 0.19305555555555554 0.033854166666666664 0.20092592592592592
