3 0.09817708333333333 0.33194444444444443 0.11927083333333334 0.175
0 0.24661458333333333 0.2986111111111111 0.0828125 0.21574074074074073
7 0.1875 0.29907407407407405 0.035416666666666666 0.1648148148148148
7 0.5760416666666667 0.28425925925925927 0.03333333333333333 0.09259259259259259
6 0.38776041666666666 0.3236111111111111 0.03697916666666667 0.10648148148148148
0 0.32916666666666666 0.2814814814814815 0.035416666666666666 0.1037037037037037
7 0.70625 0.2935185185185185 0.046875 0.22037037037037038
7 0.6708333333333334 0.2777777777777778 0.04583333333333333 0.17962962962962964
7 0.5393229166666667 0.2787037037037037 0.0171875 0.07592592592592592
7 0.38828125 0.29120370370370374 0.03697916666666667 0.125
6 0.5765625 0.30833333333333335 0.035416666666666666 0.09814814814814815
6 0.5169270833333334 0.30694444444444446 0.033854166666666664 0.08611111111111111
0 0.4239583333333334 0.27546296296296297 0.034375 0.08981481481481482
9 0.6947916666666667 0.3060185185185185 0.10625 0.2564814814814815
7 0.5169270833333333 0.2837962962962963 0.0328125 0.09722222222222222
6 0.7830729166666667 0.3185185185185185 0.0390625 0.06481481481481481
7 0.7739583333333333 0.2685185185185185 0.0125 0.06481481481481481
9 0.46380208333333334 0.2759259259259259 0.03177083333333333 0.08333333333333333
7 0.30390625000000004 0.27175925925925926 0.0109375 0.04351851851851852
0 0.9020833333333333 0.3310185185185185 0.19583333333333333 0.33240740740740743
3 0.13489583333333333 0.2875 0.12083333333333333 0.18796296296296297
