0 0.3122395833333333 0.29953703703703705 0.05364583333333333 0.1398148148148148
7 0.37395833333333334 0.2884259259259259 0.03854166666666667 0.13240740740740742
7 0.32291666666666663 0.29305555555555557 0.026041666666666668 0.09907407407407408
7 0.5611979166666667 0.3143518518518519 0.0578125 0.2324074074074074
7 0.421875 0.2837962962962963 0.017708333333333333 0.10092592592592593
9 0.3614583333333333 0.31157407407407406 0.06458333333333334 0.1675925925925926
0 0.5916666666666667 0.3300925925925926 0.21041666666666667 0.44537037037037036
7 0.34843749999999996 0.2824074074074074 0.026041666666666668 0.10925925925925926
0 0.15104166666666666 0.5208333333333333 0.29791666666666666 0.8527777777777777
7 0.5187499999999999 0.30833333333333335 0.03229166666666667 0.24074074074074073
9 0.2739583333333333 0.28564814814814815 0.030208333333333334 0.10462962962962963
11 0.4010416666666667 0.2759259259259259 0.042708333333333334 0.1111111111111111
