0 0.2903645833333333 0.17777777777777778 0.0296875 0.07777777777777778
7 0.77734375 0.1736111111111111 0.030729166666666665 0.1398148148148148
9 0.09166666666666666 0.3050925925925926 0.18333333333333332 0.5212962962962963
9 0.24765625 0.19027777777777777 0.0390625 0.10648148148148148
0 0.20078125 0.20972222222222223 0.058854166666666666 0.15462962962962962
0 0.3950520833333333 0.24722222222222223 0.1515625 0.4388888888888889
0 0.6619791666666667 0.175 0.1125 0.20185185185185187
7 0.5890624999999999 0.2569444444444444 0.08645833333333333 0.4324074074074074
0 0.9489583333333333 0.19675925925925924 0.09479166666666666 0.38796296296296295
7 0.8473958333333333 0.18101851851851852 0.046875 0.17314814814814813
0 0.5229166666666667 0.17824074074074076 0.07291666666666667 0.175
0 0.30989583333333337 0.16898148148148145 0.022916666666666665 0.0824074074074074
