7 0.5434895833333333 0.2861111111111111 0.0515625 0.1962962962962963
9 0.20729166666666668 0.5 0.40625 1.0
0 0.3770833333333333 0.29074074074074074 0.03333333333333333 0.19074074074074074
7 0.44661458333333337 0.3305555555555556 0.06927083333333334 0.2814814814814815
9 0.5544270833333333 0.3236111111111111 0.09427083333333333 0.24351851851851852
7 0.4830729166666667 0.274537037037037 0.027604166666666666 0.11574074074074074
0 0.78046875 0.5 0.4390625 1.0
7 0.43697916666666664 0.2638888888888889 0.017708333333333333 0.07222222222222222
9 0.4309895833333333 0.274537037037037 0.0453125 0.11944444444444445
9 0.48203124999999997 0.287962962962963 0.0359375 0.14629629629629629
