7 0.5005208333333333 0.2375 0.022916666666666665 0.10648148148148148
0 0.17760416666666667 0.30972222222222223 0.190625 0.5861111111111111
6 0.5234375 0.27037037037037037 0.04583333333333333 0.12407407407407407
6 0.6947916666666666 0.30324074074074076 0.07604166666666666 0.16574074074074074
6 0.03958333333333334 0.26435185185185184 0.06875 0.11018518518518519
0 0.3364583333333333 0.22685185185185186 0.053125 0.13518518518518519
7 0.062239583333333334 0.20972222222222223 0.021354166666666667 0.0787037037037037
3 0.39869791666666665 0.26990740740740743 0.13489583333333333 0.1675925925925926
7 0.45989583333333334 0.2375 0.029166666666666667 0.1361111111111111
7 0.5726562500000001 0.25555555555555554 0.0453125 0.20185185185185187
7 0.6041666666666666 0.2740740740740741 0.075 0.24074074074074073
7 0.5169270833333334 0.2537037037037037 0.033854166666666664 0.11666666666666667
6 0.6002604166666666 0.33935185185185185 0.09322916666666667 0.25277777777777777
6 0.8002604166666667 0.3208333333333333 0.11614583333333334 0.22314814814814815
