3 0.28984375 0.34259259259259256 0.2682291666666667 0.28703703703703703
3 0.18203125 0.5810185185185186 0.3640625 0.8231481481481482
0 0.6723958333333333 0.2606481481481482 0.036458333333333336 0.10833333333333334
0 0.6385416666666667 0.25555555555555554 0.035416666666666666 0.08333333333333333
7 0.6072916666666667 0.25972222222222224 0.0125 0.06944444444444445
9 0.42265625 0.29074074074074074 0.07239583333333334 0.21851851851851853
0 0.7145833333333333 0.25833333333333336 0.035416666666666666 0.1
2 0.5244791666666667 0.21203703703703702 0.13958333333333334 0.18333333333333332
0 0.8770833333333333 0.2912037037037037 0.06354166666666666 0.1675925925925926
9 0.4791666666666667 0.2875 0.14791666666666667 0.23425925925925925
2 0.77421875 0.2212962962962963 0.05572916666666667 0.05
7 0.37786458333333334 0.23194444444444445 0.03177083333333333 0.08055555555555556
9 0.7716145833333333 0.26990740740740743 0.03697916666666667 0.06574074074074074
