9 0.35 0.20740740740740743 0.07291666666666667 0.11666666666666667
7 0.5760416666666667 0.19351851851851853 0.026041666666666668 0.1
7 0.41875 0.175 0.03854166666666667 0.11666666666666667
6 0.4197916666666667 0.21203703703703702 0.03958333333333333 0.11481481481481481
7 0.3299479166666667 0.16064814814814815 0.024479166666666666 0.10833333333333334
7 0.31119791666666663 0.16527777777777777 0.0203125 0.09907407407407408
0 0.51171875 0.16203703703703703 0.050520833333333334 0.11851851851851852
9 0.546875 0.16249999999999998 0.030208333333333334 0.08425925925925926
7 0.36796875 0.15694444444444444 0.0296875 0.10092592592592593
7 0.5895833333333333 0.1537037037037037 0.01875 0.06851851851851852
