7 0.8351562499999999 0.25555555555555554 0.06302083333333333 0.20185185185185187
6 0.8364583333333333 0.31712962962962965 0.06979166666666667 0.18425925925925926
7 0.1765625 0.34490740740740744 0.07708333333333334 0.2916666666666667
0 0.6950520833333333 0.30462962962962964 0.1984375 0.5666666666666667
6 0.28541666666666665 0.3574074074074074 0.03958333333333333 0.14814814814814814
7 0.4497395833333333 0.2898148148148148 0.027604166666666666 0.16111111111111112
0 0.584375 0.24444444444444444 0.03229166666666667 0.07777777777777778
3 0.9210937499999999 0.21898148148148147 0.07552083333333333 0.06388888888888888
6 0.0984375 0.38287037037037036 0.15520833333333334 0.24722222222222223
7 0.3859375 0.3023148148148148 0.040625 0.2212962962962963
7 0.33619791666666665 0.3657407407407407 0.0796875 0.4759259259259259
7 0.21067708333333335 0.33796296296296297 0.0484375 0.3074074074074074
7 0.5591145833333333 0.2875 0.0359375 0.1787037037037037
7 0.421875 0.2986111111111111 0.03854166666666667 0.2101851851851852
7 0.53125 0.2518518518518518 0.022916666666666665 0.0962962962962963
7 0.24895833333333334 0.36064814814814816 0.059375 0.2824074074074074
9 0.51171875 0.275 0.1046875 0.21851851851851853
