9 0.09036458333333333 0.4685185185185185 0.18072916666666666 0.9333333333333333
9 0.65859375 0.28425925925925927 0.25677083333333334 0.5203703703703704
7 0.48854166666666665 0.20046296296296295 0.07916666666666666 0.4009259259259259
7 0.7278645833333334 0.15138888888888888 0.0890625 0.2861111111111111
7 0.21171875 0.18564814814814815 0.05260416666666667 0.28425925925925927
0 0.9244791666666667 0.2361111111111111 0.15104166666666666 0.43148148148148147
7 0.8283854166666667 0.2689814814814815 0.06614583333333333 0.3416666666666667
9 0.38749999999999996 0.31805555555555554 0.30416666666666664 0.6361111111111111
7 0.0640625 0.24305555555555555 0.121875 0.44166666666666665
7 0.7752604166666666 0.2638888888888889 0.03697916666666667 0.28888888888888886
