0 0.3669270833333333 0.3111111111111111 0.08072916666666667 0.24259259259259258
0 0.49609375 0.27824074074074073 0.0515625 0.13796296296296295
0 0.8557291666666667 0.5 0.28854166666666664 1.0
0 0.44869791666666664 0.2740740740740741 0.0359375 0.09444444444444444
9 0.17864583333333334 0.30694444444444446 0.041666666666666664 0.15648148148148147
9 0.2234375 0.30972222222222223 0.09375 0.25277777777777777
9 0.2950520833333333 0.28888888888888886 0.0546875 0.1388888888888889
9 0.09348958333333333 0.7268518518518519 0.18697916666666667 0.5462962962962963
6 0.4296875 0.2953703703703704 0.022916666666666665 0.07037037037037037
7 0.89609375 0.4444444444444444 0.18697916666666667 0.8425925925925926
7 0.68359375 0.2763888888888889 0.030729166666666665 0.15462962962962962
7 0.4296875 0.26805555555555555 0.026041666666666668 0.0712962962962963
7 0.05546875 0.2953703703703704 0.04010416666666667 0.17777777777777778
7 0.5528645833333333 0.2537037037037037 0.0171875 0.08333333333333333
