9 0.8203125 0.27175925925925926 0.19791666666666666 0.38796296296296295
9 0.36848958333333337 0.4527777777777778 0.3765625 0.9055555555555556
9 0.07083333333333333 0.4546296296296296 0.14166666666666666 0.8833333333333333
9 0.5619791666666667 0.20694444444444446 0.14479166666666668 0.27870370370370373
9 0.95546875 0.24814814814814815 0.0890625 0.4925925925925926
6 0.09661458333333334 0.2972222222222222 0.0703125 0.2388888888888889
7 0.6062500000000001 0.14953703703703702 0.021875 0.09351851851851851
7 0.7721354166666666 0.2638888888888889 0.05572916666666667 0.32407407407407407
7 0.7114583333333333 0.33749999999999997 0.11041666666666666 0.5898148148148148
7 0.09817708333333333 0.2462962962962963 0.06927083333333334 0.2814814814814815
7 0.9182291666666667 0.1699074074074074 0.04791666666666667 0.16574074074074074
7 0.8658854166666666 0.2449074074074074 0.07552083333333333 0.33055555555555555
7 0.16354166666666667 0.25416666666666665 0.0625 0.30462962962962964
7 0.12864583333333335 0.22268518518518518 0.03229166666666667 0.20092592592592592
7 0.5890624999999999 0.20694444444444443 0.040625 0.19537037037037036
