7 0.45208333333333334 0.2439814814814815 0.029166666666666667 0.11574074074074074
7 0.41666666666666663 0.22453703703703703 0.0375 0.11018518518518519
9 0.42682291666666666 0.2685185185185185 0.0671875 0.11851851851851852
7 0.17369791666666667 0.31712962962962965 0.12135416666666667 0.3675925925925926
7 0.5510416666666668 0.2523148148148148 0.0375 0.1361111111111111
6 0.18203125 0.4388888888888889 0.1015625 0.3111111111111111
7 0.8096354166666666 0.3050925925925926 0.09114583333333333 0.3101851851851852
0 0.5559895833333333 0.2712962962962963 0.19739583333333333 0.3814814814814815
9 0.28098958333333335 0.25787037037037036 0.028645833333333332 0.20092592592592592
0 0.34375 0.26666666666666666 0.1125 0.31296296296296294
9 0.23984375 0.26111111111111107 0.06614583333333333 0.17222222222222222
