9 0.27265625 0.33287037037037037 0.050520833333333334 0.2638888888888889
0 0.06302083333333333 0.42453703703703705 0.12604166666666666 0.600925925925926
9 0.6861979166666666 0.37777777777777777 0.19114583333333332 0.4351851851851852
7 0.7346354166666667 0.28564814814814815 0.0828125 0.36944444444444446
0 0.11197916666666667 0.32731481481481484 0.20104166666666667 0.3712962962962963
7 0.5330729166666667 0.27361111111111114 0.0484375 0.2212962962962963
0 0.23619791666666667 0.3138888888888889 0.050520833333333334 0.1814814814814815
7 0.9171874999999999 0.4300925925925926 0.16458333333333333 0.8009259259259259
9 0.5619791666666667 0.32546296296296295 0.12395833333333334 0.33240740740740743
0 0.8934895833333334 0.4930555555555556 0.21302083333333333 0.9861111111111112
7 0.57578125 0.2972222222222222 0.06614583333333333 0.24444444444444444
0 0.41041666666666665 0.45601851851851855 0.290625 0.7768518518518519
