7 0.6229166666666667 0.2412037037037037 0.04895833333333333 0.2638888888888889
9 0.40520833333333334 0.24537037037037038 0.07291666666666667 0.22037037037037038
6 0.0890625 0.3138888888888889 0.052083333333333336 0.17962962962962964
7 0.4802083333333333 0.2513888888888889 0.059375 0.2824074074074074
7 0.4197916666666667 0.22361111111111112 0.0375 0.16944444444444445
3 0.16770833333333332 0.22546296296296295 0.08125 0.07314814814814814
3 0.31171875 0.23287037037037037 0.06510416666666667 0.08796296296296297
7 0.5026041666666666 0.23194444444444445 0.040625 0.18611111111111112
9 0.51640625 0.32685185185185184 0.1453125 0.3962962962962963
9 0.3677083333333333 0.22453703703703703 0.030208333333333334 0.10462962962962963
9 0.2559895833333333 0.2421296296296296 0.0703125 0.175
7 0.39895833333333336 0.21388888888888888 0.03854166666666667 0.14814814814814814
7 0.54296875 0.28055555555555556 0.0640625 0.34814814814814815
6 0.17578125 0.26111111111111107 0.034895833333333334 0.07407407407407407
