7 0.4984375 0.18472222222222223 0.029166666666666667 0.11574074074074074
9 0.36953125 0.16296296296296298 0.025520833333333333 0.0962962962962963
9 0.5278645833333333 0.1763888888888889 0.08697916666666666 0.13240740740740742
7 0.3697916666666667 0.1574074074074074 0.019791666666666666 0.08518518518518518
7 0.40494791666666663 0.16898148148148148 0.018229166666666668 0.08425925925925926
7 0.8263020833333333 0.23564814814814816 0.06927083333333334 0.30092592592592593
9 0.16692708333333334 0.16898148148148148 0.09010416666666667 0.08796296296296297
9 0.25703125 0.1824074074074074 0.0671875 0.1574074074074074
0 0.328125 0.17685185185185187 0.06770833333333333 0.19444444444444445
0 0.4809895833333333 0.17222222222222222 0.018229166666666668 0.10740740740740741
