0 0.5906250000000001 0.1550925925925926 0.08854166666666667 0.18981481481481483
7 0.5018229166666667 0.19490740740740742 0.04635416666666667 0.24166666666666667
3 0.28880208333333335 0.40555555555555556 0.4671875 0.6722222222222223
0 0.7018229166666666 0.1337962962962963 0.03177083333333333 0.08611111111111111
7 0.5348958333333333 0.18518518518518517 0.036458333333333336 0.22962962962962963
7 0.6645833333333333 0.14305555555555555 0.035416666666666666 0.10277777777777777
0 0.76796875 0.14166666666666666 0.04635416666666667 0.09259259259259259
7 0.8716145833333334 0.15787037037037038 0.04114583333333333 0.12314814814814815
0 0.9559895833333334 0.20833333333333334 0.08802083333333334 0.2814814814814815
0 0.7265625 0.13055555555555556 0.019791666666666666 0.06296296296296296
7 0.7971354166666667 0.17407407407407405 0.03802083333333333 0.1648148148148148
6 0.8739583333333334 0.18333333333333335 0.07291666666666667 0.11666666666666667
0 0.0625 0.2351851851851852 0.125 0.4703703703703704
0 0.8252604166666666 0.13842592592592592 0.03177083333333333 0.075
7 0.7802083333333333 0.125 0.016666666666666666 0.05185185185185185
7 0.7002604166666666 0.12592592592592594 0.016145833333333335 0.05555555555555555
9 0.1390625 0.10648148148148148 0.05 0.10925925925925926
