7 0.5908854166666667 0.2222222222222222 0.0703125 0.22962962962962963
7 0.80078125 0.21574074074074073 0.08489583333333334 0.34629629629629627
0 0.5888020833333333 0.275 0.1421875 0.362962962962963
7 0.9544270833333334 0.39675925925925926 0.09010416666666667 0.6601851851851852
9 0.3158854166666667 0.49953703703703706 0.49114583333333334 0.9972222222222222
7 0.8434895833333333 0.2875 0.10677083333333333 0.3675925925925926
7 0.90234375 0.25601851851851853 0.049479166666666664 0.3472222222222222
9 0.75625 0.28564814814814815 0.18645833333333334 0.3972222222222222
7 0.019791666666666666 0.3055555555555556 0.03958333333333333 0.3574074074074074
9 0.9307291666666666 0.30092592592592593 0.090625 0.40370370370370373
