9 0.10442708333333334 0.41805555555555557 0.20885416666666667 0.5064814814814815
11 0.27317708333333335 0.3018518518518518 0.058854166666666666 0.11851851851851852
7 0.4 0.27546296296296297 0.029166666666666667 0.08055555555555556
7 0.7947916666666667 0.3074074074074074 0.16770833333333332 0.4074074074074074
7 0.9317708333333333 0.44212962962962965 0.13541666666666666 0.7527777777777778
9 0.39687500000000003 0.29305555555555557 0.03854166666666667 0.11203703703703703
9 0.4484375 0.3060185185185185 0.040625 0.0712962962962963
7 0.35052083333333334 0.2699074074074074 0.008333333333333333 0.05092592592592592
7 0.32369791666666664 0.26712962962962966 0.011979166666666667 0.04351851851851852
9 0.8075520833333334 0.4708333333333333 0.3848958333333333 0.9416666666666667
6 0.3065104166666667 0.2884259259259259 0.016145833333333335 0.04351851851851852
