0 0.3986979166666667 0.28101851851851856 0.0578125 0.15833333333333333
0 0.26171875 0.2583333333333333 0.03177083333333333 0.08888888888888889
0 0.4669270833333334 0.33425925925925926 0.0890625 0.2740740740740741
9 0.20755208333333333 0.3055555555555556 0.0984375 0.2518518518518518
6 0.5330729166666667 0.2851851851851852 0.043229166666666666 0.12037037037037036
6 0.07239583333333333 0.3625 0.035416666666666666 0.12685185185185185
7 0.5966145833333333 0.2851851851851852 0.0328125 0.22962962962962963
7 0.57109375 0.3333333333333333 0.03177083333333333 0.16111111111111112
7 0.4609375 0.29814814814814816 0.053125 0.17407407407407408
7 0.5096354166666667 0.2662037037037037 0.024479166666666666 0.16018518518518518
7 0.6296875 0.2777777777777778 0.03125 0.2037037037037037
