0 0.8369791666666666 0.350462962962963 0.31875 0.687962962962963
0 0.33828125000000003 0.2791666666666667 0.07760416666666667 0.21944444444444444
0 0.48098958333333336 0.2777777777777778 0.06822916666666666 0.21666666666666667
0 0.440625 0.25092592592592594 0.051041666666666666 0.14629629629629629
9 0.209375 0.3055555555555556 0.07395833333333333 0.25
9 0.11380208333333333 0.34120370370370373 0.20364583333333333 0.5046296296296297
9 0.4005208333333333 0.23194444444444445 0.022916666666666665 0.06388888888888888
9 0.4161458333333333 0.23425925925925928 0.021875 0.07222222222222222
6 0.38020833333333337 0.2523148148148148 0.01875 0.04537037037037037
6 0.5552083333333333 0.4 0.11875 0.3537037037037037
7 0.5513020833333333 0.30787037037037035 0.10885416666666667 0.3398148148148148
7 0.38020833333333337 0.23472222222222222 0.01875 0.05462962962962963
7 0.48463541666666665 0.25601851851851853 0.03802083333333333 0.14907407407407408
7 0.88125 0.34305555555555556 0.11458333333333333 0.47685185185185186
7 0.76015625 0.23796296296296296 0.07864583333333333 0.2537037037037037
7 0.7856770833333333 0.2925925925925926 0.08385416666666666 0.38333333333333336
7 0.24140625 0.2532407407407407 0.025520833333333333 0.0824074074074074
