3 0.4783854166666667 0.2569444444444444 0.14322916666666666 0.18425925925925926
0 0.8096354166666666 0.23379629629629628 0.06302083333333333 0.21574074074074073
7 0.32161458333333337 0.30787037037037035 0.10052083333333334 0.4046296296296296
0 0.58984375 0.23564814814814813 0.0578125 0.13796296296296295
0 0.7109375 0.27037037037037037 0.15625 0.4185185185185185
3 0.21744791666666666 0.2847222222222222 0.16197916666666667 0.2657407407407407
0 0.09479166666666666 0.3023148148148148 0.1125 0.41944444444444445
7 0.39921874999999996 0.25277777777777777 0.033854166666666664 0.17777777777777778
7 0.8914062500000001 0.22962962962962963 0.0140625 0.07592592592592592
7 0.052083333333333336 0.4324074074074074 0.10416666666666667 0.8518518518518519
3 0.9494791666666667 0.23148148148148148 0.10104166666666667 0.11481481481481481
6 0.9833333333333334 0.27222222222222225 0.03333333333333333 0.08703703703703704
7 0.4700520833333333 0.056018518518518516 0.025520833333333333 0.11203703703703703
7 0.49947916666666664 0.04583333333333333 0.019791666666666666 0.09166666666666666
