3 0.18125000000000002 0.18101851851851852 0.16145833333333334 0.10648148148148148
0 0.6708333333333333 0.22777777777777777 0.16145833333333334 0.45555555555555555
7 0.4625 0.20277777777777778 0.034375 0.18888888888888888
9 0.15 0.25277777777777777 0.17291666666666666 0.16111111111111112
3 0.87890625 0.21203703703703705 0.10989583333333333 0.10555555555555556
7 0.8278645833333333 0.18148148148148147 0.022395833333333334 0.09074074074074075
9 0.9401041666666666 0.2050925925925926 0.03854166666666667 0.11574074074074074
9 0.9760416666666666 0.2240740740740741 0.04791666666666667 0.17777777777777778
9 0.5747395833333333 0.1837962962962963 0.03697916666666667 0.13240740740740742
0 0.41171875 0.18657407407407406 0.06927083333333334 0.1787037037037037
7 0.04192708333333334 0.1175925925925926 0.027604166666666666 0.13703703703703704
6 0.03359375 0.25277777777777777 0.0640625 0.23703703703703705
9 0.5265624999999999 0.18981481481481483 0.04791666666666667 0.11666666666666667
7 0.02734375 0.13981481481481484 0.0453125 0.17962962962962964
9 0.3059895833333333 0.21203703703703702 0.15572916666666667 0.3685185185185185
