0 0.6322916666666667 0.24675925925925926 0.15625 0.4064814814814815
0 0.08307291666666666 0.37824074074074077 0.16614583333333333 0.7564814814814815
0 0.515625 0.2212962962962963 0.04895833333333333 0.21851851851851853
0 0.23541666666666666 0.17314814814814816 0.03125 0.08888888888888889
9 0.3528645833333333 0.31527777777777777 0.2296875 0.6305555555555555
9 0.8986979166666667 0.28194444444444444 0.20260416666666667 0.5638888888888889
7 0.21744791666666666 0.1675925925925926 0.0140625 0.08148148148148149
7 0.7848958333333332 0.23564814814814816 0.05625 0.2898148148148148
7 0.20546874999999998 0.17592592592592593 0.0140625 0.07592592592592592
7 0.6416666666666666 0.24074074074074073 0.08333333333333333 0.2518518518518518
7 0.88515625 0.23055555555555557 0.06197916666666667 0.40185185185185185
7 0.19140625 0.1962962962962963 0.0265625 0.12777777777777777
7 0.9757812499999999 0.21342592592592594 0.04739583333333333 0.3861111111111111
7 0.5265625 0.19027777777777777 0.022916666666666665 0.07685185185185185
7 0.9346354166666666 0.20925925925925926 0.0640625 0.34444444444444444
