1 0.6723958333333333 0.3768518518518518 0.090625 0.19444444444444445
7 0.67890625 0.27314814814814814 0.050520833333333334 0.2611111111111111
7 0.7135416666666666 0.26435185185185184 0.035416666666666666 0.2324074074074074
7 0.5968749999999999 0.25092592592592594 0.03958333333333333 0.21481481481481482
9 0.3184895833333333 0.3736111111111111 0.23385416666666667 0.6435185185185185
7 0.11744791666666665 0.29583333333333334 0.0359375 0.058333333333333334
7 0.7377604166666666 0.28703703703703703 0.03697916666666667 0.19444444444444445
6 0.5536458333333333 0.3101851851851852 0.06354166666666666 0.1685185185185185
7 0.0140625 0.23379629629629628 0.028125 0.20833333333333334
7 0.07968750000000001 0.2537037037037037 0.021875 0.10740740740740741
