9 0.7466145833333333 0.22037037037037038 0.16927083333333334 0.3962962962962963
7 0.10911458333333333 0.18518518518518517 0.024479166666666666 0.15185185185185185
7 0.08645833333333333 0.1962962962962963 0.03125 0.18333333333333332
7 0.6216145833333333 0.2671296296296296 0.0484375 0.27314814814814814
0 0.8911458333333334 0.4546296296296296 0.21770833333333334 0.9092592592592592
9 0.46822916666666664 0.2273148148148148 0.10416666666666667 0.3472222222222222
9 0.33515625000000004 0.34953703703703703 0.2546875 0.6990740740740741
9 0.17265625 0.21666666666666667 0.12447916666666667 0.3148148148148148
7 0.6867187499999999 0.19583333333333333 0.05260416666666667 0.2564814814814815
7 0.5815104166666667 0.24212962962962964 0.0453125 0.2712962962962963
7 0.475 0.18287037037037038 0.075 0.25462962962962965
7 0.5216145833333333 0.21759259259259262 0.0328125 0.20185185185185187
9 0.6552083333333334 0.20925925925925926 0.128125 0.2814814814814815
