7 0.3830729166666667 0.3203703703703704 0.028645833333333332 0.13148148148148148
7 0.5963541666666666 0.3592592592592593 0.09479166666666666 0.2537037037037037
7 0.49765625 0.3157407407407407 0.034895833333333334 0.16666666666666666
9 0.12239583333333334 0.32546296296296295 0.065625 0.11944444444444445
9 0.47994791666666664 0.3458333333333333 0.0921875 0.1935185185185185
6 0.59609375 0.437962962962963 0.12135416666666667 0.2611111111111111
7 0.7044270833333334 0.3365740740740741 0.0734375 0.2212962962962963
0 0.18567708333333333 0.3305555555555556 0.08802083333333334 0.22037037037037038
7 0.06979166666666667 0.3347222222222222 0.028125 0.1361111111111111
7 0.4765625 0.30185185185185187 0.030208333333333334 0.13703703703703704
7 0.13020833333333334 0.3050925925925926 0.028125 0.10277777777777777
1 0.7075520833333333 0.40694444444444444 0.07760416666666667 0.18611111111111112
11 0.5247395833333334 0.3013888888888889 0.07552083333333333 0.1398148148148148
7 0.35104166666666664 0.29444444444444445 0.010416666666666666 0.05
0 0.2888020833333333 0.30138888888888893 0.03177083333333333 0.09351851851851851
7 0.28828125 0.29583333333333334 0.015104166666666667 0.05092592592592592
7 0.6872395833333333 0.2949074074074074 0.025520833333333333 0.1361111111111111
9 0.9596354166666667 0.45555555555555555 0.08072916666666667 0.20185185185185187
