9 0.4244791666666667 0.22407407407407406 0.078125 0.2074074074074074
3 0.4734375 0.21064814814814814 0.046875 0.09722222222222222
7 0.58046875 0.1986111111111111 0.013020833333333334 0.08055555555555556
0 0.26953125 0.2212962962962963 0.1046875 0.20555555555555555
7 0.20026041666666666 0.26296296296296295 0.07447916666666667 0.3648148148148148
7 0.559375 0.19861111111111113 0.016666666666666666 0.09537037037037037
7 0.596875 0.2013888888888889 0.015625 0.08796296296296297
0 0.10026041666666667 0.22916666666666666 0.20052083333333334 0.41388888888888886
0 0.37473958333333335 0.2097222222222222 0.04635416666666667 0.14351851851851852
7 0.34869791666666666 0.21990740740740738 0.0234375 0.1638888888888889
3 0.928125 0.22592592592592592 0.1375 0.19074074074074074
0 0.6955729166666668 0.24305555555555555 0.1390625 0.35833333333333334
9 0.5182291666666666 0.21203703703703702 0.06354166666666666 0.1925925925925926
9 0.6236979166666666 0.19953703703703704 0.03177083333333333 0.09166666666666666
