7 0.6447916666666667 0.19444444444444442 0.029166666666666667 0.13703703703703704
7 0.05598958333333333 0.3162037037037037 0.06302083333333333 0.24166666666666667
9 0.3169270833333333 0.3287037037037037 0.2296875 0.6444444444444445
9 0.5044270833333333 0.24166666666666667 0.1015625 0.3037037037037037
1 0.10364583333333334 0.25416666666666665 0.030208333333333334 0.11203703703703703
7 0.8588541666666667 0.3078703703703704 0.09791666666666667 0.5324074074074074
7 0.18385416666666665 0.20092592592592592 0.020833333333333332 0.08333333333333333
7 0.525 0.21157407407407408 0.057291666666666664 0.21574074074074073
7 0.5041666666666667 0.16296296296296298 0.03125 0.14444444444444443
9 0.43359375 0.19166666666666665 0.0359375 0.1037037037037037
0 0.40546875 0.20833333333333334 0.0359375 0.17777777777777778
