0 0.4856770833333333 0.21296296296296297 0.050520833333333334 0.17962962962962964
0 0.4322916666666667 0.26111111111111107 0.09583333333333334 0.28888888888888886
0 0.6044270833333334 0.21249999999999997 0.06614583333333333 0.17314814814814813
0 0.5320312500000001 0.19583333333333333 0.033854166666666664 0.0787037037037037
9 0.371875 0.23148148148148145 0.04791666666666667 0.17407407407407408
9 0.8239583333333333 0.18935185185185185 0.08541666666666667 0.16018518518518518
9 0.22838541666666667 0.674074074074074 0.45677083333333335 0.65
9 0.5588541666666667 0.1884259259259259 0.019791666666666666 0.06388888888888888
6 0.525 0.22407407407407406 0.017708333333333333 0.053703703703703705
6 0.5729166666666666 0.20231481481481484 0.013541666666666667 0.04537037037037037
7 0.6208333333333333 0.18981481481481483 0.022916666666666665 0.08518518518518518
7 0.6 0.18425925925925926 0.030208333333333334 0.07037037037037037
7 0.5249999999999999 0.2009259259259259 0.020833333333333332 0.07222222222222222
7 0.23151041666666666 0.3310185185185185 0.21302083333333333 0.3509259259259259
7 0.6872395833333333 0.22037037037037038 0.0421875 0.2222222222222222
7 0.7356770833333334 0.18564814814814815 0.0234375 0.12314814814814815
7 0.31875 0.22268518518518518 0.026041666666666668 0.11388888888888889
7 0.11484375 0.2833333333333333 0.04635416666666667 0.22962962962962963
