0 0.7200520833333333 0.3939814814814815 0.2869791666666667 0.7305555555555555
9 0.4005208333333334 0.21990740740740738 0.05 0.23425925925925925
9 0.20651041666666667 0.5 0.41302083333333334 1.0
9 0.9315104166666667 0.33101851851851855 0.12864583333333332 0.5064814814814815
9 0.8361979166666667 0.28055555555555556 0.14947916666666666 0.3962962962962963
9 0.3692708333333334 0.2916666666666667 0.08125 0.5333333333333333
6 0.47630208333333335 0.32592592592592595 0.0890625 0.22962962962962963
7 0.8114583333333334 0.2842592592592592 0.09583333333333334 0.30925925925925923
7 0.39609375 0.2046296296296296 0.030729166666666665 0.14629629629629629
7 0.68125 0.30925925925925923 0.13958333333333334 0.4074074074074074
7 0.5994791666666667 0.2310185185185185 0.06354166666666666 0.32314814814814813
7 0.47135416666666663 0.2685185185185185 0.1 0.29074074074074074
7 0.16796875 0.1138888888888889 0.10989583333333333 0.21851851851851853
7 0.7552083333333333 0.22546296296296298 0.09895833333333333 0.2638888888888889
7 0.5317708333333334 0.24212962962962964 0.026041666666666668 0.17314814814814813
7 0.4239583333333333 0.20324074074074075 0.03854166666666667 0.16944444444444445
