0 0.5567708333333333 0.23379629629629628 0.040625 0.09351851851851851
7 0.8617187500000001 0.25787037037037036 0.025520833333333333 0.12685185185185185
7 0.46640625 0.2828703703703703 0.04010416666666667 0.21944444444444444
0 0.25677083333333334 0.46111111111111114 0.3927083333333333 0.9222222222222223
0 0.63046875 0.27268518518518514 0.1078125 0.30277777777777776
0 0.5169270833333334 0.2310185185185185 0.04114583333333333 0.11018518518518519
7 0.8809895833333333 0.26481481481481484 0.027604166666666666 0.12777777777777777
7 0.98125 0.2685185185185185 0.035416666666666666 0.2074074074074074
9 0.7122395833333334 0.2671296296296296 0.08072916666666667 0.23981481481481481
9 0.9598958333333334 0.27222222222222225 0.08020833333333334 0.2388888888888889
7 0.9078124999999999 0.2523148148148148 0.029166666666666667 0.11018518518518519
