7 0.47942708333333334 0.22175925925925927 0.019270833333333334 0.09166666666666666
7 0.46171875 0.22083333333333333 0.0171875 0.09537037037037037
6 0.33828125 0.21157407407407408 0.011979166666666667 0.030555555555555555
9 0.40520833333333334 0.2328703703703704 0.05 0.12314814814814815
1 0.80625 0.3763888888888889 0.10833333333333334 0.25833333333333336
7 0.5578125 0.22037037037037038 0.022916666666666665 0.10185185185185185
7 0.21536458333333333 0.2287037037037037 0.0171875 0.07222222222222222
7 0.190625 0.2800925925925926 0.052083333333333336 0.23425925925925925
9 0.4963541666666667 0.24166666666666667 0.05 0.08148148148148149
7 0.44453125 0.2236111111111111 0.0171875 0.08611111111111111
7 0.8046875 0.2759259259259259 0.096875 0.3037037037037037
7 0.5026041666666666 0.20601851851851852 0.014583333333333334 0.06388888888888888
9 0.2747395833333333 0.22499999999999998 0.0296875 0.07592592592592592
0 0.3033854166666667 0.22175925925925927 0.04114583333333333 0.11018518518518519
0 0.03046875 0.3111111111111111 0.058854166666666666 0.3037037037037037
7 0.41432291666666665 0.20972222222222223 0.027604166666666666 0.09907407407407408
