7 0.5216145833333333 0.3458333333333333 0.08177083333333333 0.27685185185185185
7 0.91875 0.350462962962963 0.046875 0.21574074074074073
7 0.79453125 0.3398148148148148 0.04010416666666667 0.23703703703703705
7 0.45833333333333337 0.3175925925925926 0.06354166666666666 0.22777777777777777
6 0.8682291666666667 0.36990740740740746 0.078125 0.14907407407407408
7 0.028645833333333332 0.41388888888888886 0.057291666666666664 0.4111111111111111
0 0.5109374999999999 0.3819444444444444 0.16770833333333332 0.4638888888888889
0 0.7111979166666667 0.32037037037037036 0.05260416666666667 0.13703703703703704
7 0.8783854166666667 0.33564814814814814 0.049479166666666664 0.1787037037037037
7 0.9572916666666667 0.5986111111111111 0.08541666666666667 0.7601851851851852
9 0.63515625 0.32453703703703707 0.07447916666666667 0.1787037037037037
7 0.671875 0.32685185185185184 0.029166666666666667 0.14629629629629629
9 0.3080729166666667 0.30925925925925923 0.0421875 0.11851851851851852
0 0.37916666666666665 0.3199074074074074 0.06666666666666667 0.175
7 0.34140624999999997 0.31342592592592594 0.0203125 0.11944444444444445
7 0.8270833333333334 0.32407407407407407 0.030208333333333334 0.1425925925925926
7 0.75390625 0.35370370370370374 0.05364583333333333 0.23333333333333334
7 0.95078125 0.40509259259259256 0.07135416666666666 0.39166666666666666
7 0.6505208333333333 0.31157407407407406 0.03854166666666667 0.15092592592592594
0 0.27239583333333334 0.3060185185185185 0.040625 0.0712962962962963
