0 0.34791666666666665 0.24351851851851852 0.026041666666666668 0.06481481481481481
0 0.49583333333333335 0.24212962962962964 0.053125 0.11203703703703703
7 0.14114583333333333 0.2912037037037037 0.030208333333333334 0.1398148148148148
4 0.80546875 0.2712962962962963 0.0515625 0.09074074074074075
7 0.7518229166666667 0.2583333333333333 0.022395833333333334 0.11481481481481481
7 0.9684895833333333 0.2375 0.027604166666666666 0.14722222222222223
0 0.20989583333333334 0.2740740740740741 0.04583333333333333 0.12037037037037036
6 0.39348958333333334 0.2949074074074074 0.0359375 0.11018518518518519
0 0.98203125 0.26342592592592595 0.0359375 0.2064814814814815
9 0.7200520833333334 0.25324074074074077 0.0765625 0.14166666666666666
6 0.8609375 0.26666666666666666 0.07916666666666666 0.10740740740740741
7 0.39375000000000004 0.26157407407407407 0.036458333333333336 0.11944444444444445
7 0.8190104166666666 0.20925925925925926 0.0203125 0.06851851851851852
7 0.16510416666666666 0.27685185185185185 0.019791666666666666 0.09074074074074075
7 0.41640625 0.25092592592592594 0.018229166666666668 0.0962962962962963
0 0.28802083333333334 0.29305555555555557 0.08541666666666667 0.24166666666666667
3 0.01953125 0.33055555555555555 0.0390625 0.21851851851851853
0 0.5640625 0.24814814814814815 0.046875 0.11481481481481481
