0 0.3065104166666667 0.23842592592592593 0.1078125 0.2861111111111111
7 0.43125 0.19212962962962962 0.029166666666666667 0.12129629629629629
9 0.4239583333333333 0.20324074074074072 0.046875 0.15462962962962962
9 0.8763020833333333 0.37407407407407406 0.24739583333333334 0.7481481481481481
0 0.38020833333333337 0.1875 0.04791666666666667 0.1361111111111111
7 0.4955729166666667 0.2064814814814815 0.04635416666666667 0.17592592592592593
9 0.2328125 0.22314814814814815 0.065625 0.12962962962962962
9 0.48515625 0.23657407407407408 0.08177083333333333 0.25277777777777777
3 0.10312500000000001 0.30092592592592593 0.18541666666666667 0.3
7 0.21848958333333335 0.18981481481481483 0.03802083333333333 0.11481481481481481
