0 0.6059895833333334 0.19768518518518519 0.05677083333333333 0.16018518518518518
3 0.46848958333333335 0.21064814814814814 0.0484375 0.08611111111111111
7 0.13020833333333334 0.2513888888888889 0.04375 0.20092592592592592
7 0.51640625 0.20046296296296295 0.0171875 0.09722222222222222
7 0.16562500000000002 0.23333333333333334 0.040625 0.19814814814814816
6 0.6760416666666667 0.18935185185185185 0.0125 0.03611111111111111
7 0.43697916666666664 0.2324074074074074 0.028125 0.15
0 0.5536458333333333 0.19027777777777777 0.025 0.06759259259259259
7 0.013020833333333334 0.31203703703703706 0.026041666666666668 0.21851851851851853
6 0.37395833333333334 0.24444444444444444 0.06458333333333334 0.09444444444444444
7 0.67578125 0.17175925925925928 0.0140625 0.03796296296296296
7 0.33203125 0.20416666666666666 0.015104166666666667 0.09537037037037037
6 0.28385416666666663 0.26990740740740743 0.10833333333333334 0.1361111111111111
0 0.6414062500000001 0.17916666666666667 0.018229166666666668 0.058333333333333334
