7 0.7398437499999999 0.22824074074074074 0.021354166666666667 0.05092592592592592
0 0.821875 0.22685185185185186 0.015625 0.03888888888888889
9 0.7421875 0.2537037037037037 0.036458333333333336 0.07037037037037037
3 0.5572916666666666 0.24675925925925923 0.10520833333333333 0.14351851851851852
6 0.8609374999999999 0.2537037037037037 0.020833333333333332 0.053703703703703705
3 0.6377604166666667 0.2337962962962963 0.05364583333333333 0.08796296296296297
7 0.5088541666666667 0.3625 0.1 0.3435185185185185
3 0.5994791666666667 0.2375 0.05520833333333333 0.125
0 0.40598958333333335 0.4050925925925926 0.34739583333333335 0.8027777777777778
7 0.8635416666666667 0.23333333333333334 0.022916666666666665 0.06111111111111111
0 0.7809895833333333 0.2277777777777778 0.027604166666666666 0.05555555555555555
8 0.7096354166666666 0.22453703703703703 0.04010416666666667 0.0787037037037037
8 0.16666666666666669 0.24953703703703706 0.19375 0.30462962962962964
