0 0.7216145833333334 0.2967592592592593 0.17135416666666667 0.44722222222222224
7 0.8739583333333333 0.2222222222222222 0.03125 0.15
7 0.05078125 0.2638888888888889 0.1015625 0.20555555555555555
7 0.34401041666666665 0.32499999999999996 0.050520833333333334 0.29259259259259257
3 0.8747395833333332 0.23981481481481481 0.0796875 0.06851851851851852
9 0.6169270833333333 0.25925925925925924 0.043229166666666666 0.12962962962962962
0 0.44062500000000004 0.3398148148148148 0.18645833333333334 0.4
0 0.8182291666666666 0.2462962962962963 0.04479166666666667 0.1814814814814815
7 0.18463541666666666 0.09027777777777778 0.050520833333333334 0.18055555555555555
7 0.5479166666666667 0.27546296296296297 0.027083333333333334 0.16018518518518518
7 0.5752604166666667 0.2740740740740741 0.0265625 0.14814814814814814
8 0.9552083333333333 0.24629629629629632 0.08958333333333333 0.10925925925925926
7 0.23385416666666667 0.06527777777777778 0.05 0.13055555555555556
