7 0.44453125 0.19953703703703704 0.0484375 0.2361111111111111
9 0.5804687500000001 0.26064814814814813 0.13072916666666667 0.3990740740740741
7 0.6505208333333334 0.21666666666666667 0.03333333333333333 0.2074074074074074
7 0.6078125000000001 0.22546296296296298 0.06875 0.30092592592592593
9 0.24713541666666666 0.31805555555555554 0.2234375 0.5972222222222222
9 0.8341145833333333 0.4912037037037037 0.33177083333333335 0.9824074074074074
1 0.6502604166666667 0.2837962962962963 0.043229166666666666 0.1675925925925926
9 0.43124999999999997 0.22916666666666669 0.08854166666666667 0.2601851851851852
7 0.89296875 0.41435185185185186 0.1734375 0.8287037037037037
3 0.37395833333333334 0.15555555555555556 0.023958333333333335 0.053703703703703705
7 0.3544270833333333 0.16296296296296298 0.0067708333333333336 0.04814814814814815
1 0.0921875 0.22685185185185186 0.03854166666666667 0.11481481481481481
6 0.13307291666666668 0.23194444444444445 0.043229166666666666 0.11018518518518519
6 0.48802083333333335 0.19583333333333336 0.029166666666666667 0.06944444444444445
