7 0.8247395833333333 0.23472222222222222 0.058854166666666666 0.20092592592592592
7 0.25729166666666664 0.23425925925925928 0.029166666666666667 0.1574074074074074
7 0.15130208333333334 0.2513888888888889 0.1484375 0.19907407407407407
7 0.86796875 0.23518518518518516 0.04739583333333333 0.21481481481481482
7 0.92578125 0.2412037037037037 0.03802083333333333 0.22314814814814815
7 0.9549479166666667 0.2518518518518519 0.05364583333333333 0.26851851851851855
0 0.6059895833333333 0.487962962962963 0.4765625 0.975925925925926
9 0.8630208333333333 0.2851851851851852 0.14166666666666666 0.23148148148148148
7 0.803125 0.15462962962962962 0.029166666666666667 0.10555555555555556
0 0.07005208333333333 0.2824074074074074 0.1203125 0.4185185185185185
0 0.22786458333333334 0.3180555555555556 0.3151041666666667 0.5472222222222223
7 0.90234375 0.19398148148148148 0.033854166666666664 0.0787037037037037
