0 0.33828125 0.274537037037037 0.027604166666666666 0.062037037037037036
0 0.30416666666666664 0.28703703703703703 0.041666666666666664 0.09444444444444444
9 0.16510416666666666 0.30972222222222223 0.046875 0.0824074074074074
9 0.09427083333333333 0.4375 0.18645833333333334 0.7305555555555555
7 0.19296875000000002 0.29814814814814816 0.0171875 0.08148148148148149
0 0.3864583333333333 0.26805555555555555 0.030208333333333334 0.06574074074074074
7 0.44505208333333335 0.3050925925925926 0.05572916666666667 0.1787037037037037
6 0.4484375 0.3578703703703704 0.06666666666666667 0.16944444444444445
0 0.2544270833333333 0.30833333333333335 0.06510416666666667 0.17777777777777778
0 0.20338541666666668 0.2898148148148148 0.0328125 0.07407407407407407
