11 0.66171875 0.18888888888888888 0.25364583333333335 0.3574074074074074
7 0.8364583333333334 0.2574074074074074 0.11979166666666667 0.48518518518518516
7 0.9721354166666667 0.3453703703703704 0.0546875 0.6481481481481481
9 0.85546875 0.325 0.2890625 0.65
7 0.5169270833333334 0.17268518518518516 0.05572916666666667 0.27314814814814814
9 0.48802083333333335 0.20925925925925926 0.115625 0.3425925925925926
7 0.47161458333333334 0.15324074074074073 0.0546875 0.22314814814814815
7 0.9166666666666667 0.23472222222222222 0.096875 0.45092592592592595
0 0.3875 0.16712962962962963 0.04895833333333333 0.15833333333333333
7 0.38932291666666663 0.15555555555555556 0.0359375 0.10185185185185185
9 0.25494791666666666 0.2953703703703704 0.2328125 0.5907407407407408
6 0.41744791666666664 0.1550925925925926 0.018229166666666668 0.06574074074074074
7 0.8859375 0.24861111111111112 0.08958333333333333 0.2824074074074074
