9 0.8052083333333333 0.3597222222222222 0.275 0.5564814814814815
7 0.46171875 0.25555555555555554 0.03177083333333333 0.1425925925925926
7 0.48932291666666666 0.2685185185185185 0.03802083333333333 0.17222222222222222
7 0.8385416666666666 0.33611111111111114 0.11666666666666667 0.4166666666666667
0 0.3091145833333333 0.3018518518518518 0.09010416666666667 0.25555555555555554
3 0.25 0.26435185185185184 0.036458333333333336 0.05277777777777778
9 0.47552083333333334 0.287962962962963 0.07395833333333333 0.20925925925925926
0 0.14375 0.3416666666666667 0.17916666666666667 0.43333333333333335
0 0.6197916666666667 0.2777777777777778 0.10416666666666667 0.1925925925925926
0 0.3864583333333333 0.28194444444444444 0.08854166666666667 0.21388888888888888
