7 0.090234375 0.5159722222222222 0.03359375 0.09027777777777778
9 0.07539062499999999 0.5993055555555555 0.11484375 0.13194444444444445
0 0.026171875 0.6041666666666667 0.05234375 0.25277777777777777
5 0.1359375 0.5180555555555555 0.046875 0.08888888888888889
9 0.20820312500000002 0.5652777777777778 0.04453125 0.08611111111111111
0 0.2640625 0.5361111111111111 0.071875 0.18055555555555555
3 0.333203125 0.5243055555555556 0.05703125 0.0763888888888889
0 0.44921875 0.53125 0.0640625 0.15138888888888888
7 0.5328125 0.5270833333333333 0.015625 0.10138888888888889
1 0.5359375 0.5597222222222222 0.0328125 0.07777777777777778
7 0.5753906249999999 0.5131944444444445 0.01328125 0.06527777777777778
6 0.943359375 0.4847222222222222 0.06328125 0.10555555555555556
7 0.37265624999999997 0.4944444444444444 0.0125 0.03611111111111111
6 0.3734375 0.5152777777777778 0.0140625 0.03888888888888889
7 0.401171875 0.5048611111111111 0.01015625 0.05694444444444444
7 0.41015625 0.5090277777777777 0.0109375 0.059722222222222225
