7 0.08785377358490566 0.4482758620689655 0.06721698113207547 0.43103448275862066
7 0.03242924528301887 0.5452586206896551 0.06485849056603774 0.5818965517241379
0 0.19398584905660377 0.4137931034482759 0.12853773584905662 0.3146551724137931
7 0.6179245283018867 0.4364224137931034 0.05188679245283019 0.27370689655172414
1 0.6191037735849056 0.5075431034482758 0.14150943396226415 0.18318965517241378
7 0.34964622641509435 0.4234913793103448 0.07429245283018868 0.23922413793103448
6 0.35259433962264153 0.5420258620689655 0.0660377358490566 0.12284482758620689
0 0.4852594339622641 0.4439655172413793 0.08844339622641509 0.3017241379310345
7 0.49056603773584906 0.41163793103448276 0.0589622641509434 0.21120689655172414
7 0.7152122641509434 0.44288793103448276 0.055424528301886794 0.30387931034482757
7 0.7606132075471698 0.4525862068965517 0.05188679245283019 0.3103448275862069
9 0.9015330188679245 0.5280172413793104 0.19693396226415094 0.23275862068965517
7 0.9634433962264152 0.4762931034482759 0.07311320754716981 0.3103448275862069
7 0.9221698113207547 0.4536637931034483 0.05660377358490566 0.22629310344827586
7 0.8337264150943395 0.39008620689655177 0.0589622641509434 0.11637931034482758
6 0.42806603773584906 0.4170258620689655 0.04009433962264151 0.14439655172413793
7 0.8001179245283019 0.3706896551724138 0.027122641509433963 0.08620689655172414
