7 0.6916273584905661 0.45150862068965514 0.04834905660377359 0.15301724137931033
7 0.024764150943396228 0.49245689655172414 0.049528301886792456 0.3125
7 0.0784198113207547 0.5 0.06485849056603774 0.27586206896551724
0 0.25412735849056606 0.4547413793103448 0.07429245283018868 0.2025862068965517
0 0.3561320754716981 0.4439655172413793 0.08726415094339622 0.20689655172413793
1 0.6933962264150944 0.5226293103448276 0.0660377358490566 0.14439655172413793
7 0.14268867924528303 0.4375 0.03537735849056604 0.12931034482758622
7 0.16922169811320753 0.4267241379310345 0.02240566037735849 0.12931034482758622
7 0.19516509433962265 0.41163793103448276 0.0294811320754717 0.07758620689655173
6 0.19162735849056603 0.44504310344827586 0.03419811320754717 0.09267241379310345
0 0.4003537735849057 0.40948275862068967 0.01768867924528302 0.07327586206896551
9 0.2983490566037736 0.44935344827586204 0.0330188679245283 0.0668103448275862
