7 0.05306603773584906 0.4579741379310345 0.02830188679245283 0.1400862068965517
7 0.08726415094339622 0.4525862068965517 0.02122641509433962 0.1206896551724138
7 0.11143867924528303 0.4579741379310345 0.02240566037735849 0.11853448275862069
7 0.1332547169811321 0.45258620689655177 0.02122641509433962 0.11637931034482758
0 0.1733490566037736 0.4396551724137931 0.049528301886792456 0.1206896551724138
0 0.2871462264150943 0.45366379310344823 0.03891509433962264 0.12284482758620689
7 0.3130896226415094 0.4310344827586207 0.024764150943396228 0.06465517241379311
7 0.33903301886792453 0.43103448275862066 0.024764150943396228 0.05603448275862069
7 0.3248820754716981 0.39870689655172414 0.020047169811320754 0.04741379310344827
9 0.32370283018867924 0.49676724137931033 0.05306603773584906 0.07112068965517242
6 0.4038915094339623 0.4547413793103448 0.024764150943396228 0.05172413793103448
6 0.47228773584905664 0.45689655172413796 0.01768867924528302 0.04310344827586207
0 0.5294811320754718 0.4396551724137931 0.049528301886792456 0.1206896551724138
7 0.5695754716981133 0.4892241379310345 0.054245283018867926 0.1939655172413793
0 0.7016509433962265 0.47413793103448276 0.09198113207547169 0.16810344827586207
7 0.7883254716981133 0.4536637931034483 0.02240566037735849 0.09267241379310345
7 0.7588443396226415 0.4978448275862069 0.02240566037735849 0.11637931034482758
7 0.8136792452830189 0.4709051724137931 0.02830188679245283 0.07112068965517242
