7 0.5621093749999999 0.6972222222222222 0.02109375 0.08611111111111111
6 0.741796875 0.7479166666666667 0.04609375 0.08472222222222223
7 0.742578125 0.7270833333333334 0.03203125 0.10138888888888889
0 0.25078125 0.775 0.0890625 0.25
3 0.488671875 0.7020833333333333 0.05859375 0.07916666666666666
3 0.8328125000000001 0.7416666666666667 0.128125 0.1111111111111111
7 0.38671875 0.6625 0.0140625 0.05
7 0.39765625 0.6652777777777777 0.0125 0.05
7 0.4171875 0.6618055555555555 0.015625 0.043055555555555555
3 0.82890625 0.7583333333333334 0.3421875 0.48333333333333334
0 0.5152343749999999 0.6611111111111111 0.02109375 0.05
