0 0.896875 0.7638888888888888 0.20625 0.4722222222222222
7 0.262890625 0.6368055555555555 0.01640625 0.059722222222222225
7 0.42265624999999996 0.6333333333333333 0.0203125 0.06666666666666667
9 0.459375 0.6493055555555556 0.0296875 0.05694444444444444
9 0.764453125 0.7319444444444445 0.06015625 0.16666666666666666
7 0.767578125 0.6868055555555556 0.05078125 0.17083333333333334
1 0.26328125 0.6555555555555556 0.0265625 0.03333333333333333
0 0.326171875 0.6277777777777778 0.02265625 0.05277777777777778
9 0.419140625 0.6465277777777778 0.03671875 0.10416666666666667
7 0.2125 0.6444444444444445 0.01875 0.058333333333333334
7 0.13945312499999998 0.6458333333333334 0.02265625 0.06388888888888888
