11 0.85625 0.7243055555555555 0.2875 0.30972222222222223
3 0.690234375 0.7090277777777778 0.08984375 0.12361111111111112
3 0.630859375 0.6993055555555555 0.03515625 0.06805555555555555
0 0.20859375000000002 0.7819444444444444 0.134375 0.3055555555555556
0 0.33359374999999997 0.7319444444444445 0.059375 0.16944444444444445
0 0.507421875 0.6930555555555555 0.05234375 0.10833333333333334
0 0.45 0.6618055555555555 0.0171875 0.043055555555555555
3 0.4234375 0.6673611111111112 0.0234375 0.04027777777777778
6 0.574609375 0.7048611111111112 0.03984375 0.04583333333333333
3 0.9484374999999999 0.7888888888888889 0.103125 0.31666666666666665
7 0.374609375 0.6631944444444444 0.01484375 0.05416666666666667
0 0.450390625 0.6590277777777778 0.02109375 0.04861111111111111
