7 0.04363207547169812 0.5625 0.06132075471698113 0.2543103448275862
0 0.2865566037735849 0.5 0.04716981132075472 0.16810344827586207
7 0.3136792452830189 0.4752155172413793 0.04009433962264151 0.09267241379310345
7 0.3496462264150943 0.4730603448275862 0.0294811320754717 0.08836206896551724
7 0.3266509433962264 0.4310344827586207 0.0330188679245283 0.07327586206896551
9 0.3313679245283019 0.5635775862068966 0.08018867924528301 0.11422413793103449
3 0.3679245283018868 0.44396551724137934 0.02358490566037736 0.04741379310344827
9 0.44693396226415094 0.4892241379310345 0.04245283018867924 0.05603448275862069
7 0.4375 0.44181034482758624 0.014150943396226415 0.04310344827586207
7 0.5459905660377359 0.46228448275862066 0.018867924528301886 0.04956896551724138
6 0.5454009433962265 0.4870689655172414 0.01768867924528302 0.04310344827586207
0 0.75 0.5075431034482758 0.14622641509433962 0.23922413793103448
7 0.8679245283018868 0.5053879310344828 0.04716981132075472 0.15732758620689655
6 0.8632075471698113 0.5571120689655172 0.07783018867924528 0.15301724137931033
7 0.0695754716981132 0.5484913793103449 0.04009433962264151 0.2478448275862069
6 0.3909198113207547 0.45689655172413796 0.020047169811320754 0.04310344827586207
