7 0.0849056603773585 0.46336206896551724 0.049528301886792456 0.19827586206896552
7 0.13148584905660377 0.46228448275862066 0.041273584905660375 0.20043103448275862
7 0.17216981132075473 0.4612068965517241 0.03537735849056604 0.1853448275862069
0 0.2936320754716981 0.4827586206896552 0.08962264150943396 0.24568965517241378
7 0.34728773584905664 0.42995689655172414 0.027122641509433963 0.08405172413793104
7 0.3785377358490566 0.42995689655172414 0.02830188679245283 0.08405172413793104
7 0.3549528301886793 0.39978448275862066 0.02358490566037736 0.07112068965517242
9 0.36202830188679247 0.46443965517241376 0.0589622641509434 0.14439655172413793
0 0.7629716981132075 0.5010775862068966 0.4740566037735849 0.9978448275862069
9 0.4351415094339623 0.4073275862068965 0.02358490566037736 0.0603448275862069
