7 0.1420990566037736 0.4461206896551724 0.036556603773584904 0.15517241379310345
7 0.8343160377358491 0.4892241379310345 0.045990566037735846 0.21120689655172414
7 0.8909198113207547 0.4989224137931034 0.06721698113207547 0.2478448275862069
7 0.37087264150943394 0.4234913793103448 0.03891509433962264 0.09698275862068965
7 0.4033018867924529 0.4181034482758621 0.0330188679245283 0.07327586206896551
7 0.37971698113207547 0.3890086206896552 0.02830188679245283 0.08405172413793104
0 0.25589622641509435 0.4644396551724138 0.09669811320754718 0.23060344827586207
9 0.38266509433962265 0.4752155172413793 0.07429245283018868 0.14439655172413793
0 0.5324292452830188 0.42995689655172414 0.07193396226415094 0.16594827586206898
0 0.44398584905660377 0.4170258620689655 0.045990566037735846 0.11853448275862069
7 0.47464622641509435 0.41271551724137934 0.015330188679245283 0.07974137931034483
1 0.14268867924528303 0.4892241379310345 0.05188679245283019 0.12931034482758622
