7 0.1821933962264151 0.36961206896551724 0.020047169811320754 0.07112068965517242
9 0.41804245283018865 0.3739224137931034 0.031839622641509434 0.07543103448275862
7 0.44221698113207547 0.3739224137931034 0.030660377358490566 0.10129310344827586
6 0.44398584905660377 0.41163793103448276 0.0294811320754717 0.07758620689655173
0 0.5235849056603773 0.3857758620689655 0.07075471698113207 0.17672413793103448
0 0.6438679245283019 0.3954741379310345 0.09198113207547169 0.19181034482758622
7 0.754127358490566 0.3706896551724138 0.020047169811320754 0.09051724137931035
1 0.7547169811320755 0.41594827586206895 0.030660377358490566 0.08189655172413793
0 0.8844339622641509 0.3976293103448276 0.1391509433962264 0.20474137931034483
0 0.08254716981132075 0.42025862068965514 0.1650943396226415 0.2801724137931034
