0 0.09905660377358491 0.39978448275862066 0.10849056603773585 0.17025862068965517
0 0.17393867924528303 0.3879310344827586 0.05306603773584906 0.09913793103448276
0 0.21992924528301885 0.36961206896551724 0.041273584905660375 0.04956896551724138
7 0.2759433962264151 0.4267241379310345 0.049528301886792456 0.125
7 0.3242924528301887 0.4299568965517241 0.04009433962264151 0.10129310344827586
7 0.298938679245283 0.3793103448275862 0.041273584905660375 0.10344827586206896
3 0.36792452830188677 0.4040948275862069 0.05660377358490566 0.09267241379310345
7 0.4357311320754717 0.42349137931034486 0.036556603773584904 0.1314655172413793
6 0.4339622641509434 0.45689655172413796 0.0330188679245283 0.11637931034482758
7 0.5330188679245284 0.40086206896551724 0.02358490566037736 0.09913793103448276
1 0.5371462264150942 0.45689655172413796 0.03419811320754717 0.09913793103448276
7 0.7134433962264151 0.44288793103448276 0.05660377358490566 0.19181034482758622
9 0.6757075471698113 0.5571120689655172 0.1580188679245283 0.1875
9 0.2977594339622641 0.5452586206896551 0.11674528301886793 0.1336206896551724
