0 0.15195312500000002 0.7256944444444444 0.16640625 0.37916666666666665
6 0.61171875 0.7006944444444444 0.0671875 0.07916666666666666
7 0.64765625 0.6840277777777778 0.0265625 0.09861111111111111
7 0.453515625 0.6534722222222222 0.03359375 0.09861111111111111
7 0.3828125 0.6131944444444445 0.0234375 0.05416666666666667
7 0.278125 0.6145833333333334 0.025 0.05138888888888889
7 0.34023437500000003 0.6138888888888889 0.02265625 0.04722222222222222
0 0.24609375 0.6166666666666667 0.0296875 0.07222222222222222
6 0.276171875 0.6451388888888889 0.02578125 0.05138888888888889
6 0.33984375 0.6361111111111112 0.01875 0.05
