7 0.962890625 0.7895833333333333 0.03046875 0.24861111111111112
6 0.874609375 0.7583333333333333 0.07265625 0.09166666666666666
1 0.839453125 0.7916666666666667 0.10859375 0.1
6 0.7640625 0.7680555555555555 0.08125 0.13333333333333333
0 0.6234375000000001 0.7576388888888889 0.146875 0.26805555555555555
0 0.26484375 0.6791666666666667 0.0390625 0.12222222222222222
0 0.415234375 0.6611111111111111 0.03671875 0.08055555555555556
6 0.376171875 0.7055555555555555 0.03359375 0.08333333333333333
0 0.327734375 0.6458333333333334 0.01953125 0.03888888888888889
7 0.8527343749999999 0.6993055555555555 0.03203125 0.07083333333333333
9 0.465625 0.6749999999999999 0.0375 0.08611111111111111
