7 0.582421875 0.5159722222222223 0.04296875 0.23194444444444445
7 0.640625 0.5229166666666667 0.0421875 0.1986111111111111
7 0.672265625 0.5229166666666667 0.03203125 0.14305555555555555
7 0.17109375000000002 0.4722222222222222 0.05625 0.1361111111111111
0 0.8191406250000001 0.5895833333333333 0.24921875 0.4041666666666667
0 0.47421875 0.5236111111111111 0.109375 0.2916666666666667
9 0.161328125 0.55625 0.10390625 0.17916666666666667
9 0.08203125 0.5333333333333333 0.0796875 0.11388888888888889
0 0.239453125 0.4875 0.05859375 0.1638888888888889
3 0.34296875 0.4756944444444445 0.059375 0.08472222222222223
0 0.388671875 0.45208333333333334 0.02890625 0.07083333333333333
0 0.034765625 0.6069444444444445 0.06953125 0.5611111111111111
3 0.321484375 0.45555555555555555 0.03203125 0.07222222222222222
