7 0.6042968750000001 0.45625000000000004 0.05703125 0.1736111111111111
6 0.6109375 0.5416666666666667 0.0828125 0.18888888888888888
7 0.539453125 0.42777777777777776 0.02890625 0.06944444444444445
1 0.540234375 0.45416666666666666 0.03046875 0.06944444444444445
0 0.34765625 0.4215277777777778 0.0421875 0.10138888888888889
7 0.278125 0.39861111111111114 0.0171875 0.05
7 0.298046875 0.4027777777777778 0.01953125 0.05
7 0.31640625 0.4 0.0203125 0.04722222222222222
7 0.513671875 0.4090277777777778 0.01796875 0.04861111111111111
9 0.307421875 0.4444444444444445 0.04296875 0.058333333333333334
6 0.440234375 0.4236111111111111 0.01953125 0.058333333333333334
1 0.516015625 0.4361111111111111 0.01953125 0.05277777777777778
1 0.278125 0.4215277777777778 0.0171875 0.05694444444444444
11 0.3734375 0.3736111111111111 0.059375 0.12777777777777777
