7 0.21462264150943394 0.36745689655172414 0.08018867924528301 0.1400862068965517
7 0.267688679245283 0.3674568965517241 0.06132075471698113 0.14870689655172414
7 0.24351415094339623 0.3114224137931034 0.055424528301886794 0.12284482758620689
7 0.5100235849056604 0.3588362068965517 0.041273584905660375 0.15301724137931033
7 0.7464622641509434 0.3469827586206896 0.02830188679245283 0.08189655172413793
9 0.23113207547169812 0.4644396551724138 0.13443396226415094 0.23060344827586207
9 0.49410377358490565 0.40086206896551724 0.06367924528301887 0.10775862068965517
6 0.7635613207547169 0.39439655172413796 0.07665094339622641 0.09051724137931035
6 0.6804245283018868 0.3566810344827586 0.0660377358490566 0.05818965517241379
0 0.28891509433962265 0.3706896551724138 0.0589622641509434 0.1724137931034483
