0 0.26276041666666666 0.5564814814814815 0.0328125 0.09074074074074075
11 0.29322916666666665 0.5319444444444444 0.035416666666666666 0.05648148148148148
11 0.24505208333333334 0.5287037037037037 0.022395833333333334 0.06111111111111111
1 0.36041666666666666 0.5675925925925925 0.007291666666666667 0.022222222222222223
6 0.13697916666666665 0.5995370370370371 0.09166666666666666 0.08796296296296297
7 0.14140625 0.5541666666666667 0.022395833333333334 0.0787037037037037
7 0.3606770833333333 0.5351851851851851 0.011979166666666667 0.022222222222222223
7 0.6604166666666668 0.6143518518518518 0.0375 0.125
7 0.8049479166666667 0.6143518518518518 0.022395833333333334 0.08611111111111111
7 0.30755208333333334 0.5074074074074074 0.0078125 0.022222222222222223
7 0.28072916666666664 0.5023148148148148 0.008333333333333333 0.021296296296296296
