0 0.5148437499999999 0.5847222222222221 0.034895833333333334 0.08611111111111111
0 0.3627604166666667 0.5643518518518519 0.015104166666666667 0.03611111111111111
0 0.44140625 0.5745370370370371 0.022395833333333334 0.075
11 0.38749999999999996 0.5578703703703703 0.028125 0.049074074074074076
9 0.06588541666666667 0.6310185185185184 0.1296875 0.1787037037037037
9 0.8875000000000001 0.6986111111111111 0.225 0.5046296296296297
6 0.028125 0.6828703703703703 0.05625 0.13425925925925927
7 0.59140625 0.686574074074074 0.07864583333333333 0.38055555555555554
7 0.9757812499999999 0.6875 0.0484375 0.2638888888888889
7 0.15755208333333331 0.6458333333333334 0.0578125 0.2212962962962963
7 0.22135416666666666 0.6375000000000001 0.052083333333333336 0.2212962962962963
7 0.4708333333333333 0.610648148148148 0.029166666666666667 0.13240740740740742
7 0.42265624999999996 0.6481481481481481 0.049479166666666664 0.2462962962962963
7 0.08307291666666666 0.5842592592592593 0.0234375 0.05555555555555555
7 0.04192708333333334 0.5930555555555556 0.021354166666666667 0.04722222222222222
7 0.2651041666666667 0.6310185185185184 0.03229166666666667 0.19907407407407407
7 0.2953125 0.6092592592592593 0.026041666666666668 0.16666666666666666
7 0.3098958333333333 0.5851851851851853 0.0125 0.08518518518518518
7 0.33072916666666663 0.5773148148148148 0.0125 0.05462962962962963
7 0.35312499999999997 0.5671296296296295 0.004166666666666667 0.025
7 0.378125 0.538888888888889 0.008333333333333333 0.018518518518518517
7 0.39921874999999996 0.5412037037037037 0.0046875 0.017592592592592594
