0 0.36744791666666665 0.5819444444444445 0.0171875 0.04722222222222222
0 0.4161458333333333 0.5787037037037037 0.0125 0.03518518518518519
0 0.44088541666666664 0.5884259259259259 0.025520833333333333 0.06944444444444445
0 0.40781249999999997 0.5768518518518518 0.00625 0.03148148148148148
0 0.4018229166666667 0.5782407407407407 0.005729166666666666 0.025
11 0.3825520833333333 0.5708333333333334 0.022395833333333334 0.041666666666666664
7 0.32526041666666666 0.6055555555555556 0.018229166666666668 0.07407407407407407
7 0.3002604166666667 0.5731481481481482 0.0109375 0.018518518518518517
7 0.37187499999999996 0.5513888888888888 0.010416666666666666 0.013888888888888888
7 0.39140625 0.5537037037037038 0.005729166666666666 0.012962962962962963
7 0.35234375 0.5805555555555555 0.0036458333333333334 0.025925925925925925
7 0.35598958333333336 0.5805555555555556 0.0036458333333333334 0.020370370370370372
7 0.2825520833333333 0.575 0.005729166666666666 0.03148148148148148
7 0.31145833333333334 0.576388888888889 0.00625 0.021296296296296296
