0 0.13411458333333334 0.6615740740740741 0.17864583333333334 0.4324074074074074
0 0.2846354166666667 0.575 0.03697916666666667 0.11296296296296296
0 0.37109375 0.5652777777777778 0.027604166666666666 0.0787037037037037
7 0.3723958333333333 0.5560185185185185 0.015625 0.023148148148148147
7 0.4143229166666667 0.5666666666666667 0.008854166666666666 0.05
0 0.39817708333333335 0.5629629629629629 0.021354166666666667 0.06296296296296296
0 0.32005208333333335 0.5625 0.0171875 0.049074074074074076
7 0.23098958333333333 0.587962962962963 0.009895833333333333 0.02962962962962963
7 0.23723958333333334 0.5865740740740741 0.0067708333333333336 0.026851851851851852
7 0.24036458333333333 0.5824074074074074 0.008854166666666666 0.04814814814814815
7 0.24661458333333333 0.5712962962962963 0.0078125 0.025925925925925925
7 0.26171875 0.5810185185185185 0.0078125 0.05277777777777778
0 0.3333333333333333 0.5597222222222222 0.008333333333333333 0.028703703703703703
7 0.33307291666666666 0.5611111111111111 0.0036458333333333334 0.03148148148148148
7 0.4197916666666667 0.5712962962962963 0.003125 0.025925925925925925
7 0.5205729166666667 0.5592592592592592 0.009895833333333333 0.02962962962962963
6 0.7651041666666667 0.6513888888888888 0.12083333333333333 0.11203703703703703
