7 0.9002604166666667 0.6356481481481482 0.058854166666666666 0.3435185185185185
7 0.9575520833333333 0.5949074074074073 0.03177083333333333 0.11203703703703703
11 0.9638020833333334 0.34444444444444444 0.07239583333333334 0.3925925925925926
0 0.734375 0.6018518518518519 0.14479166666666668 0.2759259259259259
7 0.6565104166666667 0.5685185185185185 0.0265625 0.11296296296296296
7 0.6216145833333334 0.5814814814814815 0.025520833333333333 0.12777777777777777
0 0.5794270833333334 0.575 0.0859375 0.15925925925925927
0 0.49921875 0.5750000000000001 0.08072916666666667 0.1814814814814815
7 0.5080729166666667 0.55 0.0359375 0.05925925925925926
7 0.4489583333333333 0.5453703703703704 0.023958333333333335 0.053703703703703705
6 0.44375 0.599537037037037 0.0375 0.06574074074074074
0 0.42317708333333337 0.5555555555555555 0.04010416666666667 0.1037037037037037
7 0.40182291666666664 0.5629629629629629 0.018229166666666668 0.09814814814814815
7 0.3177083333333333 0.612037037037037 0.075 0.26851851851851855
6 0.3208333333333333 0.7421296296296296 0.06666666666666667 0.2175925925925926
7 0.196875 0.586574074074074 0.03229166666666667 0.16574074074074074
0 0.26328125 0.5708333333333333 0.058854166666666666 0.1527777777777778
7 0.07083333333333333 0.5486111111111112 0.013541666666666667 0.062037037037037036
7 0.1109375 0.562962962962963 0.03125 0.06666666666666667
0 0.00703125 0.5842592592592593 0.0140625 0.11851851851851852
0 0.21666666666666667 0.5662037037037038 0.034375 0.1361111111111111
0 0.17916666666666667 0.5662037037037038 0.03125 0.1287037037037037
0 0.14687499999999998 0.5560185185185185 0.0375 0.08425925925925926
