0 0.3208333333333333 0.6129629629629629 0.03958333333333333 0.10925925925925926
7 0.13333333333333333 0.6143518518518518 0.014583333333333334 0.023148148148148147
6 0.14661458333333333 0.649074074074074 0.027604166666666666 0.04814814814814815
7 0.2125 0.6 0.014583333333333334 0.04259259259259259
0 0.4453125 0.5893518518518519 0.030208333333333334 0.08425925925925926
7 0.4486979166666667 0.5689814814814815 0.015104166666666667 0.032407407407407406
7 0.48671875000000003 0.5962962962962963 0.019270833333333334 0.08148148148148149
7 0.39869791666666665 0.5796296296296296 0.0067708333333333336 0.024074074074074074
7 0.4234375 0.5847222222222223 0.009375 0.032407407407407406
7 0.36874999999999997 0.5601851851851851 0.004166666666666667 0.007407407407407408
11 0.37369791666666663 0.575 0.016145833333333335 0.027777777777777776
