7 0.6789062499999999 0.700925925925926 0.0796875 0.4148148148148148
7 0.9471354166666667 0.7236111111111112 0.10572916666666667 0.5527777777777778
0 0.8484375 0.7111111111111111 0.12604166666666666 0.46111111111111114
7 0.36953125 0.5962962962962962 0.022395833333333334 0.08888888888888889
6 0.38046875 0.6675925925925926 0.025520833333333333 0.10185185185185185
0 0.33671874999999996 0.6388888888888888 0.05364583333333333 0.1685185185185185
7 0.29583333333333334 0.6467592592592593 0.071875 0.2324074074074074
9 0.2591145833333333 0.8787037037037037 0.2786458333333333 0.2351851851851852
0 0.10468749999999999 0.7231481481481482 0.18229166666666666 0.4777777777777778
0 0.24270833333333333 0.6342592592592592 0.059375 0.15925925925925927
7 0.008854166666666666 0.7652777777777778 0.017708333333333333 0.3175925925925926
0 0.4041666666666667 0.6134259259259259 0.026041666666666668 0.1361111111111111
0 0.45078125 0.6263888888888889 0.0703125 0.1935185185185185
0 0.49973958333333335 0.612037037037037 0.04010416666666667 0.14814814814814814
0 0.5416666666666666 0.6231481481481481 0.05416666666666667 0.19444444444444445
0 0.6778645833333333 0.6652777777777779 0.22135416666666666 0.3416666666666667
7 0.9835937499999999 0.5435185185185185 0.0328125 0.07222222222222222
