7 0.7546875 0.5972222222222222 0.040625 0.18888888888888888
9 0.73828125 0.6652777777777777 0.1359375 0.27870370370370373
3 0.4166666666666667 0.6171296296296296 0.03854166666666667 0.058333333333333334
7 0.45442708333333337 0.5953703703703703 0.0109375 0.027777777777777776
0 0.4552083333333333 0.6060185185185185 0.035416666666666666 0.075
7 0.47708333333333336 0.5810185185185185 0.007291666666666667 0.023148148148148147
9 0.47578125 0.6083333333333333 0.0140625 0.06666666666666667
7 0.36432291666666666 0.6041666666666666 0.005729166666666666 0.025
9 0.3651041666666667 0.6282407407407408 0.021875 0.03611111111111111
11 0.3869791666666667 0.5949074074074073 0.01875 0.03425925925925926
