7 0.34739583333333335 0.6675925925925925 0.1875 0.5037037037037037
6 0.35624999999999996 0.912962962962963 0.13541666666666666 0.17407407407407408
7 0.8239583333333333 0.5902777777777778 0.059375 0.24351851851851852
0 0.8059895833333333 0.6476851851851853 0.21302083333333333 0.4898148148148148
0 0.9619791666666666 0.6532407407407408 0.07604166666666666 0.6935185185185185
7 0.9700520833333334 0.5657407407407408 0.0546875 0.25
7 0.6731770833333334 0.5467592592592593 0.022395833333333334 0.05462962962962963
0 0.6721354166666667 0.5712962962962963 0.05572916666666667 0.1814814814814815
7 0.5520833333333334 0.5476851851851852 0.022916666666666665 0.09722222222222222
0 0.5614583333333333 0.5791666666666667 0.11458333333333333 0.18981481481481483
7 0.4315104166666667 0.5356481481481481 0.024479166666666666 0.06018518518518518
0 0.43776041666666665 0.5972222222222222 0.0921875 0.2722222222222222
7 0.50078125 0.5814814814814815 0.0265625 0.14814814814814814
0 0.18151041666666667 0.674537037037037 0.2682291666666667 0.5916666666666667
0 0.018489583333333334 0.5851851851851851 0.03697916666666667 0.1648148148148148
11 0.05520833333333333 0.5361111111111111 0.10625 0.22777777777777777
