7 0.8416666666666667 0.7689814814814815 0.06875 0.3101851851851852
7 0.8833333333333333 0.6814814814814815 0.03854166666666667 0.16296296296296298
7 0.76796875 0.6773148148148148 0.0421875 0.1361111111111111
7 0.36432291666666666 0.6648148148148147 0.0234375 0.07407407407407407
7 0.46848958333333335 0.6444444444444445 0.008854166666666666 0.020370370370370372
6 0.46875 0.6708333333333334 0.015625 0.03796296296296296
0 0.4578125 0.6518518518518519 0.017708333333333333 0.03518518518518519
0 0.44505208333333335 0.6402777777777778 0.0078125 0.017592592592592594
0 0.4356770833333333 0.6398148148148148 0.0078125 0.018518518518518517
0 0.40781249999999997 0.6499999999999999 0.019791666666666666 0.04814814814814815
7 0.41822916666666665 0.6240740740740741 0.004166666666666667 0.014814814814814815
7 0.43124999999999997 0.6263888888888889 0.00625 0.010185185185185186
11 0.4239583333333333 0.6375000000000001 0.014583333333333334 0.026851851851851852
