7 0.7640625 0.5412037037037037 0.078125 0.17685185185185184
7 0.5276041666666667 0.5652777777777778 0.020833333333333332 0.10277777777777777
7 0.4276041666666667 0.5337962962962963 0.026041666666666668 0.05277777777777778
7 0.39088541666666665 0.5384259259259259 0.027604166666666666 0.030555555555555555
7 0.29296875 0.5523148148148148 0.0234375 0.049074074074074076
7 0.1234375 0.6027777777777777 0.17291666666666666 0.22777777777777777
6 0.14609375 0.7953703703703704 0.08072916666666667 0.21481481481481482
0 0.3315104166666667 0.5425925925925926 0.0171875 0.03518518518518519
7 0.3325520833333333 0.5310185185185184 0.0067708333333333336 0.019444444444444445
0 0.7481770833333333 0.6143518518518518 0.20989583333333334 0.39537037037037037
0 0.35651041666666666 0.5421296296296296 0.028645833333333332 0.08425925925925926
0 0.22005208333333334 0.5740740740740741 0.08385416666666666 0.09814814814814815
6 0.28958333333333336 0.5912037037037037 0.027083333333333334 0.058333333333333334
0 0.41901041666666666 0.5449074074074074 0.0296875 0.10092592592592593
