0 0.13984375 0.6879629629629629 0.2796875 0.6222222222222222
0 0.3067708333333333 0.5939814814814814 0.029166666666666667 0.06388888888888888
11 0.38020833333333337 0.5768518518518518 0.016666666666666666 0.02962962962962963
7 0.37656249999999997 0.5828703703703704 0.004166666666666667 0.019444444444444445
7 0.35651041666666666 0.5819444444444444 0.0036458333333333334 0.013888888888888888
0 0.36093749999999997 0.5805555555555555 0.008333333333333333 0.022222222222222223
0 0.39296875 0.5777777777777778 0.005729166666666666 0.018518518518518517
0 0.39947916666666666 0.5810185185185186 0.007291666666666667 0.01574074074074074
7 0.40911458333333334 0.5796296296296296 0.0046875 0.016666666666666666
6 0.37395833333333334 0.5888888888888888 0.00625 0.022222222222222223
0 0.36666666666666664 0.5791666666666667 0.004166666666666667 0.017592592592592594
