0 0.8130208333333334 0.6083333333333334 0.37395833333333334 0.7425925925925926
0 0.5307291666666667 0.6046296296296296 0.14583333333333334 0.2611111111111111
0 0.32786458333333335 0.6245370370370371 0.0546875 0.13796296296296295
0 0.25833333333333336 0.6333333333333334 0.08229166666666667 0.21296296296296297
0 0.43359375 0.6074074074074074 0.0546875 0.1648148148148148
9 0.3536458333333333 0.6712962962962963 0.08020833333333334 0.17407407407407408
1 0.38177083333333334 0.6194444444444445 0.03229166666666667 0.07407407407407407
7 0.52734375 0.6587962962962963 0.043229166666666666 0.24537037037037038
7 0.9046875000000001 0.6416666666666667 0.11145833333333334 0.49074074074074076
7 0.35703125 0.5912037037037037 0.028645833333333332 0.075
7 0.3809895833333333 0.5592592592592592 0.019270833333333334 0.037037037037037035
7 0.025520833333333333 0.6467592592592593 0.051041666666666666 0.225
7 0.03307291666666667 0.8282407407407407 0.06614583333333333 0.33425925925925926
7 0.05546875 0.6763888888888889 0.0453125 0.25833333333333336
7 0.0828125 0.6680555555555555 0.030208333333333334 0.21203703703703702
7 0.10755208333333333 0.6638888888888889 0.043229166666666666 0.2
7 0.14947916666666666 0.649537037037037 0.029166666666666667 0.1787037037037037
7 0.17213541666666665 0.649537037037037 0.025520833333333333 0.19537037037037036
7 0.18880208333333334 0.6537037037037037 0.0359375 0.17962962962962964
7 0.5604166666666667 0.662962962962963 0.03958333333333333 0.24259259259259258
7 0.38307291666666665 0.5712962962962963 0.0296875 0.05555555555555555
