0 0.30182291666666666 0.6513888888888889 0.05364583333333333 0.1361111111111111
0 0.09895833333333333 0.6981481481481482 0.19791666666666666 0.5796296296296296
0 0.6151041666666667 0.5916666666666667 0.08125 0.1814814814814815
0 0.7783854166666667 0.7101851851851851 0.2609375 0.4685185185185185
0 0.91640625 0.7300925925925926 0.1671875 0.5398148148148149
0 0.375 0.6226851851851852 0.030208333333333334 0.11388888888888889
9 0.26875 0.7152777777777778 0.0875 0.1712962962962963
1 0.5606770833333333 0.8226851851851852 0.14739583333333334 0.3398148148148148
6 0.40729166666666666 0.7342592592592593 0.08125 0.21481481481481482
7 0.5489583333333333 0.575925925925926 0.06770833333333333 0.1388888888888889
7 0.403125 0.6291666666666667 0.065625 0.11018518518518519
7 0.26458333333333334 0.6337962962962963 0.0375 0.08425925925925926
7 0.35442708333333334 0.6324074074074073 0.021354166666666667 0.06851851851851852
7 0.21328125 0.6587962962962962 0.024479166666666666 0.11203703703703703
