11 0.48411458333333335 0.5837962962962963 0.1109375 0.2490740740740741
7 0.25234375 0.5791666666666667 0.013020833333333334 0.062037037037037036
0 0.10546875 0.675 0.2109375 0.48333333333333334
0 0.32864583333333336 0.5666666666666667 0.01875 0.05185185185185185
7 0.39166666666666666 0.5615740740740741 0.008333333333333333 0.023148148148148147
1 0.39218749999999997 0.5856481481481481 0.00625 0.026851851851851852
1 0.35911458333333335 0.575 0.005729166666666666 0.016666666666666666
7 0.35911458333333335 0.5592592592592592 0.005729166666666666 0.016666666666666666
0 0.3528645833333333 0.5625 0.0078125 0.025
0 0.31640625 0.5666666666666667 0.005729166666666666 0.04259259259259259
7 0.6596354166666667 0.7041666666666666 0.033854166666666664 0.09537037037037037
7 0.7026041666666667 0.712962962962963 0.04375 0.09074074074074075
