0 0.4903645833333333 0.5555555555555556 0.0765625 0.1925925925925926
0 0.4015625 0.537962962962963 0.021875 0.06296296296296296
7 0.4395833333333333 0.5249999999999999 0.010416666666666666 0.027777777777777776
1 0.4411458333333333 0.5541666666666666 0.010416666666666666 0.030555555555555555
7 0.4002604166666667 0.5189814814814815 0.0109375 0.023148148148148147
0 0.3434895833333333 0.575462962962963 0.05364583333333333 0.14722222222222223
7 0.0625 0.7092592592592593 0.090625 0.40925925925925927
1 0.06354166666666666 0.8675925925925926 0.11145833333333334 0.26481481481481484
7 0.3106770833333334 0.5541666666666667 0.0109375 0.062037037037037036
0 0.3736979166666667 0.5314814814814816 0.009895833333333333 0.024074074074074074
