7 0.6578125 0.4893518518518518 0.17083333333333334 0.6027777777777777
7 0.37213541666666666 0.639351851851852 0.15572916666666667 0.7212962962962963
9 0.5901041666666667 0.675 0.7072916666666667 0.6259259259259259
7 0.08723958333333333 0.6601851851851852 0.17447916666666666 0.5314814814814814
0 0.10859375 0.6287037037037038 0.2171875 0.5074074074074074
6 0.090625 0.9634259259259259 0.09375 0.07314814814814814
0 0.2713541666666667 0.5893518518518519 0.096875 0.30462962962962964
7 0.26588541666666665 0.5800925925925926 0.058854166666666666 0.21388888888888888
0 0.49557291666666664 0.5296296296296297 0.0765625 0.12037037037037036
0 0.58515625 0.5189814814814815 0.05677083333333333 0.07314814814814814
0 0.5460937499999999 0.5212962962962963 0.03177083333333333 0.06296296296296296
