0 0.7020833333333333 0.5893518518518519 0.2 0.38796296296296295
7 0.7020833333333334 0.4953703703703704 0.034375 0.13703703703703704
7 0.7411458333333334 0.5125 0.04583333333333333 0.1398148148148148
0 0.4984375 0.5685185185185185 0.07291666666666667 0.17777777777777778
7 0.49453125 0.5231481481481481 0.0234375 0.04259259259259259
0 0.45182291666666663 0.5351851851851852 0.0203125 0.08888888888888889
0 0.4309895833333333 0.5236111111111111 0.016145833333333335 0.04722222222222222
0 0.34869791666666666 0.5453703703703704 0.03802083333333333 0.1
11 0.3888020833333333 0.5347222222222222 0.0296875 0.06388888888888888
11 0.40572916666666664 0.5175925925925926 0.0125 0.046296296296296294
7 0.38437499999999997 0.4935185185185185 0.00625 0.014814814814814815
7 0.4075520833333333 0.4967592592592593 0.005729166666666666 0.019444444444444445
