7 0.31276041666666665 0.5268518518518518 0.05260416666666667 0.10925925925925926
6 0.31614583333333335 0.6148148148148148 0.035416666666666666 0.13333333333333333
7 0.39817708333333335 0.4958333333333333 0.013020833333333334 0.021296296296296296
9 0.396875 0.5263888888888889 0.03333333333333333 0.03981481481481482
7 0.43255208333333334 0.5208333333333334 0.016145833333333335 0.06574074074074074
0 0.4888020833333333 0.5199074074074074 0.0453125 0.10648148148148148
0 0.3458333333333333 0.5087962962962963 0.014583333333333334 0.041666666666666664
0 0.37578125 0.5069444444444444 0.011979166666666667 0.03981481481481482
11 0.41250000000000003 0.4949074074074074 0.022916666666666665 0.058333333333333334
11 0.5007812500000001 0.4949074074074074 0.1390625 0.09907407407407408
0 0.36041666666666666 0.5037037037037038 0.007291666666666667 0.020370370370370372
11 0.38958333333333334 0.49259259259259264 0.016666666666666666 0.02962962962962963
