7 0.5518229166666667 0.6143518518518518 0.08072916666666667 0.16574074074074074
6 0.56015625 0.7467592592592592 0.1015625 0.2675925925925926
7 0.12265625 0.6046296296296296 0.03177083333333333 0.17592592592592593
0 0.28020833333333334 0.5875 0.06770833333333333 0.1638888888888889
0 0.38020833333333337 0.5666666666666667 0.022916666666666665 0.06481481481481481
7 0.35078125 0.5509259259259259 0.005729166666666666 0.011111111111111112
7 0.359375 0.5550925925925926 0.005208333333333333 0.013888888888888888
6 0.3510416666666667 0.5652777777777778 0.005208333333333333 0.017592592592592594
6 0.35859375 0.5699074074074074 0.0078125 0.019444444444444445
7 0.14427083333333332 0.6143518518518518 0.020833333333333332 0.15092592592592594
7 0.16770833333333335 0.611574074074074 0.029166666666666667 0.17685185185185184
