0 0.8177083333333333 0.6597222222222222 0.3645833333333333 0.44166666666666665
0 0.53984375 0.6847222222222222 0.1296875 0.33055555555555555
0 0.4026041666666667 0.6287037037037038 0.036458333333333336 0.1111111111111111
0 0.2604166666666667 0.6694444444444444 0.10416666666666667 0.2759259259259259
0 0.14505208333333333 0.6740740740740742 0.1140625 0.2537037037037037
0 0.04192708333333333 0.7421296296296297 0.08385416666666666 0.44537037037037036
0 0.44791666666666663 0.6148148148148148 0.028125 0.09074074074074075
0 0.6135416666666667 0.612037037037037 0.052083333333333336 0.2574074074074074
7 0.7802083333333333 0.7319444444444445 0.07916666666666666 0.47685185185185186
7 0.8734375 0.7351851851851852 0.09479166666666666 0.4425925925925926
7 0.33098958333333334 0.7282407407407407 0.12135416666666667 0.5101851851851852
7 0.3872395833333333 0.6046296296296296 0.022395833333333334 0.0962962962962963
7 0.11380208333333333 0.7629629629629631 0.08489583333333334 0.3851851851851852
