0 0.3260416666666667 0.6583333333333333 0.046875 0.14074074074074075
0 0.44244791666666666 0.6560185185185186 0.0421875 0.11018518518518519
0 0.4942708333333333 0.6587962962962963 0.035416666666666666 0.11388888888888889
7 0.41848958333333336 0.6296296296296297 0.008854166666666666 0.025925925925925925
6 0.4192708333333333 0.6583333333333333 0.00625 0.040740740740740744
0 0.396875 0.6314814814814814 0.010416666666666666 0.025925925925925925
0 0.4104166666666667 0.6370370370370371 0.007291666666666667 0.03148148148148148
11 0.3729166666666667 0.625 0.019791666666666666 0.037037037037037035
7 0.36796875 0.6162037037037037 0.005729166666666666 0.01574074074074074
7 0.37890625 0.6134259259259259 0.005729166666666666 0.012037037037037037
6 0.6859375 0.6976851851851852 0.065625 0.06944444444444445
