7 0.35078125000000004 0.5972222222222222 0.0109375 0.05740740740740741
7 0.371875 0.5810185185185185 0.00625 0.023148148148148147
0 0.38359375 0.5833333333333334 0.0140625 0.040740740740740744
7 0.38984375 0.5518518518518519 0.0067708333333333336 0.018518518518518517
7 0.40703125 0.5583333333333333 0.0078125 0.020370370370370372
11 0.39791666666666664 0.575925925925926 0.019791666666666666 0.040740740740740744
0 0.43697916666666664 0.5851851851851851 0.015625 0.046296296296296294
7 0.43697916666666664 0.5777777777777778 0.004166666666666667 0.018518518518518517
7 0.07682291666666667 0.6888888888888889 0.021354166666666667 0.06481481481481481
1 0.09869791666666666 0.6759259259259259 0.0234375 0.07962962962962963
7 0.11041666666666666 0.6625 0.021875 0.09907407407407408
9 0.17161458333333332 0.6819444444444444 0.0734375 0.12685185185185185
7 0.3268229166666667 0.575925925925926 0.0078125 0.018518518518518517
7 0.33671875 0.5824074074074074 0.005729166666666666 0.03148148148148148
9 0.3294270833333333 0.5893518518518519 0.021354166666666667 0.017592592592592594
0 0.42421875000000003 0.5819444444444444 0.008854166666666666 0.028703703703703703
0 0.4171875 0.5791666666666667 0.00625 0.026851851851851852
0 0.41171875 0.5782407407407407 0.005729166666666666 0.025
