0 0.4721354166666667 0.6782407407407407 0.06927083333333334 0.1824074074074074
0 0.33489583333333334 0.6439814814814815 0.023958333333333335 0.05462962962962963
0 0.3533854166666667 0.6347222222222222 0.013020833333333334 0.030555555555555555
0 0.4 0.6314814814814814 0.009375 0.04814814814814815
11 0.3765625 0.6291666666666667 0.029166666666666667 0.04351851851851852
6 0.4125 0.6810185185185186 0.017708333333333333 0.06759259259259259
6 0.19791666666666666 0.6953703703703704 0.0625 0.06481481481481481
7 0.475 0.6527777777777778 0.051041666666666666 0.06296296296296296
7 0.415625 0.6365740740740741 0.017708333333333333 0.041666666666666664
7 0.32421875 0.6546296296296296 0.0109375 0.06296296296296296
7 0.2986979166666667 0.6583333333333333 0.008854166666666666 0.05
7 0.36614583333333334 0.611574074074074 0.007291666666666667 0.019444444444444445
7 0.38776041666666666 0.6125 0.0078125 0.021296296296296296
7 0.42630208333333336 0.6333333333333333 0.0036458333333333334 0.020370370370370372
