0 0.7268229166666667 0.6555555555555556 0.23072916666666668 0.4703703703703704
7 0.9799479166666666 0.5972222222222222 0.04010416666666667 0.30925925925925923
7 0.6674479166666667 0.5837962962962963 0.07239583333333334 0.21574074074074073
7 0.7864583333333333 0.5513888888888889 0.059375 0.14907407407407408
0 0.5075520833333333 0.5907407407407407 0.06510416666666667 0.1648148148148148
7 0.54296875 0.6060185185185185 0.0203125 0.10833333333333334
7 0.5666666666666667 0.625462962962963 0.019791666666666666 0.09722222222222222
7 0.5098958333333333 0.550462962962963 0.015625 0.03611111111111111
0 0.10546875 0.6467592592592593 0.2109375 0.7064814814814815
7 0.14973958333333331 0.6560185185185186 0.0859375 0.2916666666666667
0 0.26432291666666663 0.6 0.05260416666666667 0.12222222222222222
0 0.3260416666666666 0.5990740740740741 0.059375 0.16111111111111112
0 0.37447916666666664 0.5666666666666667 0.014583333333333334 0.03148148148148148
7 0.4044270833333333 0.5546296296296297 0.0046875 0.009259259259259259
6 0.4041666666666667 0.5703703703703703 0.005208333333333333 0.022222222222222223
7 0.22916666666666669 0.6435185185185185 0.027083333333333334 0.14444444444444443
9 0.41432291666666665 0.562962962962963 0.009895833333333333 0.024074074074074074
3 0.38828125 0.5611111111111111 0.008854166666666666 0.022222222222222223
0 0.39375000000000004 0.5606481481481482 0.003125 0.021296296296296296
