7 0.4908854166666667 0.5643518518518519 0.0171875 0.06388888888888888
7 0.57109375 0.5615740740740741 0.011979166666666667 0.03796296296296296
7 0.18385416666666665 0.537037037037037 0.016666666666666666 0.046296296296296294
6 0.18125 0.5657407407407408 0.052083333333333336 0.05925925925925926
11 0.22291666666666668 0.5222222222222223 0.023958333333333335 0.04814814814814815
11 0.26927083333333335 0.5217592592592593 0.036458333333333336 0.058333333333333334
7 0.259375 0.49398148148148147 0.009375 0.03611111111111111
0 0.25494791666666666 0.5416666666666666 0.028645833333333332 0.08148148148148149
7 0.3067708333333333 0.5263888888888889 0.011458333333333333 0.026851851851851852
1 0.3065104166666667 0.5462962962962964 0.005729166666666666 0.018518518518518517
