7 0.32916666666666666 0.4666666666666667 0.04583333333333333 0.1537037037037037
6 0.32838541666666665 0.5592592592592592 0.03802083333333333 0.11851851851851852
0 0.42604166666666665 0.44537037037037036 0.03333333333333333 0.0962962962962963
0 0.3971354166666667 0.44074074074074077 0.0265625 0.06851851851851852
7 0.5510416666666667 0.49583333333333335 0.028125 0.1398148148148148
7 0.5739583333333333 0.4912037037037037 0.022916666666666665 0.11203703703703703
7 0.26458333333333334 0.4384259259259259 0.011458333333333333 0.049074074074074076
3 0.36822916666666666 0.42592592592592593 0.009375 0.018518518518518517
0 0.35703124999999997 0.4263888888888889 0.0067708333333333336 0.01574074074074074
2 0.34609375000000003 0.4175925925925926 0.015104166666666667 0.037037037037037035
