11 0.3778645833333333 0.686574074074074 0.07135416666666666 0.15648148148148147
7 0.3575520833333333 0.6643518518518519 0.0140625 0.023148148148148147
7 0.39921875 0.6643518518518519 0.0296875 0.026851851851851852
0 0.4578125 0.6652777777777777 0.016666666666666666 0.04537037037037037
7 0.4567708333333333 0.6606481481481481 0.008333333333333333 0.008333333333333333
7 0.43020833333333336 0.6402777777777777 0.007291666666666667 0.013888888888888888
7 0.44817708333333334 0.6379629629629631 0.0078125 0.012962962962962963
11 0.43906249999999997 0.6578703703703703 0.023958333333333335 0.04537037037037037
7 0.34348958333333335 0.675 0.0109375 0.053703703703703705
6 0.3421875 0.6967592592592593 0.008333333333333333 0.032407407407407406
0 0.46822916666666664 0.6583333333333333 0.004166666666666667 0.020370370370370372
