7 0.3364583333333333 0.5069444444444444 0.07083333333333333 0.18981481481481483
6 0.34270833333333334 0.6055555555555555 0.05 0.16296296296296298
7 0.43359375 0.46342592592592596 0.0265625 0.05277777777777778
1 0.43203125000000003 0.5393518518518519 0.034895833333333334 0.09722222222222222
7 0.225 0.5018518518518518 0.015625 0.11481481481481481
11 0.10911458333333333 0.3694444444444444 0.21822916666666667 0.5777777777777777
7 0.815625 0.5064814814814815 0.019791666666666666 0.07407407407407407
7 0.8500000000000001 0.5092592592592593 0.017708333333333333 0.07222222222222222
7 0.8921875 0.5180555555555555 0.016666666666666666 0.05092592592592592
0 0.8854166666666667 0.5125 0.04583333333333333 0.062037037037037036
0 0.95703125 0.5050925925925926 0.05677083333333333 0.06944444444444445
7 0.24088541666666666 0.500462962962963 0.015104166666666667 0.11574074074074074
7 0.2578125 0.49722222222222223 0.020833333333333332 0.11296296296296296
0 0.27890624999999997 0.4601851851851852 0.0067708333333333336 0.018518518518518517
0 0.28645833333333337 0.46064814814814814 0.007291666666666667 0.017592592592592594
7 0.29713541666666665 0.4638888888888889 0.0046875 0.020370370370370372
0 0.26901041666666664 0.46296296296296297 0.0078125 0.022222222222222223
0 0.990625 0.5 0.01875 0.06666666666666667
