0 0.20572916666666669 0.6805555555555556 0.13333333333333333 0.24814814814814815
0 0.36692708333333335 0.6717592592592593 0.0734375 0.19166666666666668
0 0.42213541666666665 0.6518518518518519 0.050520833333333334 0.15555555555555556
0 0.5463541666666667 0.6611111111111111 0.08645833333333333 0.18888888888888888
0 0.8947916666666667 0.6759259259259259 0.21041666666666667 0.6481481481481481
9 0.36875 0.8606481481481482 0.1875 0.23055555555555557
1 0.30416666666666664 0.6847222222222222 0.014583333333333334 0.06944444444444445
1 0.2875 0.6754629629629629 0.0125 0.05462962962962963
4 0.07630208333333334 0.7291666666666667 0.15260416666666668 0.5361111111111111
6 0.15078125 0.8347222222222223 0.0484375 0.19537037037037036
7 0.21015625000000002 0.7935185185185185 0.06614583333333333 0.3907407407407407
7 0.26015625000000003 0.6314814814814815 0.024479166666666666 0.06481481481481481
7 0.28776041666666663 0.6310185185185184 0.0140625 0.0712962962962963
7 0.3671875 0.6527777777777778 0.06770833333333333 0.1685185185185185
7 0.41562499999999997 0.6157407407407408 0.026041666666666668 0.05925925925925926
7 0.5059895833333333 0.6712962962962963 0.027604166666666666 0.1537037037037037
7 0.4861979166666666 0.6509259259259259 0.022395833333333334 0.1111111111111111
7 0.59765625 0.6583333333333333 0.0265625 0.16296296296296298
7 0.63515625 0.663425925925926 0.0265625 0.18981481481481483
7 0.9638020833333334 0.6736111111111112 0.07239583333333334 0.2324074074074074
7 0.30494791666666665 0.6217592592592592 0.0203125 0.06388888888888888
7 0.4630208333333333 0.6518518518518518 0.021875 0.11851851851851852
7 0.6567708333333334 0.638888888888889 0.021875 0.1
7 0.7023437499999999 0.6574074074074074 0.0359375 0.11481481481481481
7 0.728125 0.6791666666666667 0.01875 0.0712962962962963
