0 0.44921875 0.4949074074074074 0.059895833333333336 0.13055555555555556
7 0.45 0.4708333333333334 0.01875 0.03981481481481482
7 0.29010416666666666 0.4819444444444444 0.03125 0.06759259259259259
6 0.2890625 0.5162037037037037 0.01875 0.062037037037037036
7 0.33515625 0.46620370370370373 0.0026041666666666665 0.019444444444444445
7 0.34296875 0.4675925925925926 0.0036458333333333334 0.020370370370370372
7 0.33958333333333335 0.4625 0.003125 0.017592592592592594
0 0.31015624999999997 0.4601851851851852 0.0067708333333333336 0.014814814814814815
0 0.32005208333333335 0.4601851851851852 0.005729166666666666 0.014814814814814815
0 0.3265625 0.46064814814814814 0.00625 0.01574074074074074
7 0.3653645833333333 0.4569444444444445 0.0036458333333333334 0.012037037037037037
1 0.3651041666666667 0.4824074074074074 0.004166666666666667 0.014814814814814815
