0 0.44296875 0.5138888888888888 0.3338541666666667 0.11851851851851852
7 0.6369791666666667 0.5023148148148148 0.04479166666666667 0.11574074074074074
7 0.6864583333333334 0.4847222222222222 0.07708333333333334 0.1675925925925926
7 0.7825520833333333 0.5074074074074074 0.05260416666666667 0.1685185185185185
0 0.7596354166666667 0.5967592592592592 0.2296875 0.3138888888888889
0 0.8598958333333333 0.5578703703703703 0.078125 0.22870370370370371
7 0.9424479166666666 0.6597222222222222 0.11510416666666666 0.6805555555555556
7 0.9283854166666667 0.5435185185185185 0.022395833333333334 0.10925925925925926
7 0.9708333333333333 0.5398148148148149 0.04479166666666667 0.14444444444444443
7 0.17057291666666666 0.6166666666666667 0.3078125 0.6240740740740741
6 0.17630208333333333 0.7731481481481481 0.3067708333333333 0.4537037037037037
0 0.2505208333333333 0.49444444444444446 0.041666666666666664 0.09444444444444444
0 0.6075520833333334 0.5342592592592592 0.05677083333333333 0.1685185185185185
