7 0.2703125 0.5819444444444444 0.07604166666666666 0.24722222222222223
6 0.27447916666666666 0.6564814814814816 0.05416666666666667 0.18703703703703703
3 0.43671875000000004 0.5731481481481482 0.13802083333333334 0.17592592592592593
11 0.3026041666666667 0.4726851851851852 0.042708333333333334 0.10648148148148148
7 0.359375 0.4981481481481481 0.00625 0.011111111111111112
6 0.35989583333333336 0.5148148148148148 0.009375 0.016666666666666666
0 0.6033854166666667 0.5185185185185185 0.022395833333333334 0.02962962962962963
0 0.6421875 0.5152777777777777 0.027083333333333334 0.030555555555555555
0 0.6721354166666667 0.5125 0.019270833333333334 0.026851851851851852
7 0.596875 0.5185185185185185 0.00625 0.02962962962962963
7 0.62578125 0.5185185185185186 0.005729166666666666 0.024074074074074074
7 0.6315104166666667 0.512962962962963 0.0067708333333333336 0.016666666666666666
