0 0.5174479166666667 0.5324074074074074 0.09322916666666667 0.19814814814814816
0 0.97109375 0.513425925925926 0.0578125 0.2490740740740741
0 0.3828125 0.5217592592592593 0.034375 0.09722222222222222
7 0.40468750000000003 0.5037037037037037 0.03229166666666667 0.06296296296296296
6 0.4041666666666667 0.5652777777777778 0.025 0.075
7 0.5265625 0.5027777777777778 0.0375 0.08333333333333333
7 0.4984375 0.5143518518518518 0.035416666666666666 0.058333333333333334
7 0.30729166666666663 0.5287037037037037 0.026041666666666668 0.05
6 0.3088541666666667 0.5662037037037038 0.020833333333333332 0.06759259259259259
7 0.16901041666666666 0.5824074074074074 0.0296875 0.10740740740740741
0 0.11145833333333334 0.6060185185185185 0.22291666666666668 0.25833333333333336
0 0.3442708333333333 0.5041666666666667 0.008333333333333333 0.019444444444444445
11 0.3263020833333333 0.5046296296296297 0.018229166666666668 0.03148148148148148
