7 0.6226562499999999 0.625 0.0484375 0.19444444444444445
0 0.5630208333333333 0.6125 0.13541666666666666 0.2861111111111111
7 0.5640625 0.549074074074074 0.04375 0.10555555555555556
7 0.35963541666666665 0.5685185185185185 0.0140625 0.07222222222222222
7 0.39557291666666666 0.5435185185185185 0.0078125 0.022222222222222223
6 0.39557291666666666 0.5587962962962963 0.005729166666666666 0.023148148148148147
7 0.05546875 0.6902777777777778 0.043229166666666666 0.275
0 0.19114583333333332 0.6041666666666667 0.078125 0.18425925925925926
0 0.2958333333333333 0.5842592592592593 0.06145833333333333 0.16666666666666666
7 0.09453125 0.6324074074074074 0.015104166666666667 0.08333333333333333
7 0.11614583333333334 0.6333333333333333 0.020833333333333332 0.06666666666666667
6 0.24192708333333335 0.5856481481481481 0.0171875 0.05462962962962963
0 0.36640625000000004 0.549537037037037 0.0109375 0.032407407407407406
3 0.38359375 0.5453703703703704 0.0109375 0.024074074074074074
9 0.4065104166666667 0.5509259259259259 0.013020833333333334 0.022222222222222223
7 0.40651041666666665 0.5407407407407407 0.0046875 0.011111111111111112
7 0.6627604166666667 0.6634259259259259 0.025520833333333333 0.16203703703703703
