0 0.81875 0.6916666666666667 0.35104166666666664 0.6166666666666667
7 0.14166666666666666 0.6425925925925926 0.04375 0.2074074074074074
0 0.23776041666666664 0.6231481481481482 0.0796875 0.21666666666666667
0 0.28593749999999996 0.6023148148148149 0.028125 0.1175925925925926
0 0.33828125000000003 0.6337962962962962 0.09114583333333333 0.1787037037037037
7 0.38932291666666663 0.5699074074074074 0.016145833333333335 0.03611111111111111
6 0.3903645833333333 0.6138888888888889 0.018229166666666668 0.05555555555555555
0 0.4255208333333333 0.5949074074074074 0.04583333333333333 0.1175925925925926
7 0.025260416666666667 0.6703703703703704 0.050520833333333334 0.25
9 0.1421875 0.8671296296296296 0.2833333333333333 0.2657407407407407
0 0.60234375 0.6462962962962963 0.06822916666666666 0.2351851851851852
7 0.07604166666666666 0.674074074074074 0.01875 0.11296296296296296
7 0.09505208333333333 0.6504629629629629 0.015104166666666667 0.06388888888888888
7 0.09791666666666667 0.6013888888888889 0.015625 0.03981481481481482
0 0.39609375 0.5814814814814815 0.0171875 0.07777777777777778
0 0.5020833333333333 0.6106481481481482 0.09270833333333334 0.16944444444444445
7 0.5263020833333334 0.637962962962963 0.03802083333333333 0.21481481481481482
7 0.5669270833333333 0.6611111111111111 0.050520833333333334 0.2722222222222222
