7 0.3377604166666667 0.7018518518518518 0.06302083333333333 0.17962962962962964
7 0.46927083333333336 0.7328703703703704 0.052083333333333336 0.29907407407407405
7 0.25911458333333337 0.712037037037037 0.05572916666666667 0.17407407407407408
7 0.14869791666666665 0.8027777777777778 0.08489583333333334 0.3851851851851852
7 0.038802083333333334 0.7374999999999999 0.025520833333333333 0.15648148148148147
0 0.04401041666666667 0.7555555555555555 0.08072916666666667 0.4888888888888889
0 0.1390625 0.7208333333333334 0.13125 0.275
0 0.2682291666666667 0.6898148148148148 0.08229166666666667 0.17037037037037037
0 0.39817708333333335 0.7064814814814815 0.09114583333333333 0.2074074074074074
9 0.3455729166666667 0.8921296296296296 0.1859375 0.21574074074074073
0 0.5169270833333334 0.6569444444444444 0.027604166666666666 0.16018518518518518
0 0.5763020833333333 0.6638888888888889 0.0765625 0.20925925925925926
7 0.5619791666666666 0.6981481481481482 0.03229166666666667 0.18888888888888888
7 0.5984375 0.7000000000000001 0.028125 0.1925925925925926
0 0.69296875 0.6777777777777778 0.16510416666666666 0.35
0 0.8908854166666667 0.6759259259259259 0.21822916666666667 0.5425925925925926
7 0.9796874999999999 0.7175925925925926 0.040625 0.46296296296296297
