7 0.56171875 0.6972222222222222 0.0609375 0.23703703703703705
7 0.38151041666666663 0.6180555555555555 0.018229166666666668 0.08611111111111111
7 0.3958333333333333 0.6097222222222223 0.019791666666666666 0.0712962962962963
7 0.09609375 0.7375 0.0578125 0.3138888888888889
7 0.25156249999999997 0.638425925925926 0.06145833333333333 0.14351851851851852
9 0.23723958333333334 0.7472222222222222 0.1234375 0.22777777777777777
0 0.30885416666666665 0.6439814814814815 0.05625 0.12129629629629629
0 0.3375 0.6124999999999999 0.017708333333333333 0.06018518518518518
11 0.0796875 0.6722222222222223 0.159375 0.34444444444444444
11 0.18645833333333334 0.6513888888888889 0.052083333333333336 0.18796296296296297
0 0.21901041666666665 0.6393518518518518 0.024479166666666666 0.13055555555555556
