0 0.44765625 0.5606481481481482 0.07135416666666666 0.1175925925925926
7 0.4296875 0.5273148148148148 0.011458333333333333 0.019444444444444445
0 0.3888020833333334 0.5555555555555556 0.0265625 0.05925925925925926
7 0.4049479166666667 0.537962962962963 0.005729166666666666 0.020370370370370372
6 0.40755208333333337 0.5611111111111111 0.0109375 0.027777777777777776
0 0.33255208333333336 0.5578703703703703 0.028645833333333332 0.075
7 0.3653645833333333 0.537962962962963 0.0046875 0.011111111111111112
6 0.36614583333333334 0.5504629629629629 0.004166666666666667 0.017592592592592594
0 0.36822916666666666 0.5402777777777777 0.013541666666666667 0.025
7 0.29791666666666666 0.5699074074074073 0.00625 0.05092592592592592
7 0.3065104166666667 0.5694444444444444 0.005729166666666666 0.03518518518518519
7 0.3111979166666667 0.5662037037037037 0.005729166666666666 0.04351851851851852
7 0.3145833333333333 0.5569444444444444 0.00625 0.04537037037037037
7 0.35520833333333335 0.5370370370370371 0.003125 0.012962962962962963
