7 0.34869791666666666 0.5800925925925926 0.0796875 0.24722222222222223
6 0.3497395833333333 0.6759259259259259 0.058854166666666666 0.1685185185185185
7 0.29036458333333337 0.5578703703703703 0.0328125 0.14537037037037037
7 0.3072916666666667 0.5361111111111111 0.011458333333333333 0.08518518518518518
7 0.26458333333333334 0.5078703703703703 0.00625 0.032407407407407406
6 0.26328125 0.5513888888888888 0.024479166666666666 0.06018518518518518
7 0.4135416666666667 0.5208333333333334 0.007291666666666667 0.04351851851851852
7 0.2635416666666667 0.5092592592592593 0.015625 0.03333333333333333
0 0.3903645833333333 0.5115740740740741 0.016145833333333335 0.03796296296296296
7 0.37864583333333335 0.5078703703703704 0.004166666666666667 0.019444444444444445
