7 0.6692708333333334 0.7527777777777778 0.09270833333333334 0.3314814814814815
7 0.7838541666666667 0.7819444444444444 0.084375 0.3435185185185185
0 0.7828125 0.7300925925925926 0.434375 0.5398148148148149
7 0.5505208333333333 0.6199074074074074 0.021875 0.06574074074074074
0 0.5234375 0.6398148148148147 0.05625 0.12962962962962962
0 0.17161458333333335 0.6662037037037036 0.1640625 0.28055555555555556
7 0.21302083333333333 0.6055555555555556 0.03333333333333333 0.09074074074074075
7 0.09114583333333333 0.6851851851851851 0.03958333333333333 0.2462962962962963
0 0.28958333333333336 0.6055555555555555 0.01875 0.05185185185185185
0 0.31145833333333334 0.6046296296296296 0.021875 0.05
7 0.33828125 0.5736111111111112 0.0067708333333333336 0.021296296296296296
7 0.36015625 0.5787037037037036 0.0109375 0.022222222222222223
11 0.3471354166666667 0.6023148148148149 0.0265625 0.05277777777777778
0 0.37395833333333334 0.6087962962962963 0.015625 0.04351851851851852
7 0.3890625 0.6041666666666666 0.008333333333333333 0.019444444444444445
6 0.38515625000000003 0.6268518518518519 0.008854166666666666 0.03888888888888889
0 0.41354166666666664 0.6171296296296296 0.021875 0.06018518518518518
7 0.43359375 0.6199074074074074 0.013020833333333334 0.05462962962962963
7 0.2559895833333333 0.6259259259259259 0.0171875 0.0962962962962963
9 0.4643229166666667 0.6527777777777778 0.03697916666666667 0.03888888888888889
9 0.5552083333333333 0.6782407407407407 0.06041666666666667 0.19166666666666668
0 0.43593750000000003 0.6157407407407407 0.020833333333333332 0.06111111111111111
