3 0.790625 0.5 0.41875 1.0
0 0.5388020833333333 0.3916666666666667 0.1078125 0.2537037037037037
0 0.28802083333333334 0.3925925925925926 0.05 0.10185185185185185
1 0.08984375 0.5046296296296297 0.04635416666666667 0.10555555555555556
6 0.39947916666666666 0.40694444444444444 0.025 0.07685185185185185
7 0.8518229166666667 0.21111111111111108 0.14010416666666667 0.17037037037037037
7 0.39479166666666665 0.36712962962962964 0.026041666666666668 0.08055555555555556
7 0.23411458333333335 0.3944444444444445 0.019270833333333334 0.07037037037037037
7 0.20677083333333335 0.41712962962962963 0.025 0.125
7 0.3151041666666667 0.3675925925925926 0.003125 0.025925925925925925
7 0.3190104166666667 0.36620370370370375 0.0036458333333333334 0.026851851851851852
