7 0.30755208333333334 0.49212962962962964 0.028645833333333332 0.08055555555555556
7 0.3828125 0.4842592592592593 0.034375 0.06666666666666667
6 0.31223958333333335 0.5689814814814815 0.019270833333333334 0.07685185185185185
6 0.38307291666666665 0.5569444444444445 0.0328125 0.062037037037037036
7 0.08229166666666667 0.6180555555555556 0.04375 0.275
7 0.22890625 0.5157407407407407 0.024479166666666666 0.1
7 0.4807291666666667 0.5027777777777778 0.03229166666666667 0.08888888888888889
7 0.5291666666666667 0.4981481481481481 0.015625 0.06666666666666667
0 0.58203125 0.512962962962963 0.05364583333333333 0.11666666666666667
0 0.4427083333333333 0.49722222222222223 0.029166666666666667 0.04814814814814815
11 0.40520833333333334 0.48564814814814816 0.036458333333333336 0.06944444444444445
0 0.27213541666666663 0.4962962962962963 0.016145833333333335 0.027777777777777776
7 0.7734375 0.4912037037037037 0.01875 0.0787037037037037
