7 0.16484375 0.6449074074074074 0.0328125 0.12685185185185185
7 0.21901041666666668 0.6300925925925925 0.0546875 0.12129629629629629
7 0.509375 0.6842592592592592 0.06979166666666667 0.31666666666666665
7 0.3455729166666666 0.6129629629629629 0.022395833333333334 0.07592592592592592
7 0.36640625 0.6041666666666667 0.021354166666666667 0.06759259259259259
0 0.29270833333333335 0.6342592592592593 0.06666666666666667 0.13518518518518519
9 0.19947916666666665 0.7467592592592593 0.14791666666666667 0.25462962962962965
11 0.0484375 0.6708333333333334 0.096875 0.287962962962963
11 0.14401041666666667 0.638425925925926 0.09322916666666667 0.2324074074074074
11 0.8783854166666666 0.612037037037037 0.24322916666666666 0.7685185185185185
7 0.4747395833333333 0.6513888888888888 0.034895833333333334 0.15833333333333333
11 0.6713541666666667 0.611574074074074 0.275 0.5027777777777778
