7 0.7273437500000001 0.6152777777777778 0.06197916666666667 0.24537037037037038
6 0.7760416666666666 0.7694444444444445 0.17291666666666666 0.3148148148148148
0 0.234375 0.638425925925926 0.090625 0.225
0 0.31171875 0.5930555555555556 0.030729166666666665 0.08981481481481482
0 0.33932291666666664 0.5824074074074075 0.016145833333333335 0.03888888888888889
0 0.35520833333333335 0.5791666666666666 0.013541666666666667 0.03425925925925926
0 0.38307291666666665 0.5777777777777778 0.016145833333333335 0.03888888888888889
0 0.40677083333333336 0.5800925925925926 0.015625 0.04537037037037037
7 0.40625 0.5805555555555555 0.004166666666666667 0.037037037037037035
7 0.4200520833333333 0.5828703703703704 0.0036458333333333334 0.025
6 0.2807291666666667 0.6129629629629629 0.011458333333333333 0.03518518518518519
7 0.4252604166666667 0.5833333333333334 0.0036458333333333334 0.018518518518518517
6 0.603125 0.5800925925925926 0.04583333333333333 0.04722222222222222
6 0.5106770833333333 0.6050925925925926 0.04635416666666667 0.03796296296296296
