7 0.5200520833333333 0.637962962962963 0.0734375 0.19444444444444445
6 0.5276041666666667 0.8111111111111111 0.10729166666666666 0.2962962962962963
0 0.7919270833333334 0.6805555555555555 0.4088541666666667 0.3333333333333333
7 0.946875 0.6018518518518519 0.05520833333333333 0.20555555555555555
0 0.11119791666666666 0.7194444444444444 0.22239583333333332 0.5611111111111111
7 0.14635416666666667 0.6597222222222222 0.04583333333333333 0.19166666666666668
7 0.26640625 0.6412037037037037 0.04010416666666667 0.17685185185185184
7 0.30234374999999997 0.6407407407407407 0.027604166666666666 0.12222222222222222
7 0.36822916666666666 0.6166666666666666 0.010416666666666666 0.07777777777777778
7 0.40859375 0.6398148148148148 0.033854166666666664 0.12222222222222222
0 0.390625 0.6314814814814814 0.027083333333333334 0.08888888888888889
0 0.43880208333333337 0.6101851851851852 0.030729166666666665 0.07222222222222222
7 0.33984375 0.5717592592592593 0.013020833333333334 0.028703703703703703
7 0.3708333333333333 0.5620370370370371 0.010416666666666666 0.02962962962962963
11 0.3559895833333333 0.6041666666666666 0.0296875 0.03796296296296296
0 0.24791666666666665 0.6402777777777778 0.06666666666666667 0.18611111111111112
