7 0.9247395833333334 0.6851851851851851 0.15052083333333333 0.4666666666666667
6 0.9283854166666667 0.8912037037037037 0.14322916666666666 0.2175925925925926
0 0.4291666666666667 0.5972222222222222 0.06041666666666667 0.16296296296296298
0 0.4859375 0.5902777777777778 0.04895833333333333 0.12314814814814815
7 0.434375 0.5583333333333333 0.017708333333333333 0.046296296296296294
7 0.48489583333333336 0.5592592592592592 0.020833333333333332 0.04814814814814815
7 0.6760416666666667 0.5893518518518518 0.025 0.09537037037037037
7 0.7067708333333333 0.5953703703703704 0.01875 0.07592592592592592
0 0.3328125 0.5898148148148148 0.04791666666666667 0.13518518518518519
0 0.12630208333333334 0.6962962962962963 0.2526041666666667 0.6074074074074074
7 0.23359375 0.6069444444444445 0.03177083333333333 0.19537037037037036
7 0.265625 0.6041666666666667 0.01875 0.09722222222222222
0 0.2869791666666667 0.5912037037037038 0.040625 0.10277777777777777
7 0.7690104166666666 0.6060185185185185 0.0328125 0.15092592592592594
