7 0.6177083333333333 0.7458333333333333 0.08333333333333333 0.5064814814814815
0 0.6723958333333334 0.649537037037037 0.09270833333333334 0.25277777777777777
7 0.6723958333333333 0.6138888888888889 0.035416666666666666 0.11481481481481481
7 0.45546875 0.6375000000000001 0.03802083333333333 0.18425925925925926
7 0.41875 0.6162037037037037 0.017708333333333333 0.10648148148148148
7 0.37838541666666664 0.6333333333333334 0.0203125 0.16111111111111112
7 0.01640625 0.7935185185185185 0.0328125 0.3814814814814815
7 0.0765625 0.7148148148148148 0.07708333333333334 0.37962962962962965
7 0.17291666666666666 0.6476851851851851 0.034375 0.16574074074074074
0 0.5046875 0.5949074074074074 0.030208333333333334 0.0824074074074074
7 0.20234375 0.6532407407407408 0.030729166666666665 0.19907407407407407
7 0.24817708333333333 0.6328703703703703 0.044270833333333336 0.1361111111111111
7 0.2786458333333333 0.6189814814814815 0.0125 0.125
7 0.29322916666666665 0.6226851851851851 0.023958333333333335 0.14166666666666666
7 0.3203125 0.6208333333333333 0.021875 0.12129629629629629
7 0.33541666666666664 0.612037037037037 0.014583333333333334 0.11296296296296296
7 0.3489583333333333 0.5976851851851852 0.014583333333333334 0.0712962962962963
0 0.37109375 0.5805555555555555 0.013020833333333334 0.037037037037037035
11 0.39921875 0.5777777777777778 0.027604166666666666 0.05
7 0.3888020833333333 0.5569444444444445 0.0067708333333333336 0.026851851851851852
7 0.41119791666666666 0.5578703703703703 0.0078125 0.025
0 0.4401041666666667 0.586111111111111 0.017708333333333333 0.06296296296296296
9 0.7770833333333332 0.6657407407407407 0.09166666666666666 0.1037037037037037
7 0.7252604166666667 0.6398148148148148 0.033854166666666664 0.06666666666666667
