0 0.6486979166666667 0.6574074074074073 0.1328125 0.29259259259259257
7 0.60546875 0.5824074074074074 0.0265625 0.13333333333333333
7 0.6640625 0.5990740740740741 0.057291666666666664 0.09444444444444444
0 0.49895833333333334 0.6018518518518519 0.046875 0.1425925925925926
7 0.4963541666666667 0.5634259259259259 0.020833333333333332 0.04351851851851852
0 0.4544270833333333 0.600462962962963 0.04114583333333333 0.10648148148148148
7 0.34661458333333334 0.5819444444444445 0.0140625 0.049074074074074076
7 0.375 0.5412037037037037 0.008333333333333333 0.017592592592592594
7 0.3958333333333333 0.5402777777777777 0.011458333333333333 0.017592592592592594
0 0.37421875 0.575462962962963 0.0203125 0.058333333333333334
11 0.3859375 0.5671296296296297 0.022916666666666665 0.04722222222222222
0 0.40625 0.5685185185185185 0.009375 0.03518518518518519
0 0.42057291666666663 0.574537037037037 0.016145833333333335 0.05092592592592592
0 0.43671875 0.575462962962963 0.015104166666666667 0.06574074074074074
7 0.10494791666666667 0.5708333333333333 0.018229166666666668 0.05092592592592592
0 0.1328125 0.5675925925925925 0.015625 0.05740740740740741
0 0.16354166666666664 0.5722222222222222 0.022916666666666665 0.06296296296296296
0 0.19088541666666667 0.5930555555555556 0.018229166666666668 0.0824074074074074
11 0.14427083333333332 0.6324074074074074 0.10520833333333333 0.07222222222222222
9 0.22916666666666669 0.6000000000000001 0.05416666666666667 0.11481481481481481
