7 0.8984375 0.6171296296296296 0.12708333333333333 0.30462962962962964
0 0.8270833333333334 0.6828703703703703 0.3458333333333333 0.6287037037037037
7 0.20286458333333332 0.6578703703703703 0.0546875 0.21388888888888888
7 0.31953125 0.5666666666666668 0.011979166666666667 0.03333333333333333
7 0.23203125000000002 0.561574074074074 0.018229166666666668 0.030555555555555555
7 0.4122395833333334 0.5597222222222222 0.008854166666666666 0.023148148148148147
0 0.41119791666666666 0.5675925925925925 0.021354166666666667 0.06296296296296296
0 0.39296875000000003 0.562962962962963 0.0171875 0.053703703703703705
0 0.3815104166666667 0.5643518518518519 0.009895833333333333 0.041666666666666664
0 0.37135416666666665 0.5597222222222222 0.011458333333333333 0.032407407407407406
0 0.33697916666666666 0.5648148148148148 0.019791666666666666 0.04814814814814815
7 0.3354166666666667 0.5333333333333333 0.007291666666666667 0.020370370370370372
7 0.35859375 0.5356481481481482 0.0046875 0.01574074074074074
11 0.34609375 0.5555555555555555 0.022395833333333334 0.04259259259259259
7 0.24895833333333334 0.5782407407407408 0.009375 0.05648148148148148
