0 0.57421875 0.6537037037037037 0.11197916666666667 0.2722222222222222
7 0.5364583333333334 0.6217592592592593 0.03125 0.1287037037037037
7 0.9028645833333333 0.6203703703703703 0.0328125 0.09074074074074075
7 0.30026041666666664 0.6328703703703704 0.018229166666666668 0.07685185185185185
0 0.35260416666666666 0.6037037037037037 0.021875 0.05925925925925926
7 0.3755208333333333 0.5671296296296297 0.004166666666666667 0.017592592592592594
11 0.38906250000000003 0.5995370370370371 0.034375 0.0787037037037037
7 0.46197916666666666 0.6074074074074074 0.01875 0.06851851851851852
7 0.5067708333333333 0.5944444444444444 0.008333333333333333 0.03888888888888889
7 0.44453125 0.5935185185185186 0.005729166666666666 0.02962962962962963
0 0.4236979166666667 0.5962962962962963 0.019270833333333334 0.046296296296296294
7 0.42135416666666664 0.5916666666666667 0.00625 0.014814814814814815
0 0.4106770833333333 0.5902777777777778 0.0067708333333333336 0.021296296296296296
7 0.31354166666666666 0.624537037037037 0.009375 0.06018518518518518
7 0.3984375 0.5638888888888889 0.005208333333333333 0.014814814814814815
7 0.44036458333333334 0.5972222222222222 0.0036458333333333334 0.03518518518518519
7 0.43333333333333335 0.599537037037037 0.003125 0.03425925925925926
