0 0.11458333333333333 0.6828703703703703 0.22916666666666666 0.5712962962962963
7 0.2138020833333333 0.5986111111111111 0.0296875 0.21203703703703702
0 0.290625 0.5722222222222222 0.046875 0.12777777777777777
0 0.4122395833333333 0.5736111111111112 0.0546875 0.13425925925925927
7 0.4153645833333333 0.5555555555555556 0.0296875 0.053703703703703705
7 0.38177083333333334 0.5523148148148148 0.0125 0.03796296296296296
0 0.37109375 0.5583333333333333 0.021354166666666667 0.06481481481481481
0 0.32135416666666666 0.5583333333333333 0.015625 0.05555555555555555
7 0.5809895833333333 0.5643518518518519 0.0171875 0.07685185185185185
7 0.23020833333333332 0.5699074074074073 0.007291666666666667 0.030555555555555555
7 0.24661458333333333 0.587037037037037 0.009895833333333333 0.06111111111111111
7 0.2541666666666667 0.5856481481481481 0.005208333333333333 0.05462962962962963
7 0.2622395833333333 0.5824074074074074 0.009895833333333333 0.05555555555555555
0 0.33307291666666666 0.5550925925925926 0.009895833333333333 0.030555555555555555
7 0.33359374999999997 0.5569444444444445 0.0046875 0.03796296296296296
7 0.34895833333333337 0.5546296296296296 0.005208333333333333 0.027777777777777776
7 0.5580729166666667 0.5504629629629629 0.011979166666666667 0.03796296296296296
7 0.7127604166666667 0.5407407407407407 0.009895833333333333 0.03148148148148148
