0 0.46328125 0.47685185185185186 0.0359375 0.09074074074074075
7 0.46432291666666664 0.4486111111111111 0.0078125 0.025
0 0.4005208333333333 0.4615740740740741 0.013541666666666667 0.03611111111111111
11 0.3575520833333334 0.46805555555555556 0.0265625 0.05462962962962963
11 0.37838541666666664 0.4564814814814815 0.018229166666666668 0.04259259259259259
7 0.36614583333333334 0.4351851851851852 0.00625 0.014814814814814815
7 0.3846354166666666 0.4375 0.0046875 0.013888888888888888
7 0.7041666666666667 0.5092592592592593 0.011458333333333333 0.044444444444444446
7 0.90078125 0.46620370370370373 0.0046875 0.025
7 0.9067708333333333 0.4666666666666667 0.005208333333333333 0.022222222222222223
7 0.9143229166666667 0.46805555555555556 0.005729166666666666 0.025
7 0.9203125 0.46759259259259256 0.005208333333333333 0.025925925925925925
