7 0.6263020833333333 0.500462962962963 0.028645833333333332 0.11574074074074074
0 0.6236979166666667 0.5393518518518519 0.10052083333333334 0.27870370370370373
7 0.7372395833333334 0.5273148148148148 0.019270833333333334 0.062037037037037036
7 0.7643229166666666 0.5314814814814814 0.024479166666666666 0.07222222222222222
7 0.4875 0.5074074074074074 0.00625 0.04259259259259259
7 0.4473958333333333 0.47870370370370374 0.009375 0.022222222222222223
7 0.46458333333333335 0.47500000000000003 0.007291666666666667 0.014814814814814815
11 0.45703125 0.49722222222222223 0.0296875 0.04814814814814815
11 0.4239583333333333 0.5074074074074074 0.027083333333333334 0.05555555555555555
7 0.4934895833333333 0.5115740740740741 0.005729166666666666 0.028703703703703703
