7 0.7481770833333333 0.5935185185185186 0.059895833333333336 0.28703703703703703
7 0.50234375 0.5171296296296296 0.05572916666666667 0.10462962962962963
7 0.440625 0.5074074074074074 0.019791666666666666 0.03333333333333333
7 0.3807291666666667 0.5194444444444445 0.020833333333333332 0.03333333333333333
7 0.2947916666666667 0.5189814814814815 0.025 0.04537037037037037
7 0.026822916666666665 0.7550925925925926 0.05364583333333333 0.475
0 0.15572916666666667 0.5819444444444444 0.05625 0.11574074074074074
0 0.21614583333333331 0.549074074074074 0.034375 0.07407407407407407
0 0.3807291666666667 0.5351851851851852 0.046875 0.11666666666666667
7 0.33749999999999997 0.5087962962962963 0.00625 0.019444444444444445
0 0.3364583333333333 0.5162037037037037 0.017708333333333333 0.04351851851851852
6 0.440625 0.5615740740740741 0.027083333333333334 0.07685185185185185
6 0.2895833333333333 0.5662037037037037 0.021875 0.05462962962962963
6 0.6223958333333333 0.575462962962963 0.06041666666666667 0.0824074074074074
6 0.67421875 0.5884259259259259 0.07447916666666667 0.11203703703703703
0 0.5661458333333333 0.5157407407407407 0.052083333333333336 0.08148148148148149
0 0.509375 0.5486111111111112 0.07604166666666666 0.2101851851851852
7 0.08125 0.563425925925926 0.015625 0.07314814814814814
