7 0.28203125 0.5486111111111112 0.08489583333333334 0.27314814814814814
6 0.28229166666666666 0.6722222222222222 0.05520833333333333 0.17037037037037037
0 0.15807291666666667 0.549537037037037 0.0953125 0.21203703703703702
7 0.21328125 0.5324074074074074 0.0265625 0.11481481481481481
0 0.3927083333333333 0.5023148148148148 0.041666666666666664 0.11388888888888889
0 0.3596354166666667 0.49166666666666664 0.024479166666666666 0.06666666666666667
7 0.3619791666666667 0.47962962962962963 0.017708333333333333 0.027777777777777776
0 0.33307291666666666 0.4875 0.0140625 0.03425925925925926
0 0.3143229166666667 0.4837962962962963 0.0078125 0.017592592592592594
7 0.32317708333333334 0.47685185185185186 0.0036458333333333334 0.009259259259259259
6 0.3223958333333333 0.4898148148148148 0.008333333333333333 0.012962962962962963
0 0.34296875000000004 0.4814814814814815 0.008854166666666666 0.027777777777777776
