7 0.28802083333333334 0.5361111111111111 0.16770833333333332 0.3907407407407407
6 0.29453125 0.7106481481481481 0.1046875 0.2972222222222222
7 0.4734375 0.4560185185185185 0.042708333333333334 0.1287037037037037
7 0.5833333333333334 0.4685185185185185 0.041666666666666664 0.13333333333333333
7 0.3908854166666667 0.4287037037037037 0.024479166666666666 0.09814814814814815
0 0.37864583333333335 0.500925925925926 0.07604166666666666 0.18888888888888888
0 0.46328125 0.5101851851851852 0.06822916666666666 0.22777777777777777
0 0.571875 0.5092592592592593 0.15833333333333333 0.2796296296296296
0 0.7080729166666666 0.49722222222222223 0.15364583333333334 0.24444444444444444
0 0.8875000000000001 0.5537037037037037 0.225 0.7648148148148148
0 0.017708333333333333 0.5291666666666667 0.035416666666666666 0.39351851851851855
0 0.071875 0.4842592592592593 0.052083333333333336 0.19074074074074074
0 0.13828125 0.4509259259259259 0.04010416666666667 0.1
0 0.20338541666666668 0.44722222222222224 0.0390625 0.07407407407407407
7 0.20104166666666667 0.4384259259259259 0.008333333333333333 0.008333333333333333
