0 0.28645833333333337 0.6018518518518519 0.05416666666666667 0.13333333333333333
0 0.33072916666666663 0.5819444444444444 0.021875 0.06018518518518518
0 0.3653645833333334 0.574537037037037 0.0109375 0.030555555555555555
0 0.37656249999999997 0.5740740740740741 0.010416666666666666 0.025925925925925925
7 0.39765625 0.575 0.005729166666666666 0.025925925925925925
7 0.40781249999999997 0.5726851851851852 0.008333333333333333 0.021296296296296296
6 0.41015625 0.5921296296296296 0.008854166666666666 0.030555555555555555
0 0.4143229166666667 0.5731481481481482 0.0109375 0.02962962962962963
0 0.42135416666666664 0.5731481481481481 0.004166666666666667 0.027777777777777776
0 0.4283854166666667 0.5708333333333334 0.0078125 0.021296296296296296
