0 0.6703125000000001 0.7444444444444445 0.225 0.44814814814814813
7 0.6479166666666667 0.8143518518518519 0.059375 0.36018518518518516
7 0.7315104166666667 0.8111111111111111 0.0609375 0.3574074074074074
7 0.42864583333333334 0.6652777777777779 0.027083333333333334 0.04722222222222222
7 0.37526041666666665 0.6814814814814815 0.0390625 0.07777777777777778
9 0.39036458333333335 0.7712962962962963 0.10260416666666666 0.18333333333333332
7 0.0328125 0.7731481481481481 0.065625 0.3111111111111111
0 0.25807291666666665 0.7379629629629629 0.0984375 0.30925925925925923
0 0.3341145833333333 0.7087962962962964 0.0609375 0.15833333333333333
7 0.08333333333333333 0.7796296296296297 0.06145833333333333 0.29444444444444445
7 0.12552083333333333 0.7486111111111111 0.034375 0.22870370370370371
7 0.14401041666666667 0.7615740740740742 0.0484375 0.28055555555555556
7 0.1765625 0.7666666666666667 0.041666666666666664 0.2537037037037037
0 0.4940104166666667 0.7189814814814816 0.07552083333333333 0.2101851851851852
7 0.5502604166666667 0.7157407407407408 0.06510416666666667 0.23333333333333334
