0 0.8757812500000001 0.6490740740740741 0.2484375 0.5333333333333333
0 0.18437499999999998 0.6861111111111111 0.11458333333333333 0.29259259259259257
0 0.26927083333333335 0.6578703703703703 0.04791666666666667 0.13796296296296295
0 0.4278645833333333 0.6777777777777778 0.050520833333333334 0.18888888888888888
0 0.6010416666666667 0.6504629629629629 0.14375 0.22870370370370371
0 0.5010416666666666 0.6328703703703703 0.040625 0.1675925925925926
0 0.4739583333333333 0.6245370370370371 0.021875 0.10833333333333334
9 0.41328125 0.8833333333333334 0.2713541666666667 0.23333333333333334
7 0.46015625 0.6476851851851851 0.016145833333333335 0.09537037037037037
7 0.6786458333333334 0.7092592592592593 0.06145833333333333 0.2759259259259259
7 0.37421875 0.6546296296296296 0.08177083333333333 0.22037037037037038
7 0.26223958333333336 0.7175925925925927 0.03177083333333333 0.21296296296296297
7 0.11276041666666667 0.7379629629629629 0.033854166666666664 0.18518518518518517
7 0.05130208333333333 0.7550925925925925 0.03697916666666667 0.20277777777777778
7 0.021354166666666667 0.813425925925926 0.042708333333333334 0.36203703703703705
7 0.30703125000000003 0.662962962962963 0.019270833333333334 0.10185185185185185
7 0.31927083333333334 0.6564814814814814 0.010416666666666666 0.08148148148148149
