0 0.36380208333333336 0.5740740740740741 0.05572916666666667 0.14629629629629629
0 0.42604166666666665 0.5550925925925926 0.035416666666666666 0.0787037037037037
7 0.45963541666666663 0.536574074074074 0.0140625 0.025
9 0.4583333333333333 0.5597222222222222 0.026041666666666668 0.06388888888888888
11 0.9575520833333334 0.5 0.08489583333333334 0.4425925925925926
0 0.3104166666666667 0.5550925925925926 0.03125 0.06944444444444445
6 0.28932291666666665 0.5685185185185185 0.0171875 0.053703703703703705
11 0.48958333333333337 0.5560185185185186 0.03854166666666667 0.05277777777777778
7 0.3354166666666667 0.5435185185185185 0.009375 0.03518518518518519
1 0.3359375 0.5782407407407407 0.00625 0.03796296296296296
