7 0.396875 0.4810185185185185 0.0375 0.1175925925925926
6 0.4046875 0.5203703703703704 0.0375 0.11296296296296296
7 0.27630208333333334 0.5097222222222222 0.06927083333333334 0.20462962962962963
6 0.28203125 0.5856481481481481 0.06197916666666667 0.16574074074074074
7 0.23255208333333333 0.4666666666666667 0.0140625 0.06296296296296296
7 0.615625 0.4759259259259259 0.009375 0.03888888888888889
7 0.6481770833333333 0.47638888888888886 0.008854166666666666 0.03425925925925926
7 0.6778645833333333 0.4726851851851852 0.011979166666666667 0.03796296296296296
0 0.6481770833333333 0.4740740740740741 0.033854166666666664 0.046296296296296294
0 0.69921875 0.46759259259259256 0.04010416666666667 0.046296296296296294
11 0.1875 0.4106481481481481 0.08541666666666667 0.21574074074074073
