7 0.4354166666666667 0.4847222222222222 0.022916666666666665 0.10648148148148148
7 0.24895833333333334 0.48518518518518516 0.010416666666666666 0.05185185185185185
7 0.34661458333333334 0.45833333333333337 0.0078125 0.02962962962962963
7 0.35442708333333334 0.46064814814814814 0.011979166666666667 0.028703703703703703
6 0.34635416666666663 0.47685185185185186 0.008333333333333333 0.03333333333333333
6 0.3567708333333333 0.48842592592592593 0.0125 0.03796296296296296
0 0.30833333333333335 0.47916666666666663 0.03333333333333333 0.06944444444444445
0 0.28828125 0.4726851851851852 0.009895833333333333 0.04537037037037037
7 0.3263020833333333 0.4564814814814815 0.0026041666666666665 0.009259259259259259
6 0.3268229166666667 0.4657407407407408 0.0036458333333333334 0.009259259259259259
