7 0.4786458333333333 0.5518518518518518 0.0625 0.22407407407407406
7 0.32708333333333334 0.6777777777777778 0.22291666666666668 0.5611111111111111
6 0.33619791666666665 0.8787037037037038 0.1296875 0.22777777777777777
0 0.11770833333333333 0.6444444444444444 0.21979166666666666 0.4648148148148148
7 0.19817708333333334 0.5902777777777778 0.05260416666666667 0.1175925925925926
0 0.81171875 0.6759259259259259 0.3671875 0.6481481481481481
7 0.8213541666666667 0.5643518518518518 0.16770833333333332 0.2861111111111111
0 0.6197916666666667 0.5777777777777778 0.11145833333333334 0.3148148148148148
0 0.5528645833333333 0.5421296296296296 0.0546875 0.14166666666666666
7 0.5203125 0.5212962962962963 0.019791666666666666 0.06481481481481481
9 0.5247395833333334 0.5694444444444444 0.06927083333333334 0.13518518518518519
9 0.4625 0.6837962962962962 0.17291666666666666 0.5083333333333333
