7 0.4278645833333333 0.6574074074074074 0.0140625 0.07407407407407407
7 0.4669270833333334 0.6412037037037036 0.0109375 0.05092592592592592
7 0.49713541666666666 0.6546296296296296 0.013020833333333334 0.05740740740740741
7 0.5187499999999999 0.650462962962963 0.009375 0.062037037037037036
7 0.29973958333333334 0.6180555555555555 0.0109375 0.03981481481481482
0 0.325 0.6194444444444444 0.013541666666666667 0.04814814814814815
0 0.36666666666666664 0.6194444444444444 0.014583333333333334 0.027777777777777776
7 0.3697916666666667 0.6166666666666667 0.004166666666666667 0.014814814814814815
6 0.36822916666666666 0.624537037037037 0.009375 0.019444444444444445
11 0.3458333333333333 0.6148148148148148 0.015625 0.037037037037037035
6 0.49947916666666664 0.7111111111111111 0.030208333333333334 0.06481481481481481
