3 0.4473958333333333 0.6370370370370371 0.06145833333333333 0.16296296296296298
0 0.06510416666666667 0.7351851851851852 0.13020833333333334 0.5074074074074074
0 0.13619791666666667 0.7152777777777778 0.11197916666666667 0.3453703703703704
0 0.37994791666666666 0.6749999999999999 0.05364583333333333 0.11851851851851852
0 0.40520833333333334 0.6375 0.013541666666666667 0.049074074074074076
0 0.49661458333333336 0.624074074074074 0.030729166666666665 0.08333333333333333
0 0.515625 0.6439814814814815 0.04583333333333333 0.16203703703703703
0 0.5736979166666667 0.6615740740740741 0.058854166666666666 0.175
0 0.6598958333333333 0.700925925925926 0.08333333333333333 0.22962962962962963
0 0.78828125 0.688425925925926 0.16822916666666668 0.2953703703703704
0 0.9598958333333334 0.7078703703703704 0.08020833333333334 0.5842592592592593
0 0.22057291666666667 0.6972222222222223 0.11614583333333334 0.2740740740740741
11 0.29140625000000003 0.6564814814814814 0.0578125 0.14814814814814814
9 0.3393229166666667 0.7134259259259259 0.06614583333333333 0.14722222222222223
6 0.8309895833333334 0.8143518518518519 0.14739583333333334 0.287962962962963
7 0.3166666666666667 0.6486111111111111 0.01875 0.05462962962962963
7 0.33671875 0.639351851851852 0.021354166666666667 0.05648148148148148
7 0.6734375 0.662962962962963 0.01875 0.07777777777777778
7 0.6869791666666666 0.6550925925925926 0.016666666666666666 0.03425925925925926
