7 0.21588541666666666 0.6287037037037037 0.021354166666666667 0.1388888888888889
7 0.2565104166666667 0.6449074074074074 0.015104166666666667 0.08055555555555556
7 0.6471354166666666 0.5291666666666667 0.043229166666666666 0.09166666666666666
6 0.6684895833333333 0.6245370370370371 0.0796875 0.14907407407407408
0 0.3515625 0.5773148148148148 0.035416666666666666 0.09537037037037037
6 0.40078125000000003 0.5745370370370371 0.0109375 0.028703703703703703
7 0.3997395833333333 0.550462962962963 0.005729166666666666 0.021296296296296296
0 0.39140625 0.5574074074074074 0.015104166666666667 0.046296296296296294
7 0.284375 0.6162037037037038 0.0125 0.0712962962962963
7 0.29531250000000003 0.6097222222222223 0.009375 0.08796296296296297
7 0.3049479166666667 0.5884259259259259 0.013020833333333334 0.0712962962962963
7 0.3182291666666667 0.5773148148148147 0.007291666666666667 0.030555555555555555
7 0.32395833333333335 0.576388888888889 0.00625 0.03796296296296296
7 0.325 0.5601851851851851 0.005208333333333333 0.016666666666666666
