7 0.37578125 0.6666666666666667 0.1234375 0.412962962962963
6 0.3765625 0.8296296296296296 0.08333333333333333 0.25925925925925924
7 0.6880208333333333 0.6638888888888889 0.20833333333333334 0.5259259259259259
6 0.7450520833333334 0.8342592592592593 0.1984375 0.3314814814814815
0 0.72734375 0.6171296296296296 0.2984375 0.41944444444444445
0 0.9049479166666666 0.624074074074074 0.18802083333333333 0.39814814814814814
7 0.87109375 0.5328703703703703 0.044270833333333336 0.13425925925925927
7 0.75859375 0.5337962962962963 0.043229166666666666 0.12314814814814815
7 0.5015625 0.5703703703703704 0.014583333333333334 0.10740740740740741
7 0.43671875 0.5416666666666666 0.025520833333333333 0.06296296296296296
0 0.44140625 0.5833333333333333 0.05677083333333333 0.1685185185185185
0 0.5333333333333333 0.5606481481481481 0.052083333333333336 0.09166666666666666
7 0.5213541666666667 0.5416666666666667 0.015625 0.024074074074074074
0 0.23958333333333331 0.6222222222222222 0.19166666666666668 0.3037037037037037
7 0.28020833333333334 0.5773148148148148 0.05 0.08425925925925926
7 0.11640624999999999 0.6240740740740741 0.043229166666666666 0.19444444444444445
0 0.04791666666666667 0.6324074074074074 0.09583333333333334 0.31296296296296294
