7 0.49869791666666663 0.6212962962962962 0.022395833333333334 0.04814814814814815
6 0.5018229166666667 0.6657407407407407 0.0265625 0.07222222222222222
7 0.4552083333333333 0.6212962962962962 0.014583333333333334 0.03148148148148148
6 0.45755208333333336 0.6425925925925926 0.0109375 0.03518518518518519
7 0.4291666666666667 0.6185185185185185 0.007291666666666667 0.027777777777777776
9 0.4291666666666667 0.6287037037037038 0.016666666666666666 0.03888888888888889
7 0.3380208333333333 0.6509259259259259 0.020833333333333332 0.06296296296296296
9 0.37473958333333335 0.6324074074074074 0.0171875 0.03148148148148148
7 0.40989583333333335 0.6203703703703705 0.00625 0.018518518518518517
7 0.3893229166666667 0.6050925925925925 0.005729166666666666 0.010185185185185186
7 0.4002604166666667 0.6083333333333333 0.0036458333333333334 0.007407407407407408
11 0.39427083333333335 0.6175925925925926 0.016666666666666666 0.027777777777777776
