7 0.46380208333333334 0.6342592592592593 0.018229166666666668 0.06111111111111111
0 0.4236979166666667 0.6171296296296296 0.0140625 0.04351851851851852
7 0.4427083333333333 0.6171296296296296 0.021875 0.04351851851851852
7 0.3734375 0.6222222222222222 0.010416666666666666 0.03333333333333333
0 0.3802083333333333 0.6180555555555556 0.0125 0.026851851851851852
11 0.40598958333333335 0.6106481481481482 0.0234375 0.03796296296296296
7 0.396875 0.5925925925925926 0.00625 0.014814814814814815
7 0.4122395833333333 0.5944444444444444 0.009895833333333333 0.014814814814814815
11 0.5138020833333333 0.6412037037037037 0.044270833333333336 0.075
11 0.6591145833333333 0.6805555555555555 0.1578125 0.19074074074074074
0 0.8609375 0.6791666666666667 0.17604166666666668 0.24722222222222223
11 0.09635416666666667 0.673611111111111 0.19270833333333334 0.24351851851851852
0 0.39088541666666665 0.6138888888888888 0.0078125 0.022222222222222223
