0 0.6013020833333333 0.7282407407407407 0.15364583333333334 0.3768518518518518
0 0.40625 0.6421296296296296 0.029166666666666667 0.08055555555555556
0 0.44973958333333336 0.6412037037037037 0.030729166666666665 0.0824074074074074
0 0.30312500000000003 0.6458333333333334 0.042708333333333334 0.08981481481481482
0 0.025260416666666667 0.6925925925925926 0.050520833333333334 0.13148148148148148
0 0.3807291666666667 0.6296296296296297 0.017708333333333333 0.037037037037037035
11 0.3567708333333333 0.6268518518518518 0.028125 0.04259259259259259
6 0.0515625 0.8157407407407408 0.103125 0.14629629629629629
7 0.5619791666666667 0.6263888888888889 0.0375 0.0824074074074074
7 0.6052083333333333 0.6569444444444444 0.04895833333333333 0.18425925925925926
7 0.27994791666666663 0.675 0.022395833333333334 0.10740740740740741
7 0.24661458333333333 0.6731481481481482 0.019270833333333334 0.08518518518518518
7 0.18776041666666665 0.6611111111111111 0.025520833333333333 0.06111111111111111
7 0.40729166666666666 0.6305555555555555 0.0125 0.027777777777777776
7 0.45078124999999997 0.6296296296296297 0.011979166666666667 0.03888888888888889
7 0.38020833333333337 0.6226851851851852 0.005208333333333333 0.017592592592592594
7 0.3473958333333333 0.6037037037037037 0.008333333333333333 0.020370370370370372
7 0.36744791666666665 0.6018518518518519 0.0036458333333333334 0.014814814814814815
7 0.035416666666666666 0.7097222222222221 0.030208333333333334 0.09166666666666666
7 0.10104166666666667 0.662962962962963 0.017708333333333333 0.10185185185185185
