11 0.875 0.5388888888888889 0.25 0.22777777777777777
11 0.4359375 0.5319444444444444 0.07916666666666666 0.14166666666666666
7 0.40208333333333335 0.5564814814814815 0.013541666666666667 0.05740740740740741
7 0.42421875 0.5569444444444445 0.021354166666666667 0.049074074074074076
7 0.28411458333333334 0.6074074074074074 0.08697916666666666 0.2351851851851852
6 0.28125 0.7611111111111111 0.075 0.18518518518518517
0 0.20885416666666667 0.5847222222222223 0.059375 0.18055555555555555
0 0.3140625 0.5712962962962963 0.034375 0.1388888888888889
0 0.3403645833333333 0.5550925925925926 0.018229166666666668 0.058333333333333334
0 0.08854166666666666 0.6162037037037037 0.10729166666666666 0.25462962962962965
7 0.1515625 0.5981481481481481 0.03229166666666667 0.15
0 0.044270833333333336 0.637962962962963 0.08854166666666667 0.38333333333333336
0 0.36223958333333334 0.5555555555555556 0.024479166666666666 0.053703703703703705
7 0.3854166666666667 0.5597222222222222 0.007291666666666667 0.04351851851851852
7 0.44401041666666663 0.5615740740740741 0.016145833333333335 0.05277777777777778
9 0.4197916666666667 0.6101851851851852 0.052083333333333336 0.06111111111111111
11 0.5583333333333333 0.5337962962962963 0.14166666666666666 0.21203703703703702
11 0.6723958333333333 0.5324074074074074 0.11458333333333333 0.21666666666666667
