7 0.22447916666666665 0.6189814814814815 0.020833333333333332 0.05092592592592592
11 0.22369791666666666 0.6699074074074075 0.013020833333333334 0.05648148148148148
0 0.24401041666666667 0.6282407407407408 0.03802083333333333 0.08425925925925926
0 0.30859375 0.6185185185185185 0.013020833333333334 0.037037037037037035
0 0.3341145833333333 0.6212962962962962 0.028645833333333332 0.06851851851851852
7 0.32786458333333335 0.5819444444444444 0.005729166666666666 0.019444444444444445
7 0.2890625 0.6222222222222222 0.00625 0.025925925925925925
7 0.2955729166666667 0.6231481481481481 0.0078125 0.03148148148148148
0 0.3572916666666667 0.6203703703703703 0.007291666666666667 0.03148148148148148
0 0.015364583333333333 0.725462962962963 0.030729166666666665 0.5138888888888888
