7 0.53515625 0.5263888888888889 0.021354166666666667 0.10462962962962963
7 0.5674479166666667 0.5222222222222223 0.0265625 0.10555555555555556
7 0.6091145833333333 0.5236111111111111 0.0140625 0.1175925925925926
7 0.38567708333333334 0.5111111111111111 0.030729166666666665 0.07777777777777778
7 0.3229166666666667 0.5143518518518518 0.035416666666666666 0.07685185185185185
6 0.3197916666666667 0.5703703703703703 0.013541666666666667 0.07222222222222222
7 0.225 0.5361111111111111 0.023958333333333335 0.1
0 0.41796875 0.5087962962962963 0.018229166666666668 0.06944444444444445
7 0.41510416666666666 0.49074074074074076 0.008333333333333333 0.022222222222222223
0 0.47578125 0.5106481481481482 0.03697916666666667 0.06018518518518518
0 0.68984375 0.5458333333333333 0.1015625 0.17314814814814813
7 0.9815104166666666 0.5268518518518518 0.03697916666666667 0.15
11 0.4239583333333333 0.4777777777777778 0.042708333333333334 0.07407407407407407
0 0.28828125 0.5060185185185185 0.0203125 0.03981481481481482
0 0.2578125 0.5046296296296297 0.016666666666666666 0.046296296296296294
