7 0.6690104166666667 0.5898148148148148 0.09739583333333333 0.2074074074074074
7 0.74296875 0.5537037037037037 0.016145833333333335 0.12777777777777777
7 0.3619791666666667 0.5527777777777778 0.022916666666666665 0.07222222222222222
7 0.30130208333333336 0.5680555555555555 0.0234375 0.06944444444444445
7 0.16640625 0.5976851851851852 0.022395833333333334 0.13796296296296295
7 0.43828125 0.5347222222222222 0.009895833333333333 0.025
0 0.4354166666666667 0.5416666666666666 0.03854166666666667 0.08148148148148149
0 0.49244791666666665 0.5597222222222222 0.0546875 0.06759259259259259
0 0.9200520833333333 0.5912037037037037 0.15989583333333332 0.3398148148148148
6 0.30182291666666666 0.6254629629629629 0.0234375 0.06018518518518518
6 0.37031250000000004 0.6199074074074074 0.034375 0.08611111111111111
0 0.27291666666666664 0.5532407407407407 0.021875 0.05462962962962963
0 0.2328125 0.5527777777777778 0.026041666666666668 0.046296296296296294
7 0.25416666666666665 0.5592592592592592 0.011458333333333333 0.05555555555555555
11 0.42213541666666665 0.5199074074074074 0.05260416666666667 0.09537037037037037
0 0.5520833333333333 0.5583333333333333 0.04375 0.07592592592592592
