7 0.5606770833333333 0.5277777777777778 0.04635416666666667 0.1648148148148148
7 0.45156250000000003 0.48518518518518516 0.040625 0.06111111111111111
7 0.3442708333333333 0.513888888888889 0.04895833333333333 0.16111111111111112
6 0.34453125 0.6305555555555556 0.050520833333333334 0.14629629629629629
0 0.22395833333333331 0.5291666666666667 0.096875 0.19907407407407407
0 0.0859375 0.5745370370370371 0.1625 0.2972222222222222
7 0.859375 0.49537037037037035 0.03958333333333333 0.06111111111111111
11 0.8690104166666667 0.5351851851851852 0.26197916666666665 0.2611111111111111
6 0.45416666666666666 0.5287037037037037 0.03958333333333333 0.09814814814814815
6 0.7359375 0.4851851851851852 0.034375 0.04814814814814815
0 0.625 0.4861111111111111 0.07916666666666666 0.06481481481481481
0 0.2838541666666667 0.5009259259259259 0.019791666666666666 0.04259259259259259
