7 0.10182291666666667 0.6175925925925926 0.08489583333333334 0.40925925925925927
7 0.18906250000000002 0.5967592592592592 0.071875 0.3435185185185185
7 0.24375 0.5398148148148147 0.058333333333333334 0.2851851851851852
7 0.3684895833333333 0.5787037037037037 0.2109375 0.6388888888888888
6 0.38046875 0.8055555555555556 0.17760416666666667 0.3148148148148148
7 0.47005208333333337 0.43240740740740746 0.044270833333333336 0.1388888888888889
6 0.4911458333333333 0.49166666666666664 0.09270833333333334 0.14814814814814814
0 0.753125 0.3944444444444445 0.26875 0.3351851851851852
7 0.7765625 0.3782407407407407 0.06875 0.19722222222222222
7 0.6903645833333333 0.38611111111111107 0.0515625 0.16666666666666666
7 0.93125 0.3138888888888889 0.03958333333333333 0.11296296296296296
0 0.91171875 0.3509259259259259 0.1765625 0.2574074074074074
0 0.590625 0.4125 0.08958333333333333 0.10462962962962963
7 0.584375 0.4199074074074074 0.034375 0.09537037037037037
7 0.6125 0.4162037037037037 0.030208333333333334 0.09907407407407408
0 0.04114583333333333 0.5976851851851852 0.08229166666666667 0.4009259259259259
0 0.121875 0.5162037037037037 0.07916666666666666 0.19722222222222222
