0 0.9125 0.6773148148148148 0.175 0.6453703703703704
0 0.3984375 0.6532407407407408 0.115625 0.25277777777777777
0 0.13671875 0.6643518518518519 0.08697916666666666 0.1787037037037037
0 0.25546875 0.624537037037037 0.07239583333333334 0.11203703703703703
0 0.21302083333333333 0.6208333333333332 0.01875 0.08611111111111111
0 0.08203125 0.6407407407407407 0.06927083333333334 0.1388888888888889
9 0.055468750000000004 0.874074074074074 0.1078125 0.2462962962962963
6 0.19869791666666667 0.6324074074074074 0.018229166666666668 0.037037037037037035
7 0.9609375 0.7240740740740741 0.078125 0.5018518518518519
7 0.31328125 0.649537037037037 0.034895833333333334 0.16574074074074074
7 0.19296875000000002 0.600462962962963 0.0171875 0.03425925925925926
7 0.30208333333333337 0.5851851851851853 0.009375 0.02962962962962963
7 0.02890625 0.6666666666666666 0.0578125 0.2
7 0.5020833333333333 0.6643518518518519 0.0375 0.24722222222222223
7 0.5497395833333333 0.7513888888888889 0.0640625 0.4305555555555556
7 0.5979166666666667 0.7148148148148149 0.05625 0.3148148148148148
7 0.6440104166666666 0.6555555555555556 0.028645833333333332 0.09259259259259259
7 0.6690104166666667 0.6574074074074074 0.022395833333333334 0.09444444444444444
7 0.7072916666666667 0.7231481481481481 0.06666666666666667 0.2611111111111111
7 0.7471354166666666 0.6236111111111111 0.027604166666666666 0.16018518518518518
7 0.77578125 0.6578703703703704 0.034895833333333334 0.0824074074074074
7 0.8140625 0.6166666666666667 0.0375 0.1574074074074074
7 0.8182291666666667 0.6532407407407408 0.042708333333333334 0.07314814814814814
