7 0.11484375 0.7555555555555555 0.10260416666666666 0.40370370370370373
7 0.5177083333333333 0.549074074074074 0.015625 0.07037037037037037
9 0.5098958333333333 0.5837962962962963 0.057291666666666664 0.1361111111111111
9 0.37421875 0.5768518518518518 0.022395833333333334 0.044444444444444446
0 0.4166666666666667 0.5601851851851852 0.011458333333333333 0.02962962962962963
11 0.39453125 0.5574074074074075 0.0140625 0.024074074074074074
7 0.40859375 0.5611111111111111 0.0046875 0.016666666666666666
7 0.44453125 0.5671296296296295 0.005729166666666666 0.030555555555555555
7 0.38776041666666666 0.5444444444444445 0.005729166666666666 0.012962962962962963
7 0.39921875 0.5435185185185185 0.005729166666666666 0.009259259259259259
