7 0.8059895833333333 0.5722222222222222 0.14635416666666667 0.32407407407407407
9 0.77890625 0.6944444444444444 0.4421875 0.6018518518518519
7 0.43828125 0.4930555555555556 0.028645833333333332 0.09166666666666666
7 0.259375 0.5768518518518518 0.08854166666666667 0.2222222222222222
7 0.0296875 0.700925925925926 0.059375 0.5648148148148148
0 0.19791666666666666 0.575 0.378125 0.5444444444444444
0 0.4239583333333333 0.524537037037037 0.07708333333333334 0.21574074074074073
0 0.4471354166666667 0.4958333333333333 0.043229166666666666 0.10277777777777777
7 0.5075520833333333 0.5097222222222222 0.0453125 0.0712962962962963
7 0.7015625000000001 0.4875 0.0375 0.125
