6 0.66484375 0.5259259259259259 0.06614583333333333 0.12407407407407407
7 0.35911458333333335 0.48750000000000004 0.0484375 0.08796296296296297
6 0.3598958333333333 0.5458333333333333 0.026041666666666668 0.08425925925925926
0 0.4083333333333333 0.48657407407407405 0.025 0.07685185185185185
7 0.4705729166666667 0.4912037037037037 0.019270833333333334 0.05648148148148148
0 0.24192708333333335 0.5194444444444445 0.09947916666666666 0.1925925925925926
7 0.2755208333333333 0.513425925925926 0.010416666666666666 0.11574074074074074
11 0.32838541666666665 0.47222222222222227 0.0140625 0.02962962962962963
0 0.3380208333333333 0.4736111111111111 0.004166666666666667 0.013888888888888888
0 0.3151041666666667 0.475 0.005208333333333333 0.011111111111111112
7 0.3908854166666667 0.48333333333333334 0.008854166666666666 0.05185185185185185
7 0.4322916666666667 0.48518518518518516 0.015625 0.025925925925925925
