7 0.6929687499999999 0.6819444444444445 0.044270833333333336 0.20462962962962963
7 0.6294270833333333 0.637962962962963 0.027604166666666666 0.06666666666666667
7 0.47760416666666666 0.6736111111111112 0.017708333333333333 0.125
0 0.5416666666666666 0.6962962962962962 0.11041666666666666 0.24259259259259258
1 0.67578125 0.7763888888888889 0.05260416666666667 0.1287037037037037
7 0.45 0.6592592592592592 0.034375 0.09259259259259259
7 0.18671875 0.700462962962963 0.07760416666666667 0.1935185185185185
11 0.33098958333333334 0.6606481481481481 0.0484375 0.10092592592592593
0 0.36640625000000004 0.6458333333333334 0.013020833333333334 0.04351851851851852
0 0.3763020833333333 0.6412037037037037 0.0078125 0.028703703703703703
7 0.6531250000000001 0.6828703703703703 0.017708333333333333 0.06574074074074074
6 0.7328125000000001 0.7324074074074074 0.03333333333333333 0.14444444444444443
