0 0.5635416666666666 0.7513888888888889 0.196875 0.49722222222222223
0 0.840625 0.7305555555555556 0.31875 0.5388888888888889
0 0.32499999999999996 0.6847222222222222 0.09270833333333334 0.19907407407407407
0 0.3658854166666667 0.6592592592592592 0.025520833333333333 0.1537037037037037
0 0.44947916666666665 0.6458333333333333 0.04583333333333333 0.11574074074074074
0 0.057291666666666664 0.7652777777777777 0.11458333333333333 0.46944444444444444
0 0.14036458333333335 0.7097222222222223 0.0640625 0.2935185185185185
0 0.19322916666666667 0.6787037037037037 0.05625 0.20185185185185187
0 0.23255208333333335 0.662037037037037 0.034895833333333334 0.15925925925925927
0 0.38385416666666666 0.6268518518518519 0.0125 0.07037037037037037
0 0.4026041666666667 0.6277777777777778 0.022916666666666665 0.07592592592592592
9 0.25416666666666665 0.8875000000000001 0.259375 0.21574074074074073
7 0.5765625 0.6430555555555556 0.08333333333333333 0.14351851851851852
7 0.840625 0.6875 0.09895833333333333 0.2712962962962963
7 0.26015625 0.6833333333333333 0.05260416666666667 0.22407407407407406
7 0.4182291666666667 0.6527777777777778 0.01875 0.10185185185185185
