7 0.33880208333333334 0.6106481481481482 0.0484375 0.1175925925925926
0 0.24635416666666665 0.6759259259259259 0.11770833333333333 0.3055555555555556
0 0.13802083333333334 0.6759259259259259 0.09166666666666666 0.22777777777777777
7 0.07473958333333333 0.7189814814814816 0.044270833333333336 0.1638888888888889
0 0.030208333333333334 0.7134259259259259 0.06041666666666667 0.5083333333333333
0 0.48828125 0.6393518518518518 0.1046875 0.2638888888888889
7 0.5924479166666666 0.6532407407407407 0.044270833333333336 0.1935185185185185
7 0.40234375 0.6060185185185185 0.019270833333333334 0.05277777777777778
11 0.4182291666666667 0.6009259259259259 0.03229166666666667 0.11851851851851852
9 0.3286458333333333 0.8402777777777778 0.18541666666666667 0.28425925925925927
11 0.81484375 0.6282407407407407 0.1828125 0.1787037037037037
6 0.8468749999999999 0.6814814814814815 0.04375 0.11666666666666667
0 0.6377604166666667 0.6328703703703704 0.0890625 0.1287037037037037
