7 0.35260416666666666 0.5083333333333333 0.06145833333333333 0.20555555555555555
6 0.3658854166666667 0.6342592592592593 0.0640625 0.17407407407407408
0 0.6078125 0.5564814814814815 0.22083333333333333 0.5055555555555555
7 0.6252604166666667 0.4638888888888889 0.0671875 0.17037037037037037
7 0.5473958333333333 0.46574074074074073 0.03854166666666667 0.14629629629629629
0 0.8674479166666667 0.5550925925925926 0.26510416666666664 0.875
7 0.9494791666666667 0.5842592592592593 0.10104166666666667 0.4444444444444444
7 0.44765625000000003 0.47268518518518515 0.015104166666666667 0.09537037037037037
7 0.246875 0.4824074074074074 0.025 0.046296296296296294
0 0.18645833333333334 0.5069444444444444 0.07083333333333333 0.18611111111111112
0 0.12838541666666667 0.49768518518518523 0.0546875 0.14166666666666666
0 0.28932291666666665 0.4842592592592593 0.0546875 0.1425925925925926
7 0.4114583333333333 0.45 0.014583333333333334 0.02962962962962963
6 0.4158854166666667 0.4800925925925926 0.0140625 0.04722222222222222
