7 0.3921875 0.5916666666666667 0.058333333333333334 0.08148148148148149
9 0.3809895833333334 0.6509259259259259 0.0890625 0.17222222222222222
7 0.25729166666666664 0.6157407407407408 0.06145833333333333 0.11666666666666667
9 0.2817708333333333 0.8166666666666667 0.15520833333333334 0.2518518518518518
0 0.06614583333333333 0.6916666666666667 0.13229166666666667 0.6166666666666667
7 0.21067708333333335 0.6240740740740741 0.019270833333333334 0.1
0 0.9552083333333333 0.724537037037037 0.08958333333333333 0.36574074074074076
11 0.46119791666666665 0.6097222222222223 0.09010416666666667 0.19907407407407407
11 0.14635416666666667 0.6231481481481481 0.09166666666666666 0.20555555555555555
7 0.32369791666666664 0.6032407407407407 0.0067708333333333336 0.03611111111111111
