0 0.9302083333333334 0.6375 0.13958333333333334 0.5157407407407407
0 0.5716145833333334 0.6444444444444444 0.14739583333333334 0.3296296296296296
0 0.6872395833333333 0.5981481481481481 0.10989583333333333 0.22407407407407406
0 0.37786458333333334 0.6569444444444444 0.07447916666666667 0.22685185185185186
0 0.2755208333333333 0.6333333333333334 0.051041666666666666 0.16111111111111112
0 0.31536458333333334 0.6157407407407407 0.030729166666666665 0.12407407407407407
0 0.1015625 0.7069444444444444 0.203125 0.5861111111111111
0 0.4747395833333334 0.6050925925925925 0.05572916666666667 0.14166666666666666
9 0.46848958333333335 0.8550925925925925 0.20677083333333332 0.2898148148148148
7 0.7234375 0.65 0.06666666666666667 0.3037037037037037
7 0.8174479166666666 0.6662037037037037 0.04010416666666667 0.2212962962962963
7 0.42864583333333334 0.6171296296296297 0.06979166666666667 0.20092592592592592
7 0.571875 0.575 0.04583333333333333 0.10185185185185185
7 0.13489583333333333 0.6648148148148147 0.05 0.13333333333333333
7 0.08802083333333333 0.2574074074074074 0.03229166666666667 0.15185185185185185
7 0.24921875 0.7537037037037038 0.07760416666666667 0.4166666666666667
7 0.7572916666666667 0.6458333333333334 0.057291666666666664 0.287962962962963
7 0.7770833333333333 0.611574074074074 0.023958333333333335 0.1527777777777778
