0 0.79140625 0.6490740740740741 0.4171875 0.7018518518518518
0 0.31015625 0.5587962962962963 0.008854166666666666 0.01574074074074074
11 0.32916666666666666 0.5569444444444445 0.019791666666666666 0.03425925925925926
9 0.36067708333333337 0.5708333333333334 0.0109375 0.021296296296296296
6 0.44010416666666663 0.7171296296296297 0.05520833333333333 0.18055555555555555
7 0.43307291666666664 0.5777777777777777 0.0515625 0.13333333333333333
7 0.47604166666666664 0.5916666666666667 0.0125 0.07037037037037037
7 0.36171875 0.5527777777777778 0.005729166666666666 0.012962962962962963
7 0.2984375 0.5643518518518518 0.005208333333333333 0.019444444444444445
7 0.32447916666666665 0.5439814814814815 0.004166666666666667 0.008333333333333333
7 0.3359375 0.5439814814814815 0.004166666666666667 0.012037037037037037
