0 0.48359375 0.575 0.03177083333333333 0.09259259259259259
0 0.5296875 0.576851851851852 0.022916666666666665 0.11481481481481481
0 0.5903645833333334 0.5925925925925926 0.10052083333333334 0.22407407407407406
0 0.4114583333333333 0.5685185185185185 0.015625 0.037037037037037035
0 0.4002604166666667 0.5648148148148148 0.0078125 0.027777777777777776
6 0.43515624999999997 0.6037037037037037 0.0203125 0.06666666666666667
7 0.43333333333333335 0.5662037037037038 0.021875 0.05277777777777778
7 0.5872395833333333 0.5671296296296297 0.021354166666666667 0.08055555555555556
7 0.61484375 0.5550925925925926 0.0234375 0.06388888888888888
7 0.5598958333333334 0.574537037037037 0.019791666666666666 0.10092592592592593
7 0.4625 0.5643518518518518 0.005208333333333333 0.025
