7 0.16692708333333334 0.5773148148148148 0.0328125 0.1287037037037037
7 0.47786458333333337 0.5194444444444444 0.015104166666666667 0.037037037037037035
1 0.48203124999999997 0.5731481481481482 0.0140625 0.06481481481481481
1 0.4125 0.5462962962962963 0.021875 0.022222222222222223
7 0.41145833333333337 0.525 0.007291666666666667 0.02962962962962963
0 0.38385416666666666 0.5268518518518519 0.011458333333333333 0.03518518518518519
0 0.3927083333333333 0.5226851851851851 0.008333333333333333 0.025
0 0.35442708333333334 0.5319444444444444 0.021354166666666667 0.05648148148148148
0 0.33828125 0.5319444444444444 0.011979166666666667 0.04722222222222222
7 0.3098958333333333 0.5393518518518519 0.0125 0.049074074074074076
0 0.4010416666666667 0.5226851851851851 0.005208333333333333 0.019444444444444445
