0 0.6072916666666667 0.7643518518518518 0.2916666666666667 0.47129629629629627
0 0.37343750000000003 0.6856481481481482 0.040625 0.0824074074074074
0 0.17552083333333335 0.7532407407407407 0.07604166666666666 0.1527777777777778
0 0.41354166666666664 0.6648148148148147 0.021875 0.05740740740740741
11 0.9210937499999999 0.6597222222222222 0.1578125 0.38425925925925924
9 0.31328125 0.7999999999999999 0.10677083333333333 0.20555555555555555
7 0.496875 0.7662037037037037 0.036458333333333336 0.2916666666666667
7 0.6104166666666667 0.6805555555555556 0.07291666666666667 0.16296296296296298
7 0.2484375 0.7157407407407407 0.013541666666666667 0.05185185185185185
7 0.4526041666666667 0.6694444444444445 0.011458333333333333 0.05925925925925926
