7 0.45416666666666666 0.6337962962962963 0.019791666666666666 0.08796296296296297
7 0.27838541666666666 0.6314814814814815 0.06302083333333333 0.16111111111111112
9 0.25546875 0.7944444444444444 0.17864583333333334 0.3314814814814815
0 0.3697916666666667 0.6444444444444445 0.08229166666666667 0.17222222222222222
0 0.7205729166666667 0.637962962962963 0.30885416666666665 0.5833333333333334
0 0.97890625 0.6462962962962964 0.0421875 0.5018518518518519
0 0.06432291666666666 0.6842592592592592 0.12864583333333332 0.38333333333333336
0 0.253125 0.6194444444444445 0.096875 0.18888888888888888
0 0.309375 0.5981481481481482 0.016666666666666666 0.044444444444444446
0 0.5296875 0.625925925925926 0.042708333333333334 0.1111111111111111
0 0.15989583333333332 0.6444444444444444 0.09166666666666666 0.2518518518518518
11 0.4109375 0.5958333333333333 0.03958333333333333 0.08796296296296297
