0 0.5408854166666666 0.6180555555555556 0.06822916666666666 0.2101851851851852
0 0.63515625 0.6185185185185185 0.08177083333333333 0.17407407407407408
0 0.7869791666666667 0.612037037037037 0.075 0.16111111111111112
0 0.3734375 0.5587962962962962 0.013541666666666667 0.03425925925925926
0 0.43359375 0.5666666666666667 0.019270833333333334 0.04259259259259259
11 0.3940104166666667 0.5509259259259259 0.024479166666666666 0.04814814814814815
7 0.06692708333333333 0.7481481481481481 0.11822916666666666 0.5037037037037037
7 0.12630208333333334 0.599537037037037 0.04114583333333333 0.14166666666666666
7 0.22916666666666669 0.6152777777777777 0.027083333333333334 0.1675925925925926
7 0.32734375 0.5768518518518518 0.016145833333333335 0.06481481481481481
7 0.5562499999999999 0.5736111111111111 0.04479166666666667 0.09537037037037037
7 0.5833333333333334 0.6023148148148149 0.026041666666666668 0.125
7 0.4317708333333333 0.5574074074074075 0.00625 0.012962962962962963
7 0.3846354166666667 0.5324074074074074 0.008854166666666666 0.012962962962962963
7 0.40286458333333336 0.5287037037037037 0.0078125 0.014814814814814815
7 0.2557291666666667 0.6083333333333334 0.029166666666666667 0.16111111111111112
7 0.36015624999999996 0.5606481481481481 0.0046875 0.023148148148148147
