0 0.6903645833333334 0.5787037037037037 0.6192708333333333 0.8092592592592592
7 0.8927083333333333 0.7037037037037037 0.12916666666666668 0.5666666666666667
7 0.9768229166666667 0.5064814814814815 0.04635416666666667 0.2
0 0.33880208333333334 0.48935185185185187 0.12760416666666666 0.0787037037037037
7 0.19244791666666666 0.4583333333333333 0.009895833333333333 0.024074074074074074
7 0.24635416666666668 0.4675925925925926 0.008333333333333333 0.022222222222222223
0 0.24609375 0.48842592592592593 0.03697916666666667 0.09537037037037037
0 0.2671875 0.48055555555555557 0.017708333333333333 0.08148148148148149
0 0.22109375 0.47685185185185186 0.0203125 0.05740740740740741
0 0.20338541666666665 0.47268518518518515 0.015104166666666667 0.05462962962962963
7 0.18359375 0.43333333333333335 0.0109375 0.027777777777777776
11 0.17109375 0.46620370370370373 0.030729166666666665 0.08055555555555556
7 0.09713541666666667 0.6208333333333333 0.19427083333333334 0.6583333333333333
6 0.10520833333333333 0.8189814814814814 0.21041666666666667 0.36018518518518516
