7 0.34401041666666665 0.6037037037037036 0.10052083333333334 0.29814814814814816
6 0.3458333333333333 0.75 0.08645833333333333 0.1962962962962963
0 0.22473958333333333 0.5824074074074074 0.10052083333333334 0.25555555555555554
0 0.017447916666666667 0.5560185185185185 0.034895833333333334 0.15462962962962962
7 0.16223958333333333 0.5375 0.0109375 0.05462962962962963
7 0.8549479166666667 0.6212962962962963 0.10572916666666667 0.3074074074074074
9 0.803125 0.825 0.38958333333333334 0.3388888888888889
7 0.5674479166666667 0.5925925925925926 0.030729166666666665 0.1537037037037037
7 0.45208333333333334 0.5606481481481481 0.022916666666666665 0.11574074074074074
7 0.41484375 0.5467592592592593 0.013020833333333334 0.062037037037037036
7 0.43072916666666666 0.5449074074074074 0.010416666666666666 0.05092592592592592
0 0.3940104166666667 0.5356481481481482 0.0265625 0.05648148148148148
11 0.4973958333333333 0.513888888888889 0.11770833333333333 0.2074074074074074
11 0.78671875 0.500925925925926 0.3671875 0.4444444444444444
0 0.051041666666666666 0.5499999999999999 0.03333333333333333 0.13703703703703704
0 0.08958333333333333 0.5439814814814815 0.04791666666666667 0.11944444444444445
0 0.13151041666666669 0.5356481481481482 0.04010416666666667 0.09722222222222222
