7 0.96328125 0.6458333333333334 0.0734375 0.35648148148148145
0 0.9200520833333333 0.6458333333333334 0.15989583333333332 0.7083333333333334
7 0.21302083333333333 0.6402777777777778 0.013541666666666667 0.03796296296296296
9 0.21588541666666666 0.6833333333333333 0.044270833333333336 0.05740740740740741
0 0.14453125 0.6388888888888888 0.009895833333333333 0.025925925925925925
7 0.15546875000000002 0.6342592592592593 0.0036458333333333334 0.009259259259259259
7 0.17447916666666666 0.6398148148148148 0.005208333333333333 0.024074074074074074
7 0.18203125 0.6412037037037037 0.0036458333333333334 0.021296296296296296
6 0.15546875000000002 0.6453703703703704 0.005729166666666666 0.016666666666666666
0 0.12317708333333334 0.638888888888889 0.0067708333333333336 0.018518518518518517
11 0.12473958333333333 0.6319444444444444 0.015104166666666667 0.026851851851851852
2 0.15703125 0.6310185185185185 0.021354166666666667 0.028703703703703703
