7 0.5125 0.5791666666666666 0.04583333333333333 0.18611111111111112
7 0.8052083333333334 0.5546296296296296 0.06875 0.17777777777777778
0 0.8466145833333333 0.6351851851851852 0.24739583333333334 0.48703703703703705
0 0.22786458333333331 0.6458333333333333 0.12135416666666667 0.29907407407407405
0 0.36432291666666666 0.5537037037037037 0.0203125 0.05
0 0.37578125 0.5499999999999999 0.0109375 0.03148148148148148
0 0.4359375 0.5597222222222222 0.029166666666666667 0.06018518518518518
0 0.4161458333333333 0.5481481481481482 0.013541666666666667 0.03148148148148148
0 0.40625 0.548611111111111 0.0125 0.03425925925925926
7 0.8690104166666667 0.5689814814814814 0.08802083333333334 0.20833333333333334
