7 0.020833333333333332 0.7300925925925925 0.041666666666666664 0.2861111111111111
7 0.1640625 0.7027777777777777 0.04895833333333333 0.23148148148148148
0 0.59609375 0.7134259259259259 0.1921875 0.43425925925925923
7 0.6143229166666666 0.6222222222222222 0.0953125 0.13148148148148148
7 0.5536458333333334 0.6541666666666667 0.04895833333333333 0.21388888888888888
7 0.8109375000000001 0.6291666666666667 0.041666666666666664 0.09907407407407408
0 0.76953125 0.6893518518518518 0.1859375 0.4009259259259259
7 0.7497395833333333 0.6620370370370371 0.03802083333333333 0.15185185185185185
6 0.9372395833333333 0.6893518518518518 0.10885416666666667 0.13796296296296295
7 0.11875 0.6032407407407407 0.016666666666666666 0.10833333333333334
7 0.19973958333333333 0.6425925925925926 0.0328125 0.14629629629629629
7 0.23463541666666665 0.6546296296296296 0.030729166666666665 0.18518518518518517
7 0.26484375 0.6356481481481482 0.021354166666666667 0.12314814814814815
7 0.2872395833333333 0.6231481481481482 0.0171875 0.1
7 0.3026041666666667 0.6185185185185186 0.010416666666666666 0.09074074074074075
7 0.31223958333333335 0.6194444444444445 0.0171875 0.10185185185185185
7 0.33307291666666666 0.6203703703703703 0.0140625 0.0962962962962963
7 0.3502604166666667 0.6240740740740741 0.021354166666666667 0.1111111111111111
7 0.37916666666666665 0.6143518518518518 0.013541666666666667 0.08611111111111111
7 0.40234375 0.6268518518518519 0.024479166666666666 0.12222222222222222
0 0.36614583333333334 0.5893518518518519 0.013541666666666667 0.032407407407407406
7 0.4348958333333333 0.6620370370370371 0.035416666666666666 0.22777777777777777
7 0.46927083333333336 0.6486111111111111 0.034375 0.17685185185185184
0 0.48411458333333335 0.600925925925926 0.025520833333333333 0.06111111111111111
