7 0.3216145833333333 0.6078703703703704 0.03177083333333333 0.09907407407407408
7 0.5421874999999999 0.5574074074074075 0.028125 0.06111111111111111
6 0.5437500000000001 0.6087962962962963 0.03333333333333333 0.0824074074074074
7 0.4630208333333333 0.549074074074074 0.0125 0.027777777777777776
9 0.4591145833333334 0.562037037037037 0.0265625 0.06111111111111111
9 0.3888020833333334 0.5694444444444444 0.024479166666666666 0.040740740740740744
0 0.4223958333333333 0.5527777777777778 0.008333333333333333 0.02962962962962963
11 0.40677083333333336 0.5532407407407408 0.015625 0.026851851851851852
7 0.4002604166666667 0.5439814814814815 0.0036458333333333334 0.012037037037037037
7 0.4109375 0.5425925925925926 0.0020833333333333333 0.012962962962962963
