7 0.56953125 0.5333333333333333 0.034895833333333334 0.10740740740740741
7 0.5968749999999999 0.537962962962963 0.029166666666666667 0.1
0 0.5721354166666667 0.5652777777777778 0.12447916666666667 0.27870370370370373
7 0.35130208333333335 0.5685185185185185 0.0640625 0.19444444444444445
6 0.35208333333333336 0.6523148148148148 0.06041666666666667 0.17685185185185184
0 0.4083333333333333 0.5208333333333333 0.017708333333333333 0.05092592592592592
0 0.42552083333333335 0.5185185185185185 0.013541666666666667 0.04814814814814815
7 0.31223958333333335 0.5351851851851852 0.011979166666666667 0.07037037037037037
7 0.28098958333333335 0.5518518518518518 0.0265625 0.11481481481481481
7 0.178125 0.5337962962962962 0.014583333333333334 0.06018518518518518
9 0.3854166666666667 0.5199074074074075 0.017708333333333333 0.021296296296296296
7 0.38723958333333336 0.5069444444444444 0.0078125 0.010185185185185186
