7 0.18307291666666667 0.513425925925926 0.10260416666666666 0.25277777777777777
6 0.19609375 0.6694444444444445 0.0671875 0.23333333333333334
0 0.07395833333333333 0.4893518518518518 0.08125 0.175
0 0.03229166666666667 0.4745370370370371 0.036458333333333336 0.08796296296296297
0 0.3716145833333333 0.5199074074074075 0.16510416666666666 0.30833333333333335
7 0.3848958333333333 0.4375 0.07708333333333334 0.16018518518518518
0 0.6018229166666667 0.5449074074074074 0.19947916666666668 0.3527777777777778
7 0.5950520833333333 0.5041666666666667 0.044270833333333336 0.11388888888888889
7 0.4828125 0.549537037037037 0.03125 0.25277777777777777
7 0.6838541666666667 0.5504629629629629 0.05 0.28055555555555556
0 0.7885416666666667 0.5712962962962963 0.17395833333333333 0.29814814814814816
6 0.2552083333333333 0.4703703703703704 0.011458333333333333 0.02962962962962963
7 0.2513020833333333 0.4412037037037037 0.0140625 0.01574074074074074
7 0.6395833333333334 0.9138888888888889 0.18958333333333333 0.16296296296296298
0 0.9325520833333334 0.5407407407407407 0.13489583333333333 0.2351851851851852
