0 0.46458333333333335 0.6365740740740741 0.06875 0.18796296296296297
0 0.5145833333333334 0.6208333333333333 0.0375 0.1175925925925926
0 0.5971354166666667 0.638425925925926 0.0765625 0.19722222222222222
0 0.08385416666666666 0.7087962962962963 0.16770833333333332 0.5824074074074074
0 0.9221354166666667 0.6847222222222222 0.15572916666666667 0.43796296296296294
0 0.41328125 0.5953703703703703 0.0140625 0.040740740740740744
7 0.21276041666666665 0.6671296296296296 0.0296875 0.15833333333333333
7 0.6924479166666667 0.7064814814814815 0.0546875 0.2833333333333333
7 0.4645833333333333 0.6125 0.06145833333333333 0.0712962962962963
7 0.590625 0.6055555555555555 0.019791666666666666 0.06296296296296296
7 0.13932291666666666 0.7018518518518518 0.0421875 0.19814814814814816
7 0.9911458333333334 0.700925925925926 0.017708333333333333 0.1425925925925926
7 0.23463541666666668 0.6300925925925926 0.018229166666666668 0.10833333333333334
7 0.2614583333333333 0.6273148148148149 0.010416666666666666 0.08796296296296297
7 0.27421875 0.637037037037037 0.0171875 0.12407407407407407
7 0.28593749999999996 0.6268518518518519 0.010416666666666666 0.09259259259259259
7 0.2989583333333333 0.6194444444444444 0.013541666666666667 0.08333333333333333
7 0.31015625 0.6175925925925926 0.009895833333333333 0.08333333333333333
7 0.3221354166666667 0.6180555555555555 0.009895833333333333 0.08611111111111111
7 0.33359374999999997 0.6111111111111112 0.011979166666666667 0.07037037037037037
7 0.34479166666666666 0.6129629629629629 0.009375 0.06666666666666667
7 0.35625 0.6189814814814815 0.016666666666666666 0.08796296296296297
7 0.37057291666666664 0.6398148148148147 0.043229166666666666 0.15
7 0.39609375 0.6310185185185185 0.021354166666666667 0.12314814814814815
