7 0.3109375 0.5689814814814814 0.014583333333333334 0.05462962962962963
7 0.32109375 0.5671296296296295 0.0109375 0.04537037037037037
0 0.3497395833333334 0.5532407407407407 0.008854166666666666 0.025
0 0.37213541666666666 0.5523148148148148 0.005729166666666666 0.025
0 0.38020833333333337 0.5527777777777778 0.007291666666666667 0.024074074074074074
0 0.3880208333333333 0.5564814814814815 0.010416666666666666 0.025925925925925925
7 0.3888020833333333 0.5495370370370369 0.0026041666666666665 0.010185185185185186
11 0.3580729166666667 0.5449074074074074 0.015104166666666667 0.028703703703703703
7 0.3528645833333333 0.5365740740740741 0.005729166666666666 0.013888888888888888
7 0.3638020833333333 0.5365740740740741 0.0046875 0.013888888888888888
