7 0.3575520833333333 0.6236111111111111 0.3546875 0.7453703703703703
7 0.8296875 0.5606481481481481 0.340625 0.875
0 0.14114583333333333 0.6625000000000001 0.28229166666666666 0.675
0 0.44244791666666666 0.5041666666666667 0.09322916666666667 0.17314814814814813
0 0.5348958333333333 0.48564814814814816 0.08958333333333333 0.1787037037037037
7 0.5526041666666667 0.5268518518518518 0.03958333333333333 0.25925925925925924
7 0.5984375 0.5074074074074074 0.03958333333333333 0.1685185185185185
0 0.6153645833333333 0.4634259259259259 0.04739583333333333 0.15833333333333333
0 0.7005208333333334 0.4356481481481481 0.084375 0.14907407407407408
0 0.8440104166666667 0.41574074074074074 0.09322916666666667 0.13333333333333333
7 0.8083333333333333 0.39675925925925926 0.01875 0.0712962962962963
7 0.7703125 0.4046296296296297 0.025 0.06296296296296296
9 0.7625000000000001 0.4300925925925926 0.04583333333333333 0.09907407407407408
