7 0.36354166666666665 0.5037037037037038 0.030208333333333334 0.10555555555555556
6 0.37265624999999997 0.5574074074074074 0.0359375 0.08703703703703704
6 0.5369791666666667 0.5217592592592593 0.04375 0.06574074074074074
7 0.43046875 0.49953703703703706 0.011979166666666667 0.05092592592592592
0 0.3848958333333333 0.48796296296296293 0.021875 0.05185185185185185
0 0.2598958333333333 0.5125 0.08020833333333334 0.17314814814814813
7 0.2682291666666667 0.4685185185185185 0.016666666666666666 0.025925925925925925
7 0.2877604166666667 0.5115740740740741 0.015104166666666667 0.10277777777777777
7 0.4104166666666667 0.4912037037037037 0.020833333333333332 0.023148148148148147
7 0.47890625000000003 0.5013888888888889 0.019270833333333334 0.030555555555555555
