0 0.9078125 0.6226851851851852 0.184375 0.7546296296296297
7 0.97890625 0.663425925925926 0.0421875 0.47314814814814815
7 0.32317708333333334 0.5032407407407408 0.06822916666666666 0.2064814814814815
6 0.32682291666666663 0.6078703703703704 0.0609375 0.17685185185185184
0 0.48463541666666665 0.4833333333333334 0.05677083333333333 0.15925925925925927
7 0.4778645833333333 0.4523148148148148 0.019270833333333334 0.05648148148148148
7 0.3736979166666667 0.4611111111111111 0.013020833333333334 0.05925925925925926
7 0.4458333333333333 0.47268518518518515 0.0125 0.05648148148148148
3 0.36093749999999997 0.4537037037037037 0.014583333333333334 0.020370370370370372
11 0.3375 0.4425925925925926 0.016666666666666666 0.03333333333333333
7 0.14765625 0.5013888888888889 0.0390625 0.12314814814814815
7 0.20989583333333334 0.5152777777777777 0.019791666666666666 0.0787037037037037
