11 0.34479166666666666 0.2148148148148148 0.15833333333333333 0.31666666666666665
9 0.553125 0.3375 0.20625 0.5509259259259259
7 0.7335937499999999 0.23148148148148145 0.024479166666666666 0.15
7 0.7627604166666667 0.2388888888888889 0.030729166666666665 0.16296296296296298
6 0.68125 0.23796296296296296 0.04375 0.06481481481481481
7 0.78515625 0.2236111111111111 0.0265625 0.12685185185185185
7 0.9700520833333333 0.27083333333333337 0.03697916666666667 0.20277777777777778
7 0.85625 0.23425925925925928 0.03229166666666667 0.12962962962962962
7 0.7005208333333333 0.21064814814814817 0.040625 0.09907407407407408
6 0.93125 0.27314814814814814 0.09375 0.10185185185185185
11 0.43463541666666666 0.1949074074074074 0.0359375 0.09722222222222222
