0 0.3130208333333333 0.36527777777777776 0.20104166666666667 0.35648148148148145
0 0.6723958333333333 0.29814814814814816 0.103125 0.21851851851851853
11 0.8611979166666667 0.2763888888888889 0.1484375 0.325
9 0.5755208333333333 0.2884259259259259 0.059375 0.10462962962962963
1 0.6151041666666667 0.30694444444444446 0.028125 0.08796296296296297
6 0.43385416666666665 0.2953703703703704 0.05520833333333333 0.15185185185185185
6 0.9276041666666667 0.5712962962962962 0.14479166666666668 0.5037037037037037
7 0.17526041666666667 0.23472222222222222 0.0453125 0.09907407407407408
7 0.428125 0.24675925925925923 0.014583333333333334 0.049074074074074076
7 0.4682291666666667 0.262037037037037 0.025 0.11296296296296296
7 0.50234375 0.26296296296296295 0.019270833333333334 0.10555555555555556
7 0.5158854166666667 0.26157407407407407 0.0109375 0.09907407407407408
7 0.5830729166666666 0.28564814814814815 0.0203125 0.1175925925925926
7 0.6140625 0.2625 0.027083333333333334 0.09907407407407408
7 0.9265625000000001 0.3407407407407408 0.146875 0.5166666666666667
