3 0.5794270833333334 0.262037037037037 0.0265625 0.07962962962962963
0 0.3611979166666667 0.30462962962962964 0.0859375 0.20555555555555555
0 0.53359375 0.2972222222222222 0.08385416666666666 0.18518518518518517
0 0.6776041666666667 0.2953703703703704 0.09375 0.17592592592592593
0 0.60546875 0.26712962962962966 0.028645833333333332 0.06018518518518518
9 0.44427083333333334 0.3597222222222222 0.125 0.2972222222222222
6 0.775 0.3060185185185185 0.053125 0.13055555555555556
6 0.8138020833333334 0.3125 0.0390625 0.11388888888888889
6 0.7356770833333333 0.31574074074074077 0.024479166666666666 0.07407407407407407
6 0.9822916666666667 0.36574074074074076 0.035416666666666666 0.12222222222222222
7 0.7369791666666666 0.2513888888888889 0.016666666666666666 0.04537037037037037
