7 0.12031249999999999 0.5106481481481482 0.09791666666666667 0.5916666666666667
4 0.058333333333333334 0.5958333333333333 0.11666666666666667 0.4009259259259259
7 0.20026041666666666 0.3162037037037037 0.03177083333333333 0.22314814814814815
7 0.25859375 0.32222222222222224 0.03177083333333333 0.1814814814814815
7 0.29348958333333336 0.3162037037037037 0.034895833333333334 0.19722222222222222
7 0.3263020833333333 0.2800925925925926 0.0140625 0.06574074074074074
7 0.3453125 0.36064814814814816 0.016666666666666666 0.21944444444444444
7 0.36692708333333335 0.3726851851851852 0.050520833333333334 0.28055555555555556
6 0.3125 0.38425925925925924 0.075 0.12962962962962962
9 0.40338541666666666 0.31805555555555554 0.06822916666666666 0.20277777777777778
0 0.4890625 0.36712962962962964 0.12916666666666668 0.275
0 0.6088541666666666 0.35324074074074074 0.11041666666666666 0.225
3 0.69140625 0.3282407407407407 0.1078125 0.1935185185185185
0 0.871875 0.4375 0.25625 0.5638888888888889
