3 0.85625 0.29166666666666663 0.078125 0.1111111111111111
0 0.5182291666666666 0.31574074074074077 0.075 0.16111111111111112
0 0.6403645833333333 0.27499999999999997 0.013020833333333334 0.06111111111111111
0 0.6958333333333334 0.2939814814814815 0.06458333333333334 0.13796296296296295
0 0.9356770833333333 0.29953703703703705 0.1046875 0.1824074074074074
11 0.8026041666666667 0.2421296296296296 0.08645833333333333 0.13796296296296295
9 0.2846354166666667 0.3856481481481482 0.18385416666666668 0.44537037037037036
9 0.60078125 0.30833333333333335 0.06197916666666667 0.17037037037037037
9 0.6283854166666667 0.28518518518518515 0.0265625 0.08888888888888889
8 0.10885416666666667 0.7 0.21770833333333334 0.6
1 0.6572916666666667 0.2990740740740741 0.015625 0.04259259259259259
7 0.41901041666666666 0.3138888888888889 0.033854166666666664 0.1537037037037037
7 0.4434895833333333 0.3236111111111111 0.0328125 0.13240740740740742
7 0.5604166666666666 0.32731481481481484 0.013541666666666667 0.1175925925925926
7 0.5729166666666666 0.3287037037037037 0.025 0.12037037037037036
7 0.6572916666666667 0.28055555555555556 0.015625 0.06296296296296296
