7 0.390625 0.2796296296296297 0.021875 0.11851851851851852
7 0.41901041666666666 0.2851851851851852 0.027604166666666666 0.13333333333333333
7 0.453125 0.27685185185185185 0.015625 0.09444444444444444
9 0.49505208333333334 0.2884259259259259 0.034895833333333334 0.09351851851851851
0 0.55 0.2833333333333333 0.030208333333333334 0.06851851851851852
0 0.6200520833333333 0.32037037037037036 0.09947916666666666 0.2074074074074074
7 0.7174479166666667 0.287962962962963 0.0296875 0.10185185185185185
6 0.7182291666666667 0.30972222222222223 0.03333333333333333 0.10462962962962963
3 0.7221354166666667 0.28703703703703703 0.0671875 0.05925925925925926
0 0.7705729166666667 0.2847222222222222 0.0390625 0.07314814814814814
0 0.8190104166666667 0.2884259259259259 0.0578125 0.09351851851851851
0 0.9822916666666667 0.2986111111111111 0.03333333333333333 0.11944444444444445
