3 0.5908854166666666 0.28935185185185186 0.05572916666666667 0.11203703703703703
3 0.7161458333333334 0.30694444444444446 0.04895833333333333 0.11203703703703703
0 0.5302083333333333 0.31666666666666665 0.06354166666666666 0.1388888888888889
0 0.5989583333333333 0.3074074074074074 0.04479166666666667 0.11481481481481481
0 0.6591145833333333 0.312037037037037 0.08385416666666666 0.17222222222222222
11 0.8005208333333333 0.2962962962962963 0.11458333333333333 0.2074074074074074
6 0.925 0.3180555555555556 0.051041666666666666 0.09907407407407408
6 0.8979166666666667 0.30648148148148147 0.03125 0.09444444444444444
6 0.47265625 0.3143518518518518 0.0109375 0.041666666666666664
7 0.83203125 0.2412037037037037 0.03697916666666667 0.08055555555555556
7 0.8736979166666667 0.3106481481481481 0.0296875 0.1527777777777778
7 0.8588541666666667 0.2550925925925926 0.015625 0.04722222222222222
