3 0.8015625 0.24444444444444444 0.059375 0.07407407407407407
0 0.7473958333333333 0.24537037037037035 0.04479166666666667 0.11296296296296296
11 0.3130208333333333 0.20277777777777778 0.13645833333333332 0.2351851851851852
9 0.6770833333333334 0.38703703703703707 0.19375 0.44074074074074077
9 0.9289062499999999 0.38981481481481484 0.1421875 0.7796296296296297
4 0.4994791666666667 0.3638888888888889 0.08333333333333333 0.14074074074074075
6 0.56640625 0.32453703703703707 0.07135416666666666 0.12685185185185185
7 0.024479166666666666 0.37407407407407406 0.04895833333333333 0.4685185185185185
7 0.07838541666666667 0.32546296296296295 0.0421875 0.3101851851851852
7 0.13385416666666666 0.35 0.10729166666666666 0.4722222222222222
7 0.23880208333333333 0.31342592592592594 0.07135416666666666 0.28425925925925927
7 0.3315104166666667 0.29212962962962963 0.06822916666666666 0.33796296296296297
7 0.42109375 0.28009259259259256 0.05677083333333333 0.262037037037037
7 0.45468749999999997 0.2740740740740741 0.028125 0.22592592592592592
7 0.5127604166666667 0.3041666666666667 0.06302083333333333 0.30462962962962964
