3 0.9757812499999999 0.21388888888888888 0.0484375 0.10740740740740741
0 0.17369791666666665 0.4097222222222222 0.34322916666666664 0.6601851851851852
0 0.6208333333333333 0.2199074074074074 0.04895833333333333 0.10462962962962963
11 0.8716145833333334 0.19675925925925924 0.16302083333333334 0.24351851851851852
9 0.5643229166666667 0.2125 0.027604166666666666 0.06759259259259259
9 0.5888020833333333 0.20046296296296295 0.016145833333333335 0.04722222222222222
1 0.5244791666666667 0.24027777777777778 0.022916666666666665 0.06759259259259259
6 0.7481770833333334 0.3222222222222222 0.10364583333333334 0.2796296296296296
7 0.5252604166666666 0.22546296296296298 0.021354166666666667 0.075
7 0.7322916666666667 0.262037037037037 0.059375 0.2833333333333333
7 0.7505208333333333 0.26435185185185184 0.07083333333333333 0.23055555555555557
7 0.5406249999999999 0.2125 0.013541666666666667 0.06018518518518518
