3 0.9278645833333333 0.2939814814814815 0.10052083333333334 0.13425925925925927
3 0.5674479166666666 0.3671296296296296 0.15989583333333332 0.20277777777777778
0 0.7924479166666666 0.2986111111111111 0.05572916666666667 0.12314814814814815
0 0.37968749999999996 0.4824074074074074 0.3 0.5703703703703704
11 0.8460937500000001 0.2652777777777778 0.0765625 0.11018518518518519
9 0.7182291666666667 0.31759259259259265 0.042708333333333334 0.07777777777777778
1 0.75546875 0.3680555555555556 0.04739583333333333 0.14537037037037037
6 0.7861979166666667 0.3425925925925926 0.034895833333333334 0.10925925925925926
6 0.05208333333333333 0.4777777777777778 0.08645833333333333 0.21851851851851853
7 0.6645833333333334 0.337037037037037 0.04583333333333333 0.20925925925925926
7 0.7559895833333333 0.31296296296296294 0.0453125 0.20185185185185187
7 0.7848958333333333 0.30462962962962964 0.034375 0.13333333333333333
7 0.10729166666666667 0.23333333333333334 0.04479166666666667 0.22777777777777777
7 0.04244791666666667 0.41620370370370374 0.08489583333333334 0.375
7 0.5885416666666666 0.40555555555555556 0.03854166666666667 0.29074074074074074
7 0.60859375 0.3907407407407407 0.03802083333333333 0.2833333333333333
