7 0.47500000000000003 0.2814814814814815 0.08541666666666667 0.34814814814814815
7 0.8630208333333332 0.28425925925925927 0.04479166666666667 0.10555555555555556
7 0.5809895833333334 0.23935185185185184 0.0421875 0.14907407407407408
7 0.67421875 0.24259259259259258 0.04010416666666667 0.13703703703703704
7 0.7338541666666666 0.26805555555555555 0.029166666666666667 0.06759259259259259
7 0.61171875 0.22962962962962963 0.0203125 0.09259259259259259
6 0.58203125 0.2861111111111111 0.04635416666666667 0.12407407407407407
6 0.6734374999999999 0.29583333333333334 0.036458333333333336 0.10462962962962963
6 0.47760416666666666 0.3856481481481482 0.115625 0.33240740740740743
11 0.5416666666666666 0.18796296296296294 0.06666666666666667 0.17222222222222222
