3 0.12239583333333333 0.36666666666666664 0.24479166666666666 0.4925925925925926
3 0.25078125 0.288425925925926 0.22552083333333334 0.30833333333333335
3 0.37890625 0.2791666666666667 0.12552083333333333 0.19537037037037036
3 0.44583333333333336 0.2884259259259259 0.042708333333333334 0.1175925925925926
3 0.4505208333333333 0.2675925925925926 0.06875 0.11666666666666667
3 0.4986979166666667 0.25972222222222224 0.0484375 0.10092592592592593
3 0.7414062499999999 0.2657407407407407 0.1578125 0.25555555555555554
9 0.5083333333333333 0.27314814814814814 0.0375 0.08333333333333333
9 0.5729166666666666 0.26296296296296295 0.035416666666666666 0.08703703703703704
6 0.6518229166666667 0.2597222222222222 0.0234375 0.11203703703703703
