7 0.7114583333333334 0.21666666666666667 0.053125 0.20555555555555555
9 0.22708333333333336 0.27546296296296297 0.22291666666666668 0.5509259259259259
9 0.465625 0.30462962962962964 0.225 0.6092592592592593
0 0.5815104166666667 0.18657407407407406 0.05677083333333333 0.14907407407407408
0 0.9078125 0.2226851851851852 0.184375 0.27870370370370373
0 0.7179687499999999 0.18935185185185185 0.0640625 0.15092592592592594
7 0.7989583333333333 0.16805555555555557 0.019791666666666666 0.10833333333333334
9 0.8135416666666667 0.22592592592592592 0.04895833333333333 0.21666666666666667
3 0.9533854166666667 0.32685185185185184 0.09322916666666667 0.37962962962962965
9 0.33880208333333334 0.2185185185185185 0.0609375 0.18518518518518517
0 0.13776041666666666 0.24861111111111112 0.06822916666666666 0.22870370370370371
