0 0.7338541666666667 0.3921296296296296 0.08229166666666667 0.19166666666666668
2 0.259375 0.5009259259259259 0.51875 0.9981481481481481
2 0.571875 0.33518518518518514 0.10208333333333333 0.14629629629629629
2 0.6341145833333334 0.3361111111111111 0.0390625 0.10740740740740741
2 0.6703125 0.3384259259259259 0.051041666666666666 0.09722222222222222
2 0.9216145833333333 0.29907407407407405 0.15677083333333333 0.3111111111111111
6 0.5697916666666667 0.39722222222222225 0.058333333333333334 0.05555555555555555
6 0.7882812499999999 0.4634259259259259 0.07135416666666666 0.1824074074074074
7 0.5671875000000001 0.37129629629629635 0.026041666666666668 0.07037037037037037
7 0.6252604166666667 0.4013888888888889 0.03177083333333333 0.17314814814814813
7 0.6432291666666666 0.40370370370370373 0.03229166666666667 0.15
7 0.7890625 0.3949074074074074 0.06770833333333333 0.20277777777777778
