3 0.4059895833333333 0.2884259259259259 0.1140625 0.13425925925925927
0 0.9164062500000001 0.2310185185185185 0.0609375 0.08611111111111111
0 0.6755208333333333 0.25787037037037036 0.08854166666666667 0.1935185185185185
0 0.6236979166666667 0.2537037037037037 0.0265625 0.1388888888888889
0 0.5005208333333333 0.2518518518518519 0.04791666666666667 0.11851851851851852
0 0.5528645833333333 0.25601851851851853 0.06510416666666667 0.1398148148148148
0 0.75625 0.21064814814814814 0.028125 0.049074074074074076
0 0.8 0.21898148148148147 0.03333333333333333 0.05092592592592592
6 0.46718750000000003 0.2638888888888889 0.016666666666666666 0.044444444444444446
7 0.3390625 0.2518518518518518 0.022916666666666665 0.12222222222222222
7 0.453125 0.23194444444444445 0.016666666666666666 0.058333333333333334
7 0.6057291666666667 0.23981481481481481 0.01875 0.08518518518518518
7 0.30833333333333335 0.24861111111111112 0.020833333333333332 0.14722222222222223
7 0.43645833333333334 0.2162037037037037 0.015625 0.032407407407407406
