4 0.11822916666666666 0.25 0.14791666666666667 0.32222222222222224
9 0.18385416666666665 0.32685185185185184 0.2375 0.4425925925925926
0 0.5 0.22407407407407406 0.04479166666666667 0.12777777777777777
0 0.3567708333333333 0.2064814814814815 0.06875 0.12222222222222222
0 0.4489583333333333 0.19814814814814813 0.05520833333333333 0.08703703703703704
7 0.42708333333333337 0.21944444444444444 0.022916666666666665 0.13333333333333333
9 0.571875 0.24722222222222223 0.051041666666666666 0.13148148148148148
7 0.6114583333333333 0.25787037037037036 0.022916666666666665 0.14537037037037037
9 0.63125 0.21666666666666667 0.025 0.07222222222222222
3 0.6606770833333333 0.22083333333333333 0.027604166666666666 0.04351851851851852
7 0.7026041666666667 0.225 0.008333333333333333 0.046296296296296294
7 0.7408854166666666 0.21851851851851853 0.021354166666666667 0.08888888888888889
9 0.7325520833333333 0.2476851851851852 0.04010416666666667 0.09166666666666666
7 0.8205729166666668 0.2324074074074074 0.025520833333333333 0.11296296296296296
9 0.8049479166666667 0.25972222222222224 0.0515625 0.1175925925925926
6 0.7645833333333333 0.23472222222222222 0.028125 0.05462962962962963
7 0.046614583333333334 0.2361111111111111 0.0390625 0.15925925925925927
