7 0.20963541666666666 0.44259259259259254 0.0609375 0.29259259259259257
7 0.1625 0.4310185185185186 0.041666666666666664 0.30462962962962964
7 0.084375 0.3958333333333333 0.027083333333333334 0.1527777777777778
7 0.13125 0.37268518518518523 0.03333333333333333 0.15462962962962962
0 0.0328125 0.3805555555555556 0.065625 0.15
7 0.5669270833333333 0.3638888888888889 0.0828125 0.37777777777777777
7 0.7606770833333334 0.31851851851851853 0.05677083333333333 0.21666666666666667
7 0.34088541666666666 0.337962962962963 0.0234375 0.11851851851851852
0 0.2986979166666667 0.3388888888888889 0.06927083333333334 0.11851851851851852
0 0.3705729166666667 0.3106481481481481 0.024479166666666666 0.10277777777777777
0 0.4002604166666667 0.31296296296296294 0.0390625 0.12222222222222222
9 0.43385416666666665 0.3189814814814815 0.04583333333333333 0.11944444444444445
0 0.48541666666666666 0.3222222222222222 0.10208333333333333 0.14074074074074075
7 0.47239583333333335 0.2949074074074074 0.0375 0.10833333333333334
7 0.48046875 0.2657407407407407 0.0171875 0.05
7 0.5140625 0.27546296296296297 0.03229166666666667 0.09537037037037037
0 0.5796875 0.26666666666666666 0.041666666666666664 0.10740740740740741
0 0.63828125 0.2638888888888889 0.06614583333333333 0.1574074074074074
11 0.7341145833333333 0.2662037037037037 0.12447916666666667 0.25092592592592594
6 0.84375 0.2986111111111111 0.057291666666666664 0.15462962962962962
7 0.8447916666666667 0.26203703703703707 0.05 0.17962962962962964
0 0.8776041666666666 0.22592592592592592 0.03125 0.07777777777777778
3 0.94921875 0.2652777777777778 0.0890625 0.15648148148148147
6 0.9015624999999999 0.25416666666666665 0.029166666666666667 0.0787037037037037
7 0.9018229166666667 0.20231481481481484 0.0203125 0.041666666666666664
