0 0.4302083333333333 0.5222222222222223 0.475 0.9444444444444444
0 0.042708333333333334 0.3680555555555556 0.08541666666666667 0.4064814814814815
0 0.6986979166666667 0.3407407407407408 0.11614583333333334 0.3055555555555556
0 0.8546874999999999 0.3162037037037037 0.04375 0.1824074074074074
6 0.7804687499999999 0.4740740740740741 0.0640625 0.2111111111111111
7 0.7713541666666667 0.37083333333333335 0.1 0.36018518518518516
7 0.8375 0.3282407407407407 0.041666666666666664 0.23981481481481481
6 0.8296875 0.4074074074074074 0.03854166666666667 0.13333333333333333
6 0.1796875 0.31666666666666665 0.1 0.11851851851851852
7 0.10885416666666667 0.4023148148148148 0.09791666666666667 0.4027777777777778
7 0.18932291666666667 0.27824074074074073 0.049479166666666664 0.15462962962962962
7 0.21822916666666667 0.2337962962962963 0.020833333333333332 0.062037037037037036
7 0.91953125 0.3226851851851852 0.08072916666666667 0.262037037037037
3 0.9104166666666667 0.2953703703703704 0.057291666666666664 0.19814814814814816
