3 0.51015625 0.2601851851851852 0.07135416666666666 0.11296296296296296
3 0.4489583333333333 0.2601851851851852 0.057291666666666664 0.0962962962962963
3 0.6645833333333333 0.23287037037037037 0.015625 0.012037037037037037
0 0.6171875 0.25 0.020833333333333332 0.046296296296296294
0 0.8140625 0.22546296296296295 0.046875 0.04351851851851852
9 0.5861979166666667 0.29212962962962963 0.06197916666666667 0.14907407407407408
9 0.175 0.49907407407407406 0.3458333333333333 0.9907407407407407
9 0.9382812500000001 0.2287037037037037 0.03802083333333333 0.07222222222222222
7 0.36302083333333335 0.25925925925925924 0.025 0.10740740740740741
7 0.3419270833333333 0.25787037037037036 0.019270833333333334 0.10092592592592593
7 0.8606770833333334 0.23333333333333334 0.011979166666666667 0.03333333333333333
7 0.94375 0.22962962962962963 0.016666666666666666 0.05925925925925926
