3 0.75390625 0.1763888888888889 0.050520833333333334 0.075
3 0.8468749999999999 0.18935185185185185 0.023958333333333335 0.062037037037037036
0 0.46354166666666663 0.2518518518518518 0.13333333333333333 0.2962962962962963
0 0.6458333333333334 0.20370370370370372 0.05416666666666667 0.14074074074074075
0 0.7924479166666667 0.17453703703703702 0.03177083333333333 0.05277777777777778
9 0.5755208333333333 0.28888888888888886 0.1375 0.32592592592592595
9 0.7888020833333333 0.1949074074074074 0.030729166666666665 0.06018518518518518
6 0.8989583333333333 0.20925925925925926 0.07604166666666666 0.10925925925925926
6 0.9661458333333333 0.24675925925925926 0.04479166666666667 0.10092592592592593
7 0.7119791666666666 0.18518518518518517 0.0125 0.05740740740740741
7 0.7236979166666667 0.18055555555555555 0.009895833333333333 0.053703703703703705
7 0.7955729166666666 0.1875 0.015104166666666667 0.0712962962962963
7 0.8247395833333333 0.19027777777777777 0.0203125 0.09722222222222222
7 0.8778645833333334 0.20787037037037037 0.033854166666666664 0.15462962962962962
