0 0.6421875 0.26805555555555555 0.04895833333333333 0.09351851851851851
0 0.9408854166666666 0.2828703703703703 0.11822916666666666 0.19537037037037036
9 0.7651041666666666 0.27870370370370373 0.025 0.05925925925925926
9 0.58828125 0.26435185185185184 0.044270833333333336 0.1175925925925926
9 0.4640625 0.26157407407407407 0.051041666666666666 0.125
9 0.49635416666666665 0.2675925925925926 0.028125 0.07592592592592592
9 0.5119791666666667 0.2708333333333333 0.014583333333333334 0.062037037037037036
9 0.5380208333333333 0.24675925925925926 0.040625 0.10833333333333334
1 0.5541666666666667 0.350462962962963 0.03125 0.1287037037037037
6 0.8161458333333333 0.28703703703703703 0.034375 0.09074074074074075
6 0.6984374999999999 0.2800925925925926 0.023958333333333335 0.06018518518518518
7 0.2375 0.2847222222222222 0.0875 0.36203703703703705
7 0.2963541666666667 0.2833333333333333 0.08125 0.3277777777777778
7 0.5588541666666667 0.30787037037037035 0.042708333333333334 0.20092592592592592
7 0.6997395833333333 0.2550925925925926 0.019270833333333334 0.04351851851851852
7 0.7697916666666667 0.2796296296296297 0.014583333333333334 0.05740740740740741
7 0.790625 0.28750000000000003 0.0125 0.04537037037037037
7 0.7807291666666667 0.28194444444444444 0.008333333333333333 0.049074074074074076
7 0.8713541666666667 0.25787037037037036 0.0125 0.028703703703703703
7 0.8177083333333334 0.2611111111111111 0.026041666666666668 0.08703703703703704
7 0.8541666666666667 0.2638888888888889 0.021875 0.08703703703703704
