0 0.10208333333333333 0.42777777777777776 0.18125 0.6925925925925925
0 0.8953125 0.1685185185185185 0.03958333333333333 0.044444444444444446
0 0.9549479166666667 0.16157407407407406 0.044270833333333336 0.04722222222222222
9 0.6645833333333333 0.22083333333333333 0.058333333333333334 0.13425925925925927
9 0.7927083333333333 0.20555555555555555 0.051041666666666666 0.13333333333333333
9 0.13958333333333334 0.7046296296296296 0.2791666666666667 0.5796296296296296
6 0.7455729166666667 0.24583333333333335 0.05364583333333333 0.13240740740740742
6 0.7239583333333334 0.22731481481481483 0.022916666666666665 0.09907407407407408
6 0.8166666666666667 0.19907407407407407 0.014583333333333334 0.04814814814814815
7 0.09973958333333334 0.45046296296296295 0.19947916666666668 0.8935185185185185
7 0.7486979166666667 0.21203703703703705 0.0421875 0.1425925925925926
7 0.7260416666666666 0.2037037037037037 0.029166666666666667 0.1037037037037037
7 0.81640625 0.17453703703703705 0.0140625 0.05092592592592592
