3 0.34765625 0.500462962962963 0.6953125 0.9990740740740741
3 0.70703125 0.20925925925925926 0.08072916666666667 0.2111111111111111
0 0.7666666666666667 0.20601851851851852 0.05 0.11574074074074074
7 0.8270833333333334 0.3171296296296296 0.18541666666666667 0.5138888888888888
7 0.8403645833333333 0.2828703703703704 0.16822916666666668 0.41944444444444445
7 0.9427083333333334 0.2050925925925926 0.07395833333333333 0.16944444444444445
6 0.94375 0.3212962962962963 0.07604166666666666 0.24814814814814815
7 0.9661458333333334 0.16666666666666669 0.030208333333333334 0.05925925925925926
7 0.9830729166666667 0.2300925925925926 0.033854166666666664 0.20277777777777778
6 0.834375 0.40555555555555556 0.159375 0.3925925925925926
