0 0.4236979166666667 0.39305555555555555 0.21197916666666666 0.41759259259259257
0 0.6854166666666667 0.37546296296296294 0.14791666666666667 0.3194444444444444
9 0.5356770833333333 0.3337962962962963 0.04635416666666667 0.15833333333333333
9 0.10989583333333333 0.49027777777777776 0.21979166666666666 0.39537037037037037
7 0.07760416666666667 0.31527777777777777 0.128125 0.3638888888888889
7 0.16171875 0.35185185185185186 0.050520833333333334 0.24814814814814815
7 0.22421875 0.3402777777777778 0.0421875 0.2064814814814815
7 0.5583333333333333 0.3402777777777778 0.036458333333333336 0.21388888888888888
7 0.28177083333333336 0.3296296296296296 0.029166666666666667 0.14629629629629629
7 0.9072916666666667 0.3625 0.053125 0.2490740740740741
7 0.3125 0.34305555555555556 0.041666666666666664 0.20462962962962963
7 0.5958333333333333 0.3143518518518518 0.01875 0.09537037037037037
7 0.8638020833333333 0.3490740740740741 0.034895833333333334 0.19814814814814816
7 0.9815104166666666 0.4115740740740741 0.03697916666666667 0.3638888888888889
7 0.7947916666666667 0.36296296296296293 0.04375 0.1925925925925926
7 0.7677083333333333 0.36712962962962964 0.022916666666666665 0.1638888888888889
7 0.8372395833333334 0.33101851851851855 0.03177083333333333 0.1398148148148148
7 0.2864583333333333 0.3101851851851852 0.03333333333333333 0.1648148148148148
7 0.32838541666666665 0.2759259259259259 0.016145833333333335 0.06296296296296296
7 0.8151041666666666 0.3060185185185185 0.013541666666666667 0.08611111111111111
