3 0.4856770833333333 0.23240740740740742 0.022395833333333334 0.03148148148148148
3 0.5596354166666667 0.2240740740740741 0.0140625 0.03148148148148148
3 0.40364583333333337 0.2337962962962963 0.071875 0.125
9 0.5369791666666667 0.23287037037037037 0.020833333333333332 0.05648148148148148
9 0.46510416666666665 0.24398148148148147 0.03125 0.0824074074074074
9 0.3234375 0.2601851851851852 0.07291666666666667 0.14074074074074075
9 0.3666666666666667 0.2574074074074074 0.03229166666666667 0.11666666666666667
1 0.5190104166666667 0.23194444444444445 0.0078125 0.04537037037037037
6 0.21744791666666669 0.44120370370370365 0.16927083333333334 0.43796296296296294
6 0.9221354166666667 0.4976851851851852 0.15572916666666667 0.43425925925925923
6 0.5705729166666667 0.22824074074074074 0.0067708333333333336 0.03425925925925926
6 0.5643229166666667 0.22731481481481483 0.0067708333333333336 0.03425925925925926
7 0.34609375000000003 0.27314814814814814 0.019270833333333334 0.07407407407407407
7 0.5106770833333334 0.2277777777777778 0.0067708333333333336 0.03518518518518519
7 0.5036458333333333 0.22777777777777777 0.007291666666666667 0.03333333333333333
7 0.21848958333333335 0.31018518518518523 0.13697916666666668 0.44074074074074077
7 0.9416666666666667 0.33796296296296297 0.11458333333333333 0.5092592592592593
