0 0.85 0.1865740740740741 0.015625 0.058333333333333334
0 0.8307291666666666 0.18888888888888888 0.03229166666666667 0.06111111111111111
0 0.9674479166666666 0.19814814814814813 0.028645833333333332 0.07962962962962963
0 0.8794270833333333 0.18796296296296294 0.0328125 0.06666666666666667
0 0.54765625 0.22870370370370371 0.044270833333333336 0.09444444444444444
0 0.8046875 0.18518518518518517 0.029166666666666667 0.05740740740740741
0 0.59375 0.2125 0.04583333333333333 0.08055555555555556
9 0.3658854166666667 0.2689814814814815 0.05260416666666667 0.06018518518518518
9 0.26145833333333335 0.2726851851851852 0.09791666666666667 0.08796296296296297
9 0.6932291666666667 0.18796296296296297 0.01875 0.05185185185185185
6 0.725 0.20370370370370372 0.015625 0.04814814814814815
7 0.5052083333333334 0.2310185185185185 0.01875 0.09166666666666666
7 0.6361979166666666 0.19074074074074074 0.013020833333333334 0.053703703703703705
7 0.7247395833333333 0.1898148148148148 0.016145833333333335 0.05
7 0.315625 0.23935185185185187 0.027083333333333334 0.0787037037037037
7 0.23880208333333333 0.23333333333333334 0.019270833333333334 0.05740740740740741
7 0.3346354166666667 0.20555555555555555 0.0171875 0.07222222222222222
7 0.43203125 0.25046296296296294 0.0234375 0.05092592592592592
7 0.4200520833333333 0.1949074074074074 0.0140625 0.06018518518518518
