0 0.37734375 0.35 0.3151041666666667 0.34814814814814815
0 0.8408854166666666 0.31574074074074077 0.1921875 0.2611111111111111
9 0.04453125 0.5412037037037036 0.0890625 0.39537037037037037
9 0.5328125 0.3657407407407407 0.20729166666666668 0.22777777777777777
9 0.9440104166666667 0.41203703703703703 0.11197916666666667 0.8055555555555556
1 0.1825520833333333 0.34675925925925927 0.0453125 0.11203703703703703
4 0.11406250000000001 0.39166666666666666 0.07291666666666667 0.10740740740740741
7 0.04635416666666667 0.2925925925925926 0.09270833333333334 0.4537037037037037
7 0.11796875000000001 0.35462962962962963 0.0515625 0.16666666666666666
7 0.14583333333333331 0.33935185185185185 0.0375 0.21388888888888888
7 0.5221354166666666 0.34675925925925927 0.03697916666666667 0.2361111111111111
7 0.41901041666666666 0.3375 0.05677083333333333 0.24351851851851852
7 0.6231770833333333 0.3148148148148148 0.03697916666666667 0.18888888888888888
7 0.7348958333333333 0.3300925925925926 0.05416666666666667 0.2324074074074074
