7 0.13645833333333335 0.3143518518518519 0.078125 0.3416666666666667
9 0.3872395833333333 0.3125 0.18385416666666668 0.4898148148148148
6 0.2635416666666667 0.3115740740740741 0.075 0.25092592592592594
6 0.22942708333333334 0.2967592592592593 0.05364583333333333 0.19166666666666668
6 0.13802083333333334 0.3087962962962963 0.10416666666666667 0.24166666666666667
7 0.19088541666666667 0.20787037037037037 0.0234375 0.11388888888888889
9 0.490625 0.2689814814814815 0.07083333333333333 0.27685185185185185
9 0.5268229166666667 0.23842592592592593 0.059895833333333336 0.175
0 0.94453125 0.30925925925925923 0.1078125 0.387037037037037
7 0.6885416666666667 0.22175925925925927 0.03333333333333333 0.15648148148148147
7 0.6763020833333334 0.2185185185185185 0.025520833333333333 0.1259259259259259
9 0.6755208333333333 0.2513888888888889 0.0625 0.16203703703703703
7 0.7828125 0.24074074074074076 0.041666666666666664 0.15555555555555556
7 0.8833333333333333 0.2222222222222222 0.03125 0.09814814814814815
7 0.2864583333333333 0.2013888888888889 0.051041666666666666 0.12129629629629629
7 0.81875 0.21574074074074073 0.03854166666666667 0.08148148148148149
6 0.5638020833333333 0.23333333333333334 0.028645833333333332 0.08148148148148149
7 0.5656249999999999 0.20925925925925926 0.03229166666666667 0.08518518518518518
7 0.59375 0.21851851851851853 0.019791666666666666 0.08148148148148149
0 0.7223958333333333 0.24074074074074073 0.04583333333333333 0.14814814814814814
3 0.64296875 0.2148148148148148 0.07447916666666667 0.15
4 0.8286458333333333 0.2773148148148148 0.06666666666666667 0.10462962962962963
6 0.026302083333333334 0.5092592592592593 0.05260416666666667 0.3148148148148148
