3 0.13072916666666667 0.3199074074074074 0.26145833333333335 0.33055555555555555
3 0.28984375 0.2777777777777778 0.16822916666666668 0.1925925925925926
3 0.38307291666666665 0.26064814814814813 0.07239583333333334 0.1361111111111111
0 0.56875 0.23472222222222222 0.020833333333333332 0.04722222222222222
9 0.96484375 0.3041666666666667 0.0703125 0.42685185185185187
9 0.5458333333333334 0.23333333333333334 0.017708333333333333 0.05
9 0.5179687500000001 0.23472222222222222 0.018229166666666668 0.04351851851851852
9 0.4731770833333333 0.23935185185185187 0.025520833333333333 0.06574074074074074
6 0.5950520833333334 0.2361111111111111 0.0140625 0.05
7 0.02708333333333333 0.10416666666666667 0.04583333333333333 0.10833333333333334
7 0.23359375 0.1597222222222222 0.025520833333333333 0.0712962962962963
7 0.25833333333333336 0.15185185185185185 0.019791666666666666 0.06296296296296296
7 0.42265625 0.25601851851851853 0.024479166666666666 0.1361111111111111
7 0.4421875 0.25416666666666665 0.021875 0.1398148148148148
7 0.50234375 0.23472222222222222 0.009895833333333333 0.0712962962962963
7 0.37760416666666663 0.2611111111111111 0.084375 0.14074074074074075
