3 0.45859375 0.27175925925925926 0.06927083333333334 0.11018518518518519
3 0.5401041666666666 0.23703703703703705 0.019791666666666666 0.07037037037037037
3 0.8325520833333333 0.24768518518518517 0.1140625 0.1638888888888889
0 0.6255208333333334 0.24537037037037035 0.03333333333333333 0.1
9 0.39999999999999997 0.2837962962962963 0.06145833333333333 0.14722222222222223
9 0.5125 0.26944444444444443 0.059375 0.17407407407407408
9 0.5921875000000001 0.2569444444444445 0.06458333333333334 0.18796296296296297
9 0.7145833333333333 0.2726851851851852 0.04791666666666667 0.08611111111111111
9 0.72265625 0.23287037037037037 0.0265625 0.13240740740740742
9 0.77109375 0.24305555555555555 0.022395833333333334 0.09907407407407408
9 0.7466145833333333 0.23888888888888887 0.019270833333333334 0.07962962962962963
9 0.7575520833333333 0.21203703703703705 0.009895833333333333 0.03518518518518519
9 0.6721354166666668 0.25601851851851853 0.04114583333333333 0.09722222222222222
9 0.9731770833333334 0.36342592592592593 0.05364583333333333 0.24722222222222223
6 0.55703125 0.2708333333333333 0.019270833333333334 0.05277777777777778
6 0.17994791666666665 0.3680555555555556 0.13177083333333334 0.28425925925925927
7 0.10859375 0.39537037037037037 0.21302083333333333 0.7907407407407407
7 0.35625 0.26296296296296295 0.021875 0.07962962962962963
7 0.36822916666666666 0.21111111111111108 0.022916666666666665 0.07592592592592592
7 0.46067708333333335 0.20324074074074075 0.008854166666666666 0.021296296296296296
7 0.47213541666666664 0.2037037037037037 0.009895833333333333 0.020370370370370372
7 0.5591145833333334 0.24120370370370373 0.018229166666666668 0.0787037037037037
7 0.6809895833333334 0.2287037037037037 0.019270833333333334 0.1
7 0.6666666666666667 0.2273148148148148 0.010416666666666666 0.07314814814814814
7 0.6468750000000001 0.21296296296296297 0.010416666666666666 0.037037037037037035
7 0.6611979166666667 0.22870370370370371 0.015104166666666667 0.08518518518518518
7 0.6973958333333333 0.21481481481481482 0.016666666666666666 0.03148148148148148
7 0.8903645833333333 0.20833333333333334 0.022395833333333334 0.07407407407407407
7 0.90625 0.25324074074074077 0.028125 0.1287037037037037
7 0.9213541666666667 0.2587962962962963 0.04375 0.15092592592592594
7 0.9643229166666667 0.2796296296296296 0.05677083333333333 0.2351851851851852
