3 0.5481770833333333 0.2791666666666667 0.07135416666666666 0.33055555555555555
0 0.8940104166666666 0.3472222222222222 0.21197916666666666 0.512962962962963
0 0.6661458333333333 0.24861111111111112 0.04375 0.08981481481481482
9 0.37421875 0.5175925925925926 0.35572916666666665 0.8277777777777777
9 0.63515625 0.2986111111111111 0.06197916666666667 0.11018518518518519
9 0.5942708333333333 0.2513888888888889 0.034375 0.10092592592592593
6 0.6966145833333334 0.27083333333333337 0.030729166666666665 0.0712962962962963
7 0.4598958333333333 0.16666666666666666 0.15520833333333334 0.3333333333333333
7 0.6963541666666667 0.2412037037037037 0.034375 0.08425925925925926
7 0.6296875 0.25972222222222224 0.03125 0.14722222222222223
