0 0.8322916666666667 0.3041666666666667 0.14895833333333333 0.2916666666666667
0 0.7122395833333333 0.2657407407407407 0.044270833333333336 0.10185185185185185
9 0.5765625 0.36342592592592593 0.13958333333333334 0.33796296296296297
9 0.6755208333333333 0.3138888888888889 0.05520833333333333 0.06851851851851852
9 0.6570312500000001 0.25416666666666665 0.025520833333333333 0.075
9 0.3354166666666667 0.46574074074074073 0.22083333333333333 0.2759259259259259
6 0.7424479166666667 0.28657407407407404 0.0265625 0.06944444444444445
7 0.3536458333333333 0.3925925925925926 0.06458333333333334 0.387037037037037
7 0.6752604166666666 0.26805555555555555 0.0328125 0.12685185185185185
7 0.7434895833333334 0.25787037037037036 0.03177083333333333 0.09537037037037037
7 0.6096354166666667 0.21805555555555556 0.0671875 0.15833333333333333
7 0.9252604166666666 0.22222222222222224 0.0171875 0.04814814814814815
7 0.9135416666666667 0.21481481481481482 0.010416666666666666 0.03333333333333333
7 0.9924479166666667 0.23055555555555557 0.015104166666666667 0.05185185185185185
