1 0.24791666666666667 0.5851851851851851 0.11145833333333334 0.37407407407407406
7 0.24921875 0.4305555555555556 0.1171875 0.4759259259259259
9 0.7661458333333333 0.29953703703703705 0.04791666666666667 0.06388888888888888
7 0.7776041666666667 0.2569444444444445 0.01875 0.05277777777777778
7 0.7106770833333333 0.26666666666666666 0.0265625 0.07037037037037037
6 0.7080729166666667 0.2949074074074074 0.025520833333333333 0.0712962962962963
9 0.4427083333333333 0.31203703703703706 0.030208333333333334 0.04814814814814815
7 0.4401041666666667 0.27824074074074073 0.009375 0.04351851851851852
0 0.5166666666666666 0.29027777777777775 0.042708333333333334 0.08796296296296297
0 0.4921875 0.27685185185185185 0.011458333333333333 0.040740740740740744
0 0.4783854166666667 0.27824074074074073 0.0171875 0.041666666666666664
7 0.4328125 0.2791666666666667 0.00625 0.03796296296296296
