0 0.8809895833333333 0.2513888888888889 0.0765625 0.15648148148148147
9 0.134375 0.5944444444444444 0.26875 0.3592592592592593
9 0.28411458333333334 0.3939814814814815 0.23489583333333333 0.3416666666666667
9 0.47630208333333335 0.3439814814814815 0.16197916666666667 0.25092592592592594
9 0.7736979166666667 0.27175925925925926 0.06614583333333333 0.1675925925925926
9 0.8226562500000001 0.24305555555555558 0.049479166666666664 0.13055555555555556
9 0.92421875 0.23194444444444445 0.022395833333333334 0.08796296296296297
6 0.7127604166666667 0.2851851851851852 0.04010416666666667 0.12037037037037036
6 0.9791666666666666 0.2625 0.040625 0.125
7 0.06770833333333333 0.4541666666666667 0.13541666666666666 0.6268518518518519
7 0.30182291666666666 0.34074074074074073 0.06510416666666667 0.26666666666666666
7 0.50078125 0.312962962962963 0.05572916666666667 0.18518518518518517
7 0.56875 0.35694444444444445 0.027083333333333334 0.1787037037037037
7 0.5833333333333334 0.32453703703703707 0.0375 0.22685185185185186
7 0.7013020833333333 0.2759259259259259 0.0296875 0.1537037037037037
7 0.92421875 0.21990740740740738 0.0203125 0.09351851851851851
7 0.9809895833333334 0.2324074074074074 0.03802083333333333 0.13518518518518519
7 0.98203125 0.2337962962962963 0.0359375 0.11574074074074074
