0 0.38697916666666665 0.20740740740740743 0.09166666666666666 0.2
0 0.7151041666666667 0.22361111111111112 0.07708333333333334 0.1527777777777778
6 0.55703125 0.3587962962962963 0.11614583333333334 0.33240740740740743
6 0.6375000000000001 0.25277777777777777 0.04583333333333333 0.13148148148148148
7 0.26536458333333335 0.18981481481481483 0.030729166666666665 0.17592592592592593
7 0.23541666666666666 0.19490740740740742 0.035416666666666666 0.12685185185185185
7 0.29453124999999997 0.18425925925925926 0.0296875 0.18703703703703703
7 0.3338541666666666 0.19814814814814813 0.030208333333333334 0.17037037037037037
7 0.4744791666666667 0.21574074074074073 0.017708333333333333 0.1388888888888889
7 0.49947916666666664 0.2101851851851852 0.030208333333333334 0.15
7 0.5440104166666667 0.23888888888888887 0.0921875 0.3574074074074074
7 0.6359374999999999 0.2074074074074074 0.04479166666666667 0.14814814814814814
7 0.7989583333333333 0.2310185185185185 0.028125 0.14722222222222223
7 0.87890625 0.2652777777777778 0.05677083333333333 0.2601851851851852
7 0.9447916666666666 0.24814814814814812 0.040625 0.2074074074074074
