2 0.22109375 0.41944444444444445 0.4421875 0.8388888888888889
7 0.41901041666666666 0.3541666666666667 0.019270833333333334 0.12685185185185185
7 0.43854166666666666 0.35462962962962963 0.011458333333333333 0.08888888888888889
7 0.4752604166666667 0.3462962962962963 0.015104166666666667 0.0962962962962963
7 0.49088541666666663 0.35648148148148145 0.0296875 0.1259259259259259
6 0.4921875 0.3990740740740741 0.041666666666666664 0.1
0 0.5125000000000001 0.35 0.05520833333333333 0.13333333333333333
7 0.5546875 0.35509259259259257 0.019791666666666666 0.07685185185185185
7 0.58046875 0.34907407407407404 0.034895833333333334 0.10555555555555556
6 0.578125 0.38333333333333336 0.041666666666666664 0.10925925925925926
7 0.62265625 0.3509259259259259 0.0140625 0.07592592592592592
3 0.6677083333333333 0.3541666666666667 0.05520833333333333 0.07685185185185185
7 0.7270833333333334 0.4212962962962963 0.053125 0.29074074074074074
7 0.8223958333333333 0.39722222222222225 0.0625 0.34074074074074073
7 0.8888020833333333 0.4550925925925926 0.0859375 0.462037037037037
9 0.8354166666666667 0.5347222222222222 0.221875 0.5046296296296297
2 0.8424479166666666 0.28055555555555556 0.2265625 0.3907407407407407
7 0.9421875000000001 0.4226851851851852 0.03333333333333333 0.18055555555555555
