3 0.7190104166666667 0.3356481481481482 0.07135416666666666 0.13425925925925927
2 0.1671875 0.5009259259259259 0.334375 0.9981481481481481
2 0.45416666666666666 0.2513888888888889 0.08229166666666667 0.18055555555555555
2 0.5997395833333333 0.2828703703703703 0.07760416666666667 0.15833333333333333
11 0.8703125 0.39166666666666666 0.2375 0.31851851851851853
6 0.5307291666666667 0.5175925925925926 0.14166666666666666 0.3592592592592593
7 0.3734375 0.4537037037037037 0.08854166666666667 0.5796296296296296
7 0.5244791666666666 0.38055555555555554 0.12083333333333333 0.4148148148148148
7 0.43255208333333334 0.3148148148148148 0.0171875 0.14074074074074075
7 0.6119791666666666 0.33425925925925926 0.022916666666666665 0.1111111111111111
7 0.6979166666666666 0.3685185185185185 0.025 0.16296296296296298
7 0.6791666666666667 0.3638888888888889 0.01875 0.14629629629629629
7 0.6515625 0.3282407407407408 0.011458333333333333 0.08055555555555556
