7 0.078125 0.2671296296296296 0.11354166666666667 0.5212962962962963
7 0.328125 0.24074074074074073 0.06145833333333333 0.2759259259259259
0 0.7877604166666666 0.23703703703703705 0.04635416666666667 0.07037037037037037
6 0.7377604166666667 0.24583333333333335 0.022395833333333334 0.04537037037037037
0 0.6856770833333334 0.23518518518518516 0.025520833333333333 0.04259259259259259
0 0.6588541666666667 0.23796296296296296 0.014583333333333334 0.03333333333333333
0 0.6419270833333333 0.2361111111111111 0.0203125 0.037037037037037035
7 0.628125 0.22685185185185186 0.011458333333333333 0.05740740740740741
0 0.6080729166666666 0.23703703703703702 0.011979166666666667 0.025925925925925925
6 0.5710937500000001 0.2523148148148148 0.009895833333333333 0.032407407407407406
7 0.5700520833333333 0.22916666666666669 0.0109375 0.03796296296296296
0 0.52578125 0.24166666666666667 0.015104166666666667 0.037037037037037035
0 0.5140625 0.23981481481481481 0.014583333333333334 0.025925925925925925
