11 0.21145833333333333 0.34444444444444444 0.42291666666666666 0.5407407407407407
0 0.4890625 0.26342592592592595 0.046875 0.10833333333333334
7 0.4466145833333333 0.2462962962962963 0.022395833333333334 0.0962962962962963
7 0.5815104166666667 0.25046296296296294 0.019270833333333334 0.075
6 0.5828125000000001 0.2740740740740741 0.021875 0.05740740740740741
0 0.5221354166666666 0.23935185185185187 0.021354166666666667 0.049074074074074076
9 0.54765625 0.24444444444444444 0.021354166666666667 0.05
11 0.6494791666666667 0.2569444444444444 0.06979166666666667 0.14166666666666666
0 0.7567708333333334 0.2449074074074074 0.026041666666666668 0.05462962962962963
7 0.8236979166666667 0.25462962962962965 0.015104166666666667 0.07407407407407407
9 0.8184895833333333 0.2787037037037037 0.0296875 0.053703703703703705
7 0.8744791666666667 0.2532407407407407 0.015625 0.058333333333333334
9 0.8690104166666667 0.27499999999999997 0.025520833333333333 0.06481481481481481
0 0.9020833333333333 0.26666666666666666 0.04895833333333333 0.09074074074074075
0 0.9424479166666666 0.27037037037037037 0.0515625 0.1
0 0.9791666666666667 0.27685185185185185 0.041666666666666664 0.1111111111111111
