0 0.6622395833333333 0.2837962962962963 0.0546875 0.11388888888888889
0 0.6934895833333333 0.2518518518518519 0.016145833333333335 0.046296296296296294
0 0.7218749999999999 0.26203703703703707 0.028125 0.07037037037037037
9 0.5419270833333334 0.3041666666666667 0.0265625 0.09166666666666666
9 0.6229166666666667 0.27870370370370373 0.035416666666666666 0.10740740740740741
9 0.8291666666666667 0.3115740740740741 0.08541666666666667 0.18611111111111112
9 0.7677083333333333 0.2787037037037037 0.041666666666666664 0.1388888888888889
9 0.74140625 0.27685185185185185 0.0265625 0.08703703703703704
9 0.20989583333333334 0.5 0.4197916666666667 1.0
6 0.5705729166666667 0.3314814814814815 0.044270833333333336 0.11666666666666667
7 0.42421875000000003 0.3194444444444444 0.024479166666666666 0.1111111111111111
7 0.44635416666666666 0.31342592592592594 0.027083333333333334 0.12685185185185185
7 0.5666666666666668 0.30277777777777776 0.0375 0.11296296296296296
7 0.5687500000000001 0.30046296296296293 0.0375 0.12129629629629629
7 0.7713541666666667 0.2773148148148148 0.021875 0.11944444444444445
7 0.7466145833333333 0.2671296296296296 0.0203125 0.08611111111111111
7 0.8145833333333333 0.26111111111111107 0.030208333333333334 0.15555555555555556
7 0.8419270833333333 0.2694444444444445 0.04635416666666667 0.21666666666666667
