3 0.3052083333333333 0.21666666666666665 0.057291666666666664 0.12407407407407407
0 0.5877604166666667 0.23888888888888887 0.11197916666666667 0.2111111111111111
0 0.7401041666666667 0.24398148148148147 0.16666666666666666 0.2972222222222222
0 0.8950520833333333 0.22083333333333333 0.1140625 0.2712962962962963
9 0.4317708333333333 0.22037037037037038 0.05520833333333333 0.08148148148148149
9 0.4908854166666667 0.2611111111111111 0.07760416666666667 0.18333333333333332
6 0.6473958333333333 0.23287037037037037 0.028125 0.05462962962962963
7 0.14296875 0.5 0.2859375 1.0
7 0.2640625 0.37777777777777777 0.11875 0.5740740740740741
7 0.3473958333333333 0.26157407407407407 0.041666666666666664 0.2564814814814815
7 0.45 0.20462962962962963 0.017708333333333333 0.09444444444444444
7 0.4294270833333333 0.2847222222222222 0.0515625 0.25833333333333336
