0 0.07838541666666668 0.43194444444444446 0.15260416666666668 0.8638888888888889
7 0.18619791666666666 0.37037037037037035 0.08489583333333334 0.4203703703703704
7 0.23958333333333331 0.34259259259259256 0.05 0.26666666666666666
7 0.31484375 0.33564814814814814 0.0359375 0.27685185185185185
0 0.3880208333333333 0.32731481481481484 0.115625 0.2861111111111111
7 0.42890625 0.35509259259259257 0.06614583333333333 0.4546296296296296
7 0.47135416666666663 0.33518518518518514 0.05520833333333333 0.3037037037037037
7 0.5604166666666667 0.4175925925925926 0.11354166666666667 0.6240740740740741
7 0.6755208333333333 0.3763888888888889 0.04375 0.3675925925925926
0 0.7825520833333334 0.3731481481481481 0.1671875 0.3685185185185185
0 0.9338541666666667 0.42268518518518516 0.13229166666666667 0.5638888888888889
