9 0.8684895833333333 0.3347222222222222 0.05572916666666667 0.06388888888888888
7 0.88203125 0.2865740740740741 0.0234375 0.05092592592592592
0 0.7252604166666666 0.31574074074074077 0.0359375 0.08148148148148149
2 0.7153645833333333 0.2884259259259259 0.04739583333333333 0.05648148148148148
0 0.6294270833333333 0.3134259259259259 0.021354166666666667 0.049074074074074076
0 0.6080729166666666 0.3125 0.013020833333333334 0.03425925925925926
0 0.64375 0.3087962962962963 0.011458333333333333 0.030555555555555555
9 0.4979166666666667 0.3481481481481481 0.025 0.037037037037037035
7 0.4942708333333333 0.32175925925925924 0.009375 0.03425925925925926
0 0.5236979166666667 0.31805555555555554 0.013020833333333334 0.028703703703703703
