9 0.42682291666666666 0.3861111111111111 0.3026041666666667 0.7722222222222223
5 0.06484375 0.3851851851851852 0.1296875 0.43333333333333335
7 0.6315104166666666 0.25555555555555554 0.0328125 0.13148148148148148
7 0.6979166666666666 0.28564814814814815 0.04375 0.14537037037037037
7 0.74609375 0.2851851851851852 0.059895833333333336 0.2462962962962963
7 0.8768229166666667 0.24305555555555555 0.0296875 0.23055555555555557
7 0.79296875 0.2847222222222222 0.0359375 0.19722222222222222
7 0.8109375 0.2662037037037037 0.04583333333333333 0.1175925925925926
7 0.8184895833333333 0.31342592592592594 0.06302083333333333 0.275
7 0.8497395833333333 0.3462962962962963 0.03802083333333333 0.21666666666666667
9 0.29322916666666665 0.26805555555555555 0.078125 0.10277777777777777
7 0.5825520833333334 0.24444444444444446 0.018229166666666668 0.07222222222222222
1 0.55703125 0.23935185185185187 0.0234375 0.06574074074074074
