3 0.8825520833333333 0.22916666666666669 0.23489583333333333 0.24537037037037038
3 0.47734375 0.23472222222222222 0.030729166666666665 0.0787037037037037
0 0.34635416666666663 0.2763888888888889 0.084375 0.20462962962962963
0 0.5049479166666666 0.2412037037037037 0.03697916666666667 0.08796296296296297
9 0.4197916666666667 0.3319444444444445 0.11770833333333333 0.2638888888888889
9 0.5835937499999999 0.2509259259259259 0.10677083333333333 0.2462962962962963
9 0.19791666666666669 0.3319444444444445 0.08541666666666667 0.22685185185185186
1 0.6705729166666666 0.24444444444444446 0.0234375 0.05555555555555555
4 0.63515625 0.2513888888888889 0.0390625 0.06574074074074074
7 0.5377604166666667 0.225 0.022395833333333334 0.08703703703703704
7 0.6520833333333333 0.23657407407407408 0.014583333333333334 0.09722222222222222
7 0.6403645833333332 0.24027777777777776 0.0171875 0.08981481481481482
7 0.2950520833333334 0.2787037037037037 0.024479166666666666 0.13518518518518519
7 0.2708333333333333 0.28379629629629627 0.026041666666666668 0.1361111111111111
7 0.2565104166666667 0.2712962962962963 0.013020833333333334 0.1
