7 0.10104166666666667 0.25046296296296294 0.075 0.32685185185185184
7 0.03307291666666667 0.2699074074074074 0.0609375 0.3194444444444444
9 0.4828125 0.22129629629629632 0.053125 0.13703703703703704
0 0.8046875 0.2273148148148148 0.05 0.06759259259259259
7 0.8330729166666667 0.22037037037037036 0.015104166666666667 0.053703703703703705
7 0.5544270833333333 0.2064814814814815 0.0109375 0.03148148148148148
7 0.5671875 0.2074074074074074 0.0125 0.03333333333333333
6 0.5549479166666668 0.2152777777777778 0.009895833333333333 0.025
6 0.5671875 0.21481481481481482 0.011458333333333333 0.02962962962962963
0 0.9773437500000001 0.24537037037037035 0.0453125 0.12407407407407407
