0 0.13645833333333332 0.487962962962963 0.27291666666666664 0.975925925925926
7 0.34114583333333337 0.4615740740740741 0.08333333333333333 0.5731481481481482
0 0.3403645833333333 0.31342592592592594 0.1546875 0.41944444444444445
7 0.45859375 0.3712962962962963 0.06197916666666667 0.28888888888888886
7 0.5809895833333333 0.37407407407407406 0.1109375 0.3537037037037037
6 0.5755208333333334 0.47638888888888886 0.11354166666666667 0.36018518518518516
6 0.67421875 0.5064814814814815 0.0796875 0.22592592592592592
6 0.8791666666666667 0.5328703703703703 0.14375 0.33425925925925926
7 0.6690104166666667 0.32685185185185184 0.0734375 0.2
7 0.8908854166666667 0.42824074074074076 0.12135416666666667 0.3212962962962963
0 0.7369791666666666 0.39537037037037037 0.08541666666666667 0.23703703703703705
