3 0.9049479166666667 0.15601851851851853 0.0265625 0.04537037037037037
0 0.6653645833333333 0.17453703703703705 0.0328125 0.0824074074074074
0 0.8661458333333333 0.14305555555555555 0.07083333333333333 0.08055555555555556
0 0.6427083333333333 0.16712962962962963 0.0125 0.03425925925925926
0 0.43333333333333335 0.25092592592592594 0.14479166666666668 0.2777777777777778
9 0.5765625 0.21574074074074073 0.10104166666666667 0.2962962962962963
9 0.67890625 0.1824074074074074 0.0453125 0.1037037037037037
9 0.11875 0.7310185185185185 0.2375 0.537962962962963
6 0.6328125 0.1847222222222222 0.013541666666666667 0.03981481481481482
6 0.7463541666666667 0.3111111111111111 0.08125 0.21851851851851853
7 0.2140625 0.3388888888888889 0.096875 0.2814814814814815
7 0.2794270833333333 0.2861111111111111 0.0671875 0.3592592592592593
7 0.63359375 0.16944444444444445 0.013020833333333334 0.04814814814814815
7 0.7549479166666666 0.22175925925925927 0.09114583333333333 0.3101851851851852
7 0.73828125 0.22175925925925927 0.058854166666666666 0.287962962962963
7 0.7130208333333333 0.18564814814814815 0.03125 0.16018518518518518
7 0.6981770833333333 0.1537037037037037 0.013020833333333334 0.046296296296296294
