0 0.26536458333333335 0.30000000000000004 0.1921875 0.362962962962963
7 0.45546875 0.2722222222222222 0.03802083333333333 0.2518518518518518
9 0.5213541666666667 0.25833333333333336 0.04479166666666667 0.1
9 0.5533854166666666 0.25601851851851853 0.03697916666666667 0.08796296296296297
0 0.6934895833333334 0.2310185185185185 0.025520833333333333 0.05648148148148148
7 0.7255208333333334 0.24027777777777776 0.010416666666666666 0.05277777777777778
3 0.7286458333333333 0.23657407407407408 0.030208333333333334 0.041666666666666664
0 0.8098958333333334 0.25 0.04895833333333333 0.1037037037037037
0 0.8466145833333333 0.25 0.03177083333333333 0.08333333333333333
7 0.9536458333333333 0.30185185185185187 0.07604166666666666 0.2351851851851852
6 0.9442708333333333 0.35833333333333334 0.10208333333333333 0.2222222222222222
