7 0.25234375 0.39583333333333337 0.09739583333333333 0.5120370370370371
2 0.103125 0.31712962962962965 0.20625 0.6342592592592593
2 0.38567708333333334 0.1837962962962963 0.1484375 0.2675925925925926
2 0.5200520833333333 0.21157407407407408 0.1203125 0.27870370370370373
0 0.3984375 0.29212962962962963 0.125 0.20833333333333334
9 0.7276041666666667 0.28703703703703703 0.05 0.12037037037037036
7 0.74296875 0.26481481481481484 0.0234375 0.11666666666666667
7 0.72578125 0.25601851851851853 0.025520833333333333 0.09166666666666666
0 0.5979166666666667 0.2532407407407407 0.035416666666666666 0.0787037037037037
0 0.65390625 0.24212962962962964 0.022395833333333334 0.04537037037037037
7 0.6302083333333334 0.2361111111111111 0.007291666666666667 0.02962962962962963
7 0.6716145833333333 0.2537037037037037 0.0067708333333333336 0.040740740740740744
7 0.6804687500000001 0.2523148148148148 0.0109375 0.06018518518518518
