0 0.08619791666666667 0.33333333333333337 0.17239583333333333 0.34814814814814815
0 0.240625 0.2967592592592593 0.21979166666666666 0.25277777777777777
0 0.6552083333333333 0.25972222222222224 0.07083333333333333 0.15092592592592594
0 0.7716145833333333 0.2375 0.0390625 0.07685185185185185
0 0.9122395833333333 0.24166666666666667 0.0703125 0.1111111111111111
0 0.9692708333333334 0.25 0.06145833333333333 0.13703703703703704
2 0.14036458333333335 0.14722222222222223 0.16927083333333334 0.1537037037037037
2 0.353125 0.19166666666666668 0.25833333333333336 0.3685185185185185
2 0.5171875 0.1837962962962963 0.09583333333333334 0.2101851851851852
2 0.5786458333333334 0.16342592592592592 0.041666666666666664 0.0787037037037037
2 0.63125 0.17592592592592593 0.06354166666666666 0.04814814814814815
2 0.678125 0.17268518518518516 0.03229166666666667 0.028703703703703703
2 0.7903645833333333 0.18055555555555555 0.03697916666666667 0.037037037037037035
2 0.8270833333333333 0.18796296296296297 0.03229166666666667 0.11851851851851852
2 0.9015625 0.18333333333333335 0.13125 0.2074074074074074
9 0.5453125 0.28425925925925927 0.0625 0.1537037037037037
6 0.790625 0.2675925925925926 0.051041666666666666 0.07037037037037037
7 0.14453125 0.275 0.04739583333333333 0.2222222222222222
7 0.20130208333333335 0.32592592592592595 0.08072916666666667 0.31851851851851853
7 0.371875 0.2949074074074074 0.04895833333333333 0.2712962962962963
7 0.5031249999999999 0.2861111111111111 0.042708333333333334 0.1648148148148148
7 0.57421875 0.24537037037037038 0.0140625 0.08518518518518518
7 0.5929687499999999 0.27037037037037037 0.0328125 0.17592592592592593
7 0.7890625 0.24722222222222223 0.03125 0.0962962962962963
7 0.8072916666666666 0.23333333333333334 0.016666666666666666 0.09814814814814815
7 0.8682291666666667 0.24675925925925926 0.027083333333333334 0.10833333333333334
7 0.8966145833333333 0.24814814814814815 0.0265625 0.10925925925925926
