3 0.7171875000000001 0.29212962962962963 0.08854166666666667 0.1175925925925926
0 0.803125 0.27731481481481485 0.09270833333333334 0.19166666666666668
0 0.5598958333333334 0.3101851851851852 0.09583333333333334 0.20555555555555555
9 0.47630208333333335 0.3462962962962963 0.1265625 0.3388888888888889
9 0.9263020833333333 0.31527777777777777 0.10885416666666667 0.19166666666666668
6 0.6565104166666667 0.29398148148148145 0.0203125 0.03611111111111111
6 0.6049479166666667 0.3148148148148148 0.016145833333333335 0.053703703703703705
7 0.3658854166666667 0.31527777777777777 0.04010416666666667 0.20277777777777778
7 0.9466145833333334 0.26342592592592595 0.050520833333333334 0.24166666666666667
7 0.6046875 0.27499999999999997 0.019791666666666666 0.06851851851851852
7 0.640625 0.2777777777777778 0.009375 0.04259259259259259
7 0.8619791666666666 0.25601851851851853 0.015625 0.06944444444444445
7 0.42083333333333334 0.287962962962963 0.01875 0.08148148148148149
7 0.67109375 0.2833333333333333 0.009895833333333333 0.053703703703703705
