7 0.14036458333333335 0.2597222222222222 0.04635416666666667 0.18981481481481483
7 0.12083333333333333 0.27685185185185185 0.03229166666666667 0.13703703703703704
7 0.25651041666666663 0.41250000000000003 0.11614583333333334 0.6675925925925926
4 0.18229166666666666 0.38657407407407407 0.08125 0.18981481481481483
7 0.40130208333333334 0.29907407407407405 0.058854166666666666 0.20925925925925926
7 0.3203125 0.24212962962962964 0.025 0.075
7 0.19557291666666665 0.2162037037037037 0.0296875 0.075
0 0.4734375 0.2884259259259259 0.08125 0.15833333333333333
0 0.5690104166666666 0.2902777777777778 0.07760416666666667 0.1675925925925926
7 0.36640625 0.24444444444444444 0.0171875 0.04259259259259259
7 0.43072916666666666 0.27824074074074073 0.01875 0.12129629629629629
6 0.40729166666666666 0.3736111111111111 0.051041666666666666 0.14907407407407408
3 0.5302083333333334 0.26666666666666666 0.022916666666666665 0.1111111111111111
0 0.7380208333333333 0.3740740740740741 0.215625 0.4203703703703704
7 0.9296875 0.3560185185185185 0.08958333333333333 0.36944444444444446
0 0.9263020833333334 0.32546296296296295 0.14739583333333334 0.28425925925925927
0 0.61484375 0.24814814814814815 0.030729166666666665 0.05185185185185185
4 0.31640625 0.3564814814814815 0.04010416666666667 0.16296296296296298
4 0.34921875 0.3324074074074074 0.05260416666666667 0.11851851851851852
7 0.022395833333333334 0.2657407407407407 0.04479166666666667 0.25925925925925924
