0 0.37838541666666664 0.2699074074074074 0.13489583333333333 0.2675925925925926
0 0.5442708333333334 0.23425925925925928 0.04583333333333333 0.12962962962962962
9 0.47578125 0.3194444444444444 0.14427083333333332 0.30925925925925923
9 0.9328125 0.20694444444444443 0.125 0.3194444444444444
9 0.5895833333333333 0.25925925925925924 0.04895833333333333 0.09444444444444444
4 0.6953125 0.25601851851851853 0.06041666666666667 0.0712962962962963
4 0.6380208333333333 0.24907407407407406 0.04479166666666667 0.06296296296296296
7 0.6000000000000001 0.21157407407407408 0.03333333333333333 0.1361111111111111
7 0.7252604166666666 0.22314814814814815 0.021354166666666667 0.12962962962962962
7 0.7098958333333334 0.2361111111111111 0.022916666666666665 0.0962962962962963
