3 0.68203125 0.175 0.09114583333333333 0.11851851851851852
0 0.2791666666666667 0.2351851851851852 0.36770833333333336 0.45925925925925926
0 0.49140625 0.15185185185185185 0.04635416666666667 0.10925925925925926
0 0.7895833333333333 0.1962962962962963 0.103125 0.2740740740740741
9 0.45781249999999996 0.16944444444444445 0.057291666666666664 0.13148148148148148
9 0.5984375 0.14907407407407408 0.028125 0.07777777777777778
9 0.8932291666666666 0.2462962962962963 0.2 0.4703703703703704
9 0.05182291666666667 0.4648148148148148 0.10364583333333334 0.5481481481481482
1 0.6223958333333333 0.1638888888888889 0.040625 0.05185185185185185
6 0.5578125 0.2564814814814815 0.07291666666666667 0.18888888888888888
7 0.0765625 0.175462962962963 0.05416666666666667 0.275
7 0.25416666666666665 0.21759259259259256 0.084375 0.30925925925925923
7 0.340625 0.20833333333333334 0.09895833333333333 0.2814814814814815
7 0.55703125 0.18657407407407406 0.06927083333333334 0.262037037037037
