7 0.09557291666666667 0.28564814814814815 0.10364583333333334 0.33240740740740743
7 0.09505208333333333 0.17222222222222222 0.04635416666666667 0.14814814814814814
6 0.09192708333333333 0.32592592592592595 0.10572916666666667 0.2537037037037037
3 0.41536458333333337 0.3143518518518518 0.4578125 0.6027777777777777
0 0.63984375 0.2087962962962963 0.05364583333333333 0.13055555555555556
0 0.7585937500000001 0.2898148148148148 0.18697916666666667 0.387037037037037
7 0.8817708333333334 0.23842592592592593 0.065625 0.20462962962962963
6 0.8796875000000001 0.28148148148148144 0.07291666666666667 0.18518518518518517
7 0.9669270833333334 0.20092592592592592 0.025520833333333333 0.11851851851851852
7 0.9833333333333333 0.19583333333333333 0.020833333333333332 0.125
7 0.9572916666666667 0.17268518518518516 0.022916666666666665 0.07314814814814814
0 0.9239583333333334 0.23425925925925928 0.06458333333333334 0.17777777777777778
