0 0.11354166666666668 0.2148148148148148 0.13125 0.2833333333333333
0 0.16666666666666666 0.22453703703703703 0.10520833333333333 0.21944444444444444
0 0.28567708333333336 0.20416666666666666 0.08802083333333334 0.20833333333333334
7 0.24322916666666666 0.23425925925925925 0.04583333333333333 0.25925925925925924
0 0.41171875 0.23703703703703705 0.0859375 0.22037037037037038
6 0.47005208333333337 0.24953703703703703 0.024479166666666666 0.09351851851851851
9 0.5450520833333333 0.26296296296296295 0.0640625 0.17222222222222222
9 0.6041666666666666 0.22361111111111112 0.025 0.0787037037037037
0 0.63515625 0.2222222222222222 0.024479166666666666 0.05
3 0.67265625 0.24212962962962964 0.05572916666666667 0.0824074074074074
6 0.7190104166666667 0.23750000000000002 0.019270833333333334 0.058333333333333334
7 0.7559895833333333 0.23379629629629628 0.016145833333333335 0.07314814814814814
6 0.7875 0.2462962962962963 0.04791666666666667 0.07037037037037037
7 0.83046875 0.312962962962963 0.06822916666666666 0.31851851851851853
7 0.96484375 0.2583333333333333 0.050520833333333334 0.26666666666666666
9 0.9268229166666666 0.32407407407407407 0.13802083333333334 0.25925925925925924
