1 0.4174479166666667 0.3768518518518519 0.021354166666666667 0.09814814814814815
7 0.41848958333333336 0.31527777777777777 0.03697916666666667 0.15648148148148147
0 0.5505208333333333 0.29953703703703705 0.0625 0.1287037037037037
0 0.5028645833333333 0.27546296296296297 0.024479166666666666 0.05092592592592592
0 0.47682291666666665 0.2791666666666667 0.0203125 0.04537037037037037
9 0.4630208333333333 0.3013888888888889 0.025 0.03611111111111111
7 0.4625 0.2777777777777778 0.011458333333333333 0.05
6 0.6419270833333334 0.274537037037037 0.0109375 0.03425925925925926
7 0.6411458333333334 0.25787037037037036 0.010416666666666666 0.030555555555555555
7 0.43828125 0.27731481481481485 0.005729166666666666 0.03796296296296296
7 0.4473958333333333 0.2777777777777778 0.008333333333333333 0.037037037037037035
