3 0.7234375 0.20601851851851852 0.011458333333333333 0.05277777777777778
0 0.7380208333333333 0.20138888888888887 0.023958333333333335 0.07314814814814814
0 0.6888020833333334 0.21157407407407408 0.0453125 0.10092592592592593
0 0.5841145833333333 0.24861111111111112 0.07552083333333333 0.16203703703703703
0 0.7872395833333333 0.2064814814814815 0.0546875 0.1111111111111111
0 0.9252604166666667 0.26064814814814813 0.11927083333333334 0.41388888888888886
11 0.7924479166666666 0.19814814814814816 0.10260416666666666 0.09074074074074075
6 0.8588541666666666 0.20416666666666666 0.020833333333333332 0.05648148148148148
7 0.634375 0.23379629629629628 0.03333333333333333 0.1675925925925926
7 0.6705729166666666 0.23842592592592593 0.027604166666666666 0.15092592592592594
7 0.8739583333333334 0.2148148148148148 0.021875 0.11666666666666667
7 0.9307291666666666 0.2824074074074074 0.051041666666666666 0.31666666666666665
