3 0.775 0.2638888888888889 0.12083333333333333 0.1925925925925926
0 0.5890625 0.23703703703703702 0.053125 0.1037037037037037
0 0.08541666666666667 0.17129629629629628 0.06875 0.14629629629629629
9 0.06484375 0.2569444444444444 0.1296875 0.3787037037037037
9 0.23697916666666669 0.3259259259259259 0.23854166666666668 0.5777777777777777
9 0.4731770833333333 0.25972222222222224 0.09635416666666667 0.25833333333333336
4 0.37057291666666664 0.2324074074074074 0.04739583333333333 0.07037037037037037
6 0.65234375 0.2833333333333333 0.0421875 0.10925925925925926
6 0.6809895833333333 0.262037037037037 0.0359375 0.05925925925925926
6 0.9229166666666666 0.4546296296296296 0.15416666666666667 0.37592592592592594
7 0.65 0.2513888888888889 0.04583333333333333 0.14907407407407408
7 0.6825520833333334 0.23796296296296296 0.019270833333333334 0.08333333333333333
7 0.9520833333333333 0.3416666666666667 0.08333333333333333 0.4074074074074074
