0 0.5963541666666667 0.24583333333333332 0.05 0.1175925925925926
2 0.1671875 0.2810185185185185 0.334375 0.562037037037037
2 0.3692708333333333 0.19907407407407407 0.1 0.35555555555555557
2 0.4432291666666667 0.17777777777777776 0.11875 0.2796296296296296
2 0.6513020833333333 0.1986111111111111 0.016145833333333335 0.05277777777777778
2 0.6281249999999999 0.19537037037037036 0.03229166666666667 0.07407407407407407
2 0.8684895833333333 0.18287037037037038 0.1265625 0.13055555555555556
2 0.9622395833333334 0.18194444444444444 0.07239583333333334 0.15462962962962962
9 0.5286458333333333 0.2597222222222222 0.058333333333333334 0.15833333333333333
6 0.6223958333333334 0.27361111111111114 0.03333333333333333 0.08796296296296297
7 0.4963541666666667 0.26111111111111107 0.01875 0.12777777777777777
7 0.6239583333333333 0.2388888888888889 0.03229166666666667 0.10555555555555556
