3 0.5104166666666666 0.24120370370370373 0.09479166666666666 0.11944444444444445
0 0.7817708333333333 0.20833333333333331 0.04375 0.07592592592592592
0 0.7294270833333333 0.21203703703703705 0.0390625 0.09814814814814815
0 0.6203125 0.21157407407407408 0.035416666666666666 0.0824074074074074
0 0.6752604166666666 0.23194444444444445 0.07135416666666666 0.14537037037037037
0 0.7557291666666667 0.2064814814814815 0.014583333333333334 0.05740740740740741
9 0.6119791666666666 0.2351851851851852 0.03229166666666667 0.053703703703703705
6 0.8140624999999999 0.22175925925925927 0.020833333333333332 0.04722222222222222
7 0.41171874999999997 0.2638888888888889 0.043229166666666666 0.20555555555555555
7 0.2515625 0.22175925925925927 0.03229166666666667 0.17685185185185184
7 0.5703125 0.2138888888888889 0.0125 0.06851851851851852
7 0.81328125 0.20509259259259258 0.021354166666666667 0.06388888888888888
7 0.5859375 0.21481481481481482 0.016666666666666666 0.08703703703703704
7 0.83046875 0.20787037037037037 0.013020833333333334 0.06944444444444445
7 0.28229166666666666 0.22499999999999998 0.034375 0.17407407407407408
7 0.33046875000000003 0.22175925925925927 0.028645833333333332 0.14351851851851852
