3 0.8927083333333333 0.34444444444444444 0.21145833333333333 0.2777777777777778
0 0.63046875 0.3462962962962963 0.1953125 0.37407407407407406
0 0.8184895833333333 0.2740740740740741 0.08697916666666666 0.17962962962962964
0 0.24895833333333334 0.31851851851851853 0.22916666666666666 0.27037037037037037
9 0.49140625 0.32361111111111107 0.1078125 0.1787037037037037
6 0.4177083333333333 0.324537037037037 0.04583333333333333 0.1361111111111111
6 0.7536458333333333 0.34675925925925927 0.04895833333333333 0.18055555555555555
7 0.41484375 0.2953703703703704 0.0390625 0.1574074074074074
7 0.018489583333333334 0.19675925925925927 0.033854166666666664 0.3287037037037037
7 0.2783854166666667 0.2773148148148148 0.04010416666666667 0.11018518518518519
7 0.7544270833333333 0.2851851851851852 0.050520833333333334 0.1962962962962963
7 0.5315104166666668 0.24675925925925923 0.0296875 0.10277777777777777
7 0.38906250000000003 0.3 0.027083333333333334 0.19444444444444445
7 0.02578125 0.2662037037037037 0.027604166666666666 0.17685185185185184
7 0.47213541666666664 0.2537037037037037 0.03177083333333333 0.07407407407407407
7 0.4984375 0.25092592592592594 0.028125 0.0962962962962963
