0 0.6252604166666667 0.3652777777777778 0.2203125 0.44537037037037036
0 0.8552083333333333 0.3759259259259259 0.22708333333333333 0.4351851851851852
0 0.11041666666666666 0.4976851851851852 0.22083333333333333 0.9953703703703703
4 0.46979166666666666 0.30092592592592593 0.025 0.0962962962962963
7 0.28828125 0.5037037037037038 0.23177083333333334 0.9740740740740741
7 0.40234375 0.3476851851851852 0.0703125 0.3712962962962963
7 0.4450520833333333 0.3231481481481482 0.0359375 0.25
7 0.21562499999999998 0.15555555555555556 0.021875 0.04259259259259259
7 0.23802083333333335 0.1787037037037037 0.023958333333333335 0.05555555555555555
7 0.21901041666666668 0.1962962962962963 0.0359375 0.05740740740740741
7 0.4921875 0.24768518518518517 0.010416666666666666 0.04351851851851852
7 0.5059895833333333 0.2421296296296296 0.008854166666666666 0.032407407407407406
7 0.4796875 0.24027777777777776 0.011458333333333333 0.032407407407407406
