9 0.12421875 0.6606481481481481 0.2484375 0.44537037037037036
0 0.06328125 0.1648148148148148 0.1265625 0.19444444444444445
0 0.16901041666666666 0.21203703703703702 0.1421875 0.18888888888888888
7 0.19739583333333333 0.19814814814814816 0.10833333333333334 0.21481481481481482
0 0.4395833333333333 0.46574074074074073 0.453125 0.9314814814814815
3 0.69296875 0.24444444444444446 0.12760416666666666 0.2611111111111111
9 0.7911458333333333 0.23148148148148148 0.07395833333333333 0.24259259259259258
6 0.8307291666666666 0.32453703703703707 0.08333333333333333 0.18796296296296297
7 0.83046875 0.23935185185185184 0.0828125 0.23425925925925925
0 0.9247395833333334 0.33564814814814814 0.15052083333333333 0.5990740740740741
