9 0.17265625 0.5171296296296296 0.3453125 0.6898148148148148
7 0.2640625 0.2375 0.1375 0.3287037037037037
9 0.3994791666666667 0.3055555555555556 0.12395833333333334 0.2
9 0.5213541666666667 0.2657407407407407 0.07083333333333333 0.15
7 0.5729166666666666 0.2361111111111111 0.03229166666666667 0.14074074074074075
0 0.6484375 0.25277777777777777 0.121875 0.26481481481481484
6 0.7752604166666667 0.27685185185185185 0.04739583333333333 0.10925925925925926
7 0.775 0.22037037037037038 0.04583333333333333 0.15
3 0.7817708333333334 0.2236111111111111 0.08020833333333334 0.11018518518518519
7 0.7302083333333333 0.1962962962962963 0.0125 0.05740740740740741
