7 0.44843750000000004 0.32037037037037036 0.01875 0.14814814814814814
7 0.45078125 0.225 0.025520833333333333 0.08148148148148149
7 0.4830729166666667 0.31574074074074077 0.030729166666666665 0.19074074074074074
7 0.5296875 0.3041666666666667 0.027083333333333334 0.1824074074074074
0 0.5291666666666667 0.24444444444444446 0.046875 0.11666666666666667
7 0.6307291666666667 0.3375 0.058333333333333334 0.23981481481481481
11 0.6109375 0.22870370370370371 0.08125 0.18888888888888888
7 0.6739583333333333 0.2564814814814815 0.013541666666666667 0.07222222222222222
7 0.7419270833333333 0.3421296296296297 0.059895833333333336 0.23055555555555557
6 0.6294270833333333 0.38009259259259254 0.06822916666666666 0.175
6 0.74375 0.4074074074074074 0.065625 0.20185185185185187
3 0.9057291666666666 0.4486111111111111 0.18854166666666666 0.44351851851851853
0 0.83515625 0.3023148148148148 0.08489583333333334 0.1527777777777778
