6 0.6625000000000001 0.3592592592592593 0.057291666666666664 0.14444444444444443
7 0.659375 0.3199074074074074 0.04895833333333333 0.1638888888888889
0 0.52421875 0.31851851851851853 0.04739583333333333 0.09814814814814815
1 0.45833333333333337 0.34305555555555556 0.020833333333333332 0.06574074074074074
7 0.4583333333333333 0.3212962962962963 0.017708333333333333 0.08888888888888889
7 0.5697916666666667 0.3018518518518518 0.019791666666666666 0.06481481481481481
6 0.5697916666666666 0.3194444444444444 0.020833333333333332 0.06111111111111111
7 0.39010416666666664 0.31712962962962965 0.0125 0.06574074074074074
7 0.40208333333333335 0.3138888888888889 0.009375 0.05555555555555555
0 0.47291666666666665 0.3157407407407407 0.0125 0.03888888888888889
