0 0.95546875 0.41435185185185186 0.0890625 0.5101851851851852
0 0.8755208333333333 0.3560185185185185 0.09895833333333333 0.2712962962962963
0 0.5520833333333334 0.40324074074074073 0.11666666666666667 0.24722222222222223
0 0.6111979166666667 0.3578703703703704 0.04010416666666667 0.14166666666666666
0 0.28671874999999997 0.4398148148148148 0.11302083333333333 0.13333333333333333
0 0.32864583333333336 0.4324074074074074 0.040625 0.10740740740740741
7 0.3690104166666667 0.44027777777777777 0.025520833333333333 0.175
9 0.1234375 0.537962962962963 0.13229166666666667 0.17037037037037037
7 0.4763020833333333 0.38055555555555554 0.016145833333333335 0.07962962962962963
6 0.64375 0.4078703703703704 0.053125 0.15092592592592594
7 0.6479166666666667 0.34675925925925927 0.03958333333333333 0.13425925925925927
2 0.7528645833333333 0.30833333333333335 0.13697916666666668 0.21851851851851853
6 0.7559895833333333 0.4273148148148148 0.08177083333333333 0.20277777777777778
7 0.7588541666666667 0.3513888888888889 0.058333333333333334 0.20092592592592592
