3 0.40390625 0.28703703703703703 0.04010416666666667 0.13148148148148148
0 0.5546875 0.41574074074074074 0.29270833333333335 0.6111111111111112
0 0.05 0.5236111111111111 0.1 0.9175925925925926
0 0.13229166666666667 0.3907407407407407 0.26145833333333335 0.5555555555555556
6 0.75 0.28425925925925927 0.0375 0.08148148148148149
7 0.7286458333333333 0.2708333333333333 0.025 0.11018518518518519
7 0.7080729166666667 0.2800925925925926 0.018229166666666668 0.06574074074074074
7 0.6981770833333333 0.2486111111111111 0.013020833333333334 0.07314814814814814
7 0.89921875 0.2986111111111111 0.0359375 0.1787037037037037
7 0.9640625 0.25972222222222224 0.046875 0.13425925925925927
7 0.8736979166666667 0.28425925925925927 0.033854166666666664 0.15925925925925927
7 0.9497395833333334 0.3412037037037037 0.06927083333333334 0.10277777777777777
7 0.9125 0.31527777777777777 0.023958333333333335 0.14537037037037037
7 0.9851562500000001 0.2847222222222222 0.0296875 0.13240740740740742
7 0.8471354166666667 0.3023148148148148 0.030729166666666665 0.12314814814814815
7 0.8369791666666667 0.287962962962963 0.046875 0.12407407407407407
7 0.8869791666666667 0.2134259259259259 0.020833333333333332 0.03981481481481482
7 0.20052083333333334 0.36296296296296293 0.04479166666666667 0.29074074074074074
