7 0.83046875 0.3458333333333333 0.011979166666666667 0.0712962962962963
7 0.8526041666666667 0.34259259259259256 0.010416666666666666 0.07962962962962963
7 0.8838541666666666 0.34351851851851856 0.013541666666666667 0.09074074074074075
7 0.9018229166666667 0.3509259259259259 0.019270833333333334 0.07407407407407407
0 0.6630208333333334 0.38796296296296295 0.128125 0.2611111111111111
7 0.58203125 0.3421296296296296 0.0067708333333333336 0.021296296296296296
7 0.58828125 0.34444444444444444 0.005729166666666666 0.027777777777777776
7 0.5955729166666667 0.34490740740740744 0.0036458333333333334 0.025
3 0.5645833333333333 0.33935185185185185 0.016666666666666666 0.028703703703703703
8 0.5403645833333333 0.33287037037037037 0.03697916666666667 0.0712962962962963
6 0.49869791666666663 0.3462962962962963 0.0067708333333333336 0.022222222222222223
0 0.5046875 0.3402777777777778 0.013541666666666667 0.026851851851851852
3 0.51015625 0.33935185185185185 0.015104166666666667 0.032407407407407406
0 0.4825520833333334 0.34490740740740744 0.008854166666666666 0.025
9 0.4703125 0.33935185185185185 0.013541666666666667 0.03611111111111111
7 0.44453125000000004 0.33240740740740743 0.008854166666666666 0.03518518518518519
7 0.45546875 0.33287037037037037 0.0078125 0.03425925925925926
