3 0.45859375 0.2277777777777778 0.10052083333333334 0.17037037037037037
9 0.56015625 0.2162037037037037 0.025520833333333333 0.07314814814814814
9 0.6072916666666667 0.21944444444444444 0.0625 0.18518518518518517
9 0.8411458333333334 0.23703703703703705 0.09375 0.21481481481481482
1 0.77421875 0.21388888888888888 0.0203125 0.06111111111111111
7 0.04088541666666667 0.3486111111111111 0.0796875 0.33796296296296297
7 0.3885416666666666 0.2537037037037037 0.030208333333333334 0.13703703703703704
7 0.4828125 0.2509259259259259 0.03333333333333333 0.14444444444444443
7 0.5096354166666667 0.24675925925925923 0.0296875 0.14722222222222223
7 0.5434895833333333 0.2763888888888889 0.044270833333333336 0.2564814814814815
7 0.64609375 0.19999999999999998 0.0109375 0.07037037037037037
7 0.7041666666666666 0.19490740740740742 0.0125 0.0712962962962963
7 0.7158854166666666 0.19444444444444445 0.013020833333333334 0.08148148148148149
7 0.8359375 0.18611111111111112 0.028125 0.1537037037037037
7 0.8640625000000001 0.20092592592592592 0.05 0.21666666666666667
7 0.9216145833333333 0.21944444444444444 0.04635416666666667 0.18888888888888888
7 0.97109375 0.2222222222222222 0.03802083333333333 0.1925925925925926
