11 0.20963541666666666 0.10740740740740741 0.17447916666666666 0.21481481481481482
11 0.9276041666666667 0.13472222222222222 0.14479166666666668 0.26944444444444443
9 0.72890625 0.2518518518518518 0.19947916666666668 0.4722222222222222
4 0.41901041666666666 0.2898148148148148 0.12239583333333333 0.21296296296296297
6 0.5315104166666667 0.23379629629629628 0.13697916666666668 0.175
7 0.13046875 0.23657407407407408 0.12135416666666667 0.47314814814814815
7 0.2708333333333333 0.18703703703703703 0.090625 0.37407407407407406
7 0.44583333333333336 0.21944444444444444 0.12291666666666666 0.43148148148148147
7 0.57578125 0.09953703703703703 0.027604166666666666 0.10833333333333334
7 0.6088541666666667 0.175 0.05 0.29259259259259257
