7 0.11484375 0.5 0.2296875 1.0
7 0.20026041666666666 0.33611111111111114 0.09322916666666667 0.6296296296296297
6 0.2765625 0.3402777777777778 0.10104166666666667 0.18055555555555555
7 0.28411458333333334 0.2847222222222222 0.08072916666666667 0.28425925925925927
7 0.36744791666666665 0.3055555555555555 0.08177083333333333 0.387037037037037
7 0.3963541666666667 0.262037037037037 0.036458333333333336 0.2833333333333333
7 0.41640625000000003 0.29444444444444445 0.015104166666666667 0.1111111111111111
7 0.44765625 0.2833333333333333 0.021354166666666667 0.15
7 0.48151041666666666 0.28194444444444444 0.05364583333333333 0.25462962962962965
7 0.5 0.27361111111111114 0.026041666666666668 0.20462962962962963
0 0.7236979166666666 0.49953703703703706 0.5526041666666667 0.9990740740740741
