6 0.13098958333333335 0.5402777777777777 0.25364583333333335 0.9194444444444444
7 0.3046875 0.27175925925925926 0.11354166666666667 0.4787037037037037
9 0.3109375 0.34953703703703703 0.196875 0.3527777777777778
7 0.5578125 0.2638888888888889 0.04583333333333333 0.17407407407407408
3 0.5192708333333333 0.25092592592592594 0.06666666666666667 0.10740740740740741
9 0.6114583333333333 0.2518518518518519 0.057291666666666664 0.16111111111111112
0 0.7010416666666667 0.24166666666666667 0.0375 0.06666666666666667
6 0.7872395833333333 0.25601851851851853 0.0578125 0.08981481481481482
6 0.9510416666666667 0.3060185185185185 0.09791666666666667 0.11388888888888889
7 0.8934895833333333 0.27685185185185185 0.04739583333333333 0.19074074074074074
