3 0.8510416666666667 0.22777777777777777 0.01875 0.044444444444444446
3 0.8252604166666667 0.22499999999999998 0.0390625 0.07592592592592592
0 0.91953125 0.23564814814814816 0.05677083333333333 0.1287037037037037
0 0.6192708333333333 0.2462962962962963 0.022916666666666665 0.07962962962962963
0 0.47031249999999997 0.274537037037037 0.07083333333333333 0.1935185185185185
0 0.3385416666666667 0.2763888888888889 0.11458333333333333 0.23055555555555557
0 0.7486979166666666 0.24305555555555555 0.06302083333333333 0.1175925925925926
0 0.66796875 0.24212962962962964 0.04114583333333333 0.09166666666666666
9 0.25546875 0.3768518518518518 0.14947916666666666 0.24074074074074073
9 0.70390625 0.23981481481481481 0.0359375 0.11296296296296296
9 0.5846354166666666 0.2884259259259259 0.07760416666666667 0.1824074074074074
1 0.6625 0.27314814814814814 0.028125 0.06481481481481481
7 0.9 0.2518518518518519 0.022916666666666665 0.1388888888888889
7 0.6630208333333333 0.2412037037037037 0.023958333333333335 0.11018518518518519
7 0.44921875 0.3314814814814815 0.10677083333333333 0.39444444444444443
7 0.5395833333333333 0.2861111111111111 0.035416666666666666 0.2037037037037037
7 0.10859375 0.3398148148148148 0.0640625 0.2111111111111111
7 0.8234375 0.27037037037037037 0.051041666666666666 0.1574074074074074
7 0.8755208333333333 0.2611111111111111 0.035416666666666666 0.17407407407407408
7 0.12630208333333331 0.24583333333333332 0.03177083333333333 0.07314814814814814
7 0.184375 0.3453703703703703 0.12083333333333333 0.31296296296296294
7 0.6354166666666666 0.24212962962962964 0.009375 0.049074074074074076
