7 0.4322916666666667 0.28703703703703703 0.06770833333333333 0.387037037037037
7 0.65078125 0.28240740740740744 0.028645833333333332 0.14814814814814814
0 0.7559895833333333 0.30138888888888893 0.07760416666666667 0.16574074074074074
0 0.8536458333333333 0.2708333333333333 0.03958333333333333 0.05648148148148148
7 0.9606770833333333 0.2972222222222222 0.04635416666666667 0.14814814814814814
7 0.9411458333333332 0.27685185185185185 0.025 0.1111111111111111
6 0.9377604166666667 0.3060185185185185 0.022395833333333334 0.07685185185185185
6 0.9619791666666667 0.34444444444444444 0.05 0.11851851851851852
7 0.88984375 0.2685185185185185 0.011979166666666667 0.05555555555555555
0 0.8856770833333333 0.26805555555555555 0.027604166666666666 0.049074074074074076
0 0.9260416666666667 0.26851851851851855 0.030208333333333334 0.053703703703703705
