0 0.11223958333333334 0.5782407407407407 0.22447916666666667 0.8435185185185186
0 0.2559895833333333 0.4634259259259259 0.14947916666666666 0.4564814814814815
7 0.3666666666666667 0.5046296296296297 0.08541666666666667 0.5314814814814814
7 0.41666666666666663 0.4023148148148148 0.0375 0.2601851851851852
7 0.44453125 0.3717592592592593 0.030729166666666665 0.23425925925925925
9 0.5322916666666666 0.3657407407407407 0.059375 0.1925925925925926
7 0.5197916666666667 0.25833333333333336 0.035416666666666666 0.04259259259259259
7 0.8348958333333333 0.38472222222222224 0.140625 0.5194444444444445
1 0.8364583333333334 0.611111111111111 0.15104166666666666 0.4685185185185185
0 0.6674479166666667 0.4300925925925926 0.2234375 0.4546296296296296
7 0.92265625 0.33611111111111114 0.050520833333333334 0.2740740740740741
7 0.95390625 0.3314814814814815 0.024479166666666666 0.10185185185185185
7 0.7687499999999999 0.28935185185185186 0.029166666666666667 0.10277777777777777
