3 0.128125 0.35 0.25625 0.2
9 0.30755208333333334 0.3421296296296296 0.0484375 0.11944444444444445
7 0.30520833333333336 0.3125 0.022916666666666665 0.06018518518518518
7 0.42109375 0.3388888888888889 0.0234375 0.13518518518518519
7 0.4966145833333333 0.2777777777777778 0.06510416666666667 0.14629629629629629
9 0.5005208333333333 0.47175925925925927 0.146875 0.2490740740740741
3 0.44453125 0.30462962962962964 0.04635416666666667 0.10925925925925926
3 0.5244791666666667 0.27499999999999997 0.051041666666666666 0.06111111111111111
7 0.53125 0.3055555555555555 0.021875 0.06481481481481481
9 0.5734375 0.29537037037037034 0.03854166666666667 0.10555555555555556
0 0.640625 0.2791666666666667 0.03958333333333333 0.08611111111111111
3 0.6776041666666667 0.26666666666666666 0.03229166666666667 0.04814814814814815
6 0.6773437499999999 0.2796296296296297 0.013020833333333334 0.037037037037037035
7 0.6768229166666667 0.26064814814814813 0.0140625 0.05277777777777778
7 0.5906250000000001 0.27222222222222225 0.010416666666666666 0.053703703703703705
7 0.5994791666666667 0.27175925925925926 0.008333333333333333 0.05277777777777778
7 0.6067708333333334 0.2759259259259259 0.008333333333333333 0.044444444444444446
7 0.6125 0.2699074074074074 0.007291666666666667 0.05092592592592592
6 0.9666666666666667 0.3217592592592593 0.05520833333333333 0.12129629629629629
7 0.9658854166666667 0.28888888888888886 0.04635416666666667 0.12962962962962962
9 0.92265625 0.2962962962962963 0.043229166666666666 0.07222222222222222
7 0.934375 0.2518518518518519 0.019791666666666666 0.040740740740740744
6 0.8294270833333334 0.2949074074074074 0.027604166666666666 0.06944444444444445
7 0.8315104166666666 0.27361111111111114 0.021354166666666667 0.08055555555555556
0 0.8078125 0.2675925925925926 0.03333333333333333 0.07037037037037037
6 0.7549479166666667 0.2671296296296296 0.0109375 0.03796296296296296
11 0.7630208333333334 0.2175925925925926 0.030208333333333334 0.037037037037037035
