0 0.8682291666666667 0.3175925925925926 0.21875 0.3907407407407407
0 0.5950520833333333 0.23888888888888887 0.059895833333333336 0.1685185185185185
0 0.7575520833333333 0.2583333333333333 0.058854166666666666 0.2074074074074074
9 0.13723958333333333 0.6462962962962963 0.27447916666666666 0.6925925925925925
9 0.38776041666666666 0.2361111111111111 0.0890625 0.25925925925925924
9 0.6783854166666667 0.2953703703703704 0.16302083333333334 0.4351851851851852
4 0.44921875 0.2708333333333333 0.06927083333333334 0.1175925925925926
7 0.4927083333333333 0.29768518518518516 0.06458333333333334 0.3675925925925926
7 0.5505208333333333 0.2912037037037037 0.07291666666666667 0.38425925925925924
7 0.2838541666666667 0.16342592592592592 0.040625 0.11388888888888889
