6 0.38255208333333335 0.5268518518518519 0.10572916666666667 0.29074074074074074
7 0.38385416666666666 0.37916666666666665 0.09375 0.30648148148148147
9 0.44244791666666666 0.374537037037037 0.0578125 0.08796296296296297
7 0.44140625 0.2990740740740741 0.0328125 0.08148148148148149
0 0.6140625000000001 0.3388888888888889 0.09583333333333334 0.2074074074074074
0 0.5598958333333334 0.3018518518518518 0.019791666666666666 0.09814814814814815
0 0.5205729166666666 0.30277777777777776 0.04010416666666667 0.09259259259259259
0 0.4934895833333333 0.2912037037037037 0.018229166666666668 0.049074074074074076
0 0.7596354166666667 0.28194444444444444 0.05572916666666667 0.09537037037037037
0 0.83671875 0.28564814814814815 0.07552083333333333 0.1287037037037037
0 0.6666666666666666 0.28240740740740744 0.03229166666666667 0.07407407407407407
9 0.7101562499999999 0.29212962962962963 0.028645833333333332 0.03425925925925926
9 0.9111979166666666 0.3037037037037037 0.0515625 0.05740740740740741
7 0.9234374999999999 0.28935185185185186 0.020833333333333332 0.09166666666666666
7 0.8877604166666666 0.28148148148148144 0.0203125 0.09814814814814815
