7 0.2921875 0.2888888888888889 0.026041666666666668 0.06296296296296296
3 0.41250000000000003 0.25092592592592594 0.052083333333333336 0.07592592592592592
9 0.46458333333333335 0.25555555555555554 0.027083333333333334 0.05740740740740741
7 0.5049479166666666 0.24722222222222223 0.008854166666666666 0.05555555555555555
3 0.5778645833333333 0.2518518518518518 0.015104166666666667 0.03148148148148148
0 0.62265625 0.26435185185185184 0.0234375 0.05277777777777778
0 0.640625 0.2657407407407407 0.017708333333333333 0.04259259259259259
7 0.65546875 0.2657407407407407 0.0067708333333333336 0.040740740740740744
7 0.7403645833333333 0.2851851851851852 0.013020833333333334 0.08333333333333333
6 0.7052083333333333 0.29212962962962963 0.01875 0.03425925925925926
6 0.7815104166666667 0.3175925925925926 0.0234375 0.07592592592592592
7 0.7843749999999999 0.29027777777777775 0.029166666666666667 0.08796296296296297
0 0.59765625 0.2564814814814815 0.0140625 0.03148148148148148
3 0.9596354166666667 0.5523148148148148 0.08072916666666667 0.462037037037037
