9 0.07239583333333334 0.5259259259259259 0.14479166666666668 0.5407407407407407
9 0.21979166666666666 0.36388888888888893 0.175 0.35185185185185186
9 0.3419270833333333 0.2861111111111111 0.13072916666666667 0.19444444444444445
9 0.4908854166666667 0.2569444444444444 0.024479166666666666 0.062037037037037036
0 0.5335937500000001 0.2537037037037037 0.033854166666666664 0.053703703703703705
0 0.5091145833333334 0.24166666666666664 0.024479166666666666 0.03888888888888889
0 0.5596354166666666 0.24722222222222223 0.0328125 0.04814814814814815
11 0.6166666666666667 0.25 0.046875 0.05925925925925926
3 0.6494791666666666 0.26481481481481484 0.05520833333333333 0.07222222222222222
7 0.6416666666666667 0.262037037037037 0.014583333333333334 0.06481481481481481
0 0.7302083333333333 0.29212962962962963 0.0625 0.13055555555555556
3 0.8273437499999999 0.3087962962962963 0.1140625 0.11944444444444445
0 0.7666666666666666 0.2796296296296296 0.03229166666666667 0.09259259259259259
3 0.9338541666666667 0.3837962962962963 0.13229166666666667 0.25277777777777777
