0 0.55703125 0.2833333333333333 0.044270833333333336 0.1037037037037037
0 0.6473958333333334 0.2851851851851852 0.058333333333333334 0.12407407407407407
0 0.9408854166666666 0.3222222222222222 0.11822916666666666 0.25
11 0.7161458333333334 0.25277777777777777 0.03958333333333333 0.07222222222222222
9 0.44479166666666664 0.3111111111111111 0.075 0.19074074074074074
9 0.47760416666666666 0.28703703703703703 0.04583333333333333 0.17592592592592593
9 0.60546875 0.2587962962962963 0.016145833333333335 0.03796296296296296
9 0.5895833333333333 0.2675925925925926 0.011458333333333333 0.05
9 0.77421875 0.26712962962962966 0.027604166666666666 0.07685185185185185
1 0.2674479166666667 0.39537037037037037 0.0703125 0.19814814814814816
6 0.85625 0.32037037037037036 0.059375 0.08703703703703704
6 0.7908854166666667 0.3050925925925926 0.043229166666666666 0.0787037037037037
7 0.515625 0.2949074074074074 0.030208333333333334 0.14722222222222223
7 0.37161458333333336 0.2310185185185185 0.024479166666666666 0.13055555555555556
7 0.5848958333333333 0.2777777777777778 0.013541666666666667 0.07037037037037037
7 0.5302083333333333 0.2773148148148148 0.016666666666666666 0.09537037037037037
7 0.6164062499999999 0.25462962962962965 0.0046875 0.025925925925925925
7 0.7791666666666667 0.25324074074074077 0.0125 0.05648148148148148
7 0.7536458333333332 0.25925925925925924 0.009375 0.03888888888888889
7 0.8729166666666667 0.2652777777777778 0.0375 0.08611111111111111
