0 0.4283854166666667 0.5023148148148148 0.5598958333333334 0.9953703703703703
9 0.7486979166666666 0.336574074074074 0.08697916666666666 0.30648148148148147
9 0.9216145833333332 0.31296296296296294 0.1265625 0.2111111111111111
1 0.8614583333333333 0.31527777777777777 0.035416666666666666 0.06944444444444445
6 0.046614583333333334 0.45972222222222225 0.09322916666666667 0.5787037037037037
6 0.7848958333333333 0.3652777777777778 0.06875 0.11944444444444445
6 0.9721354166666666 0.45 0.05572916666666667 0.27037037037037037
7 0.7575520833333333 0.15555555555555556 0.0609375 0.09259259259259259
7 0.790625 0.24907407407407406 0.027083333333333334 0.1111111111111111
7 0.809375 0.22685185185185186 0.0125 0.07407407407407407
7 0.8294270833333334 0.2574074074074074 0.030729166666666665 0.1574074074074074
7 0.8619791666666667 0.2787037037037037 0.026041666666666668 0.11481481481481481
7 0.9049479166666666 0.26481481481481484 0.0359375 0.17962962962962964
7 0.9317708333333333 0.24722222222222223 0.019791666666666666 0.15555555555555556
7 0.9580729166666666 0.28055555555555556 0.04010416666666667 0.2462962962962963
