7 0.2838541666666667 0.2638888888888889 0.052083333333333336 0.27037037037037037
7 0.35625 0.25833333333333336 0.046875 0.2851851851851852
6 0.4244791666666667 0.34814814814814815 0.07395833333333333 0.20555555555555555
7 0.53046875 0.28055555555555556 0.027604166666666666 0.12777777777777777
3 0.5067708333333334 0.274537037037037 0.035416666666666666 0.07314814814814814
7 0.44505208333333335 0.2652777777777778 0.019270833333333334 0.15833333333333333
9 0.5760416666666667 0.2777777777777778 0.04583333333333333 0.1259259259259259
0 0.6611979166666666 0.27175925925925926 0.027604166666666666 0.05648148148148148
0 0.7638020833333333 0.2953703703703704 0.09427083333333333 0.20555555555555555
7 0.8791666666666667 0.30787037037037035 0.040625 0.19722222222222222
7 0.9187500000000001 0.3175925925925926 0.03333333333333333 0.1685185185185185
