3 0.6197916666666667 0.21527777777777776 0.06458333333333334 0.06388888888888888
0 0.8263020833333333 0.21250000000000002 0.043229166666666666 0.12685185185185185
9 0.4661458333333333 0.36157407407407405 0.203125 0.4824074074074074
9 0.5721354166666667 0.21944444444444444 0.04010416666666667 0.12407407407407407
9 0.6739583333333333 0.20925925925925926 0.04375 0.07037037037037037
9 0.7622395833333333 0.21064814814814814 0.05572916666666667 0.07685185185185185
9 0.7205729166666666 0.2138888888888889 0.05260416666666667 0.06481481481481481
9 0.67421875 0.21250000000000002 0.0421875 0.06944444444444445
9 0.7104166666666667 0.21435185185185185 0.030208333333333334 0.06944444444444445
9 0.7645833333333333 0.21111111111111114 0.052083333333333336 0.07962962962962963
9 0.5721354166666667 0.21759259259259262 0.043229166666666666 0.11666666666666667
7 0.5049479166666666 0.1439814814814815 0.09739583333333333 0.22314814814814815
7 0.14401041666666667 0.25 0.06614583333333333 0.2388888888888889
7 0.2791666666666667 0.29074074074074074 0.05 0.3037037037037037
7 0.25156249999999997 0.23472222222222222 0.027083333333333334 0.2101851851851852
7 0.33046875 0.2064814814814815 0.025520833333333333 0.1388888888888889
7 0.61796875 0.21481481481481482 0.07135416666666666 0.06481481481481481
7 0.1421875 0.24444444444444446 0.071875 0.25
7 0.2755208333333333 0.29444444444444445 0.059375 0.3055555555555556
7 0.46562499999999996 0.36203703703703705 0.2 0.4777777777777778
7 0.3294270833333333 0.20277777777777778 0.0234375 0.13148148148148148
7 0.2513020833333333 0.23657407407407408 0.030729166666666665 0.21574074074074073
7 0.6690104166666667 0.1912037037037037 0.0109375 0.041666666666666664
7 0.6807291666666666 0.19583333333333333 0.0125 0.05462962962962963
7 0.7708333333333333 0.20370370370370372 0.016666666666666666 0.06851851851851852
7 0.7330729166666666 0.19907407407407407 0.013020833333333334 0.07592592592592592
7 0.7169270833333333 0.19305555555555556 0.015104166666666667 0.04722222222222222
7 0.5067708333333334 0.14583333333333334 0.09791666666666667 0.22870370370370371
