0 0.115625 0.5 0.23125 1.0
7 0.09427083333333333 0.5 0.18854166666666666 1.0
7 0.19635416666666666 0.2189814814814815 0.042708333333333334 0.20833333333333334
7 0.23125 0.21342592592592594 0.04583333333333333 0.20833333333333334
7 0.31145833333333334 0.24259259259259258 0.03854166666666667 0.1925925925925926
7 0.34270833333333334 0.26435185185185184 0.026041666666666668 0.1527777777777778
0 0.37369791666666663 0.23055555555555557 0.033854166666666664 0.09259259259259259
7 0.384375 0.24259259259259258 0.017708333333333333 0.11666666666666667
7 0.4197916666666667 0.2671296296296296 0.06666666666666667 0.19537037037037036
0 0.4572916666666667 0.24768518518518517 0.05416666666666667 0.12685185185185185
9 0.47682291666666665 0.31157407407407406 0.06614583333333333 0.13055555555555556
7 0.47343749999999996 0.27175925925925926 0.041666666666666664 0.1935185185185185
6 0.5393229166666667 0.3611111111111111 0.0984375 0.29259259259259257
7 0.5330729166666667 0.30833333333333335 0.0953125 0.3537037037037037
0 0.5895833333333333 0.2726851851851852 0.07395833333333333 0.25092592592592594
11 0.8778645833333333 0.20277777777777778 0.15260416666666668 0.39814814814814814
9 0.9546875 0.26157407407407407 0.07291666666666667 0.21574074074074073
9 0.7153645833333333 0.41064814814814815 0.3234375 0.8212962962962963
