3 0.4822916666666667 0.2736111111111111 0.07708333333333334 0.11944444444444445
3 0.6526041666666667 0.24583333333333335 0.026041666666666668 0.09907407407407408
0 0.7140625 0.274537037037037 0.09791666666666667 0.20462962962962963
0 0.79140625 0.24907407407407406 0.024479166666666666 0.06296296296296296
0 0.5875 0.24074074074074076 0.017708333333333333 0.05185185185185185
9 0.6195312500000001 0.26666666666666666 0.06510416666666667 0.19074074074074074
9 0.7674479166666667 0.25787037037037036 0.0265625 0.10648148148148148
1 0.8893229166666666 0.28703703703703703 0.06197916666666667 0.08333333333333333
1 0.9213541666666667 0.28379629629629627 0.0375 0.0787037037037037
6 0.35520833333333335 0.3842592592592593 0.06875 0.1925925925925926
7 0.17005208333333335 0.26435185185185184 0.08177083333333333 0.3990740740740741
7 0.4122395833333333 0.36018518518518516 0.10260416666666666 0.48148148148148145
7 0.5359375 0.24212962962962964 0.0125 0.062037037037037036
7 0.5515625000000001 0.23981481481481481 0.007291666666666667 0.03888888888888889
7 0.7638020833333333 0.24166666666666667 0.0203125 0.09444444444444444
7 0.834375 0.24259259259259258 0.01875 0.09074074074074075
