3 0.11744791666666667 0.2847222222222222 0.23489583333333333 0.2916666666666667
3 0.040625 0.40324074074074073 0.08020833333333334 0.20462962962962963
3 0.87109375 0.22685185185185186 0.14739583333333334 0.15
0 0.5380208333333333 0.20740740740740743 0.0125 0.03888888888888889
0 0.7763020833333334 0.22592592592592592 0.04635416666666667 0.08703703703703704
9 0.4044270833333333 0.2375 0.0515625 0.13055555555555556
9 0.3028645833333333 0.21157407407407408 0.05364583333333333 0.1824074074074074
9 0.3546875 0.2287037037037037 0.04583333333333333 0.16111111111111112
9 0.5260416666666666 0.20787037037037037 0.0125 0.041666666666666664
9 0.4877604166666667 0.20787037037037037 0.019270833333333334 0.05648148148148148
6 0.5114583333333333 0.20925925925925926 0.015625 0.05185185185185185
6 0.5653645833333334 0.20694444444444446 0.009895833333333333 0.03796296296296296
6 0.5518229166666667 0.20462962962962963 0.0078125 0.03333333333333333
7 0.4604166666666667 0.22638888888888886 0.036458333333333336 0.1398148148148148
7 0.2604166666666667 0.2671296296296296 0.040625 0.08611111111111111
7 0.33359375 0.27546296296296297 0.03697916666666667 0.08796296296296297
