3 0.4747395833333333 0.24444444444444446 0.022395833333333334 0.06851851851851852
9 0.6619791666666667 0.41574074074074074 0.3385416666666667 0.8314814814814815
9 0.4328125 0.32592592592592595 0.109375 0.25
9 0.5109375 0.25787037037037036 0.05520833333333333 0.13796296296296295
9 0.9500000000000001 0.3060185185185185 0.1 0.3101851851851852
1 0.8403645833333334 0.26296296296296295 0.07239583333333334 0.08518518518518518
1 0.23124999999999998 0.41388888888888886 0.1125 0.24074074074074073
6 0.9091145833333334 0.2736111111111111 0.049479166666666664 0.1398148148148148
7 0.2830729166666667 0.3435185185185185 0.0890625 0.30925925925925923
7 0.20052083333333334 0.3 0.058333333333333334 0.32407407407407407
7 0.17526041666666664 0.2935185185185185 0.06302083333333333 0.2851851851851852
7 0.23463541666666665 0.31851851851851853 0.043229166666666666 0.28703703703703703
7 0.2578125 0.30138888888888893 0.036458333333333336 0.24722222222222223
7 0.29791666666666666 0.2125 0.023958333333333335 0.08425925925925926
7 0.44453125000000004 0.18703703703703703 0.0421875 0.09814814814814815
7 0.40078125 0.19120370370370368 0.009895833333333333 0.01574074074074074
7 0.7875 0.23333333333333334 0.022916666666666665 0.09074074074074075
7 0.8447916666666666 0.2449074074074074 0.04791666666666667 0.13055555555555556
7 0.9697916666666666 0.24537037037037035 0.06041666666666667 0.2351851851851852
