7 0.4575520833333333 0.4648148148148148 0.08489583333333334 0.4759259259259259
7 0.19192708333333333 0.5060185185185185 0.1046875 0.5972222222222222
7 0.2833333333333333 0.44166666666666665 0.06979166666666667 0.3574074074074074
7 0.38671875 0.45046296296296295 0.0578125 0.39166666666666666
7 0.6658854166666667 0.425 0.030729166666666665 0.15555555555555556
7 0.7218749999999999 0.4231481481481481 0.028125 0.18703703703703703
7 0.6255208333333333 0.4236111111111111 0.03854166666666667 0.1175925925925926
7 0.8083333333333332 0.4337962962962963 0.029166666666666667 0.17314814814814813
7 0.7669270833333334 0.4236111111111111 0.033854166666666664 0.1175925925925926
7 0.06171875 0.43379629629629635 0.05677083333333333 0.2361111111111111
0 0.025520833333333333 0.4407407407407407 0.051041666666666666 0.2962962962962963
0 0.09114583333333333 0.4236111111111111 0.12604166666666666 0.2324074074074074
0 0.5953125 0.4287037037037037 0.121875 0.16296296296296298
0 0.7815104166666668 0.43425925925925923 0.11927083333333334 0.15555555555555556
0 0.9020833333333333 0.43333333333333335 0.12395833333333334 0.19814814814814816
3 0.9315104166666667 0.4810185185185185 0.13697916666666668 0.20462962962962963
