3 0.5208333333333333 0.28055555555555556 0.07395833333333333 0.10185185185185185
3 0.7432291666666667 0.2638888888888889 0.0625 0.0962962962962963
0 0.6510416666666667 0.29444444444444445 0.096875 0.21666666666666667
0 0.8013020833333333 0.27361111111111114 0.0578125 0.1175925925925926
0 0.9622395833333334 0.28935185185185186 0.0734375 0.16203703703703703
0 0.5908854166666667 0.2689814814814815 0.025520833333333333 0.09907407407407408
8 0.5588541666666667 0.2518518518518519 0.03958333333333333 0.09074074074074075
6 0.9111979166666666 0.3300925925925926 0.06302083333333333 0.12685185185185185
7 0.25651041666666663 0.33379629629629626 0.05260416666666667 0.19907407407407407
7 0.2911458333333334 0.29027777777777775 0.04791666666666667 0.2601851851851852
7 0.4153645833333333 0.2652777777777778 0.0359375 0.13425925925925927
7 0.8705729166666667 0.27685185185185185 0.03177083333333333 0.11481481481481481
