0 0.8098958333333333 0.5652777777777778 0.3802083333333333 0.8694444444444445
0 0.58515625 0.42546296296296293 0.10052083333333334 0.2564814814814815
0 0.5291666666666667 0.3666666666666667 0.025 0.07777777777777778
9 0.50703125 0.42824074074074076 0.0546875 0.06944444444444445
2 0.61796875 0.26296296296296295 0.08385416666666666 0.06666666666666667
7 0.0921875 0.5935185185185186 0.08125 0.32592592592592595
7 0.17135416666666667 0.5018518518518519 0.058333333333333334 0.22777777777777777
7 0.4328125 0.44907407407407407 0.075 0.2777777777777778
7 0.48177083333333337 0.39861111111111114 0.025 0.13240740740740742
7 0.5 0.3597222222222222 0.016666666666666666 0.06018518518518518
