4 0.17552083333333332 0.46064814814814814 0.29791666666666666 0.35648148148148145
7 0.4140625 0.3074074074074074 0.06145833333333333 0.3962962962962963
7 0.36562500000000003 0.2953703703703704 0.058333333333333334 0.32407407407407407
7 0.3182291666666667 0.22314814814814815 0.041666666666666664 0.18888888888888888
7 0.4921875 0.2513888888888889 0.022916666666666665 0.1398148148148148
7 0.5559895833333334 0.22314814814814815 0.0140625 0.053703703703703705
1 0.5549479166666667 0.25 0.013020833333333334 0.04814814814814815
7 0.5776041666666667 0.2273148148148148 0.019791666666666666 0.06388888888888888
6 0.57578125 0.25555555555555554 0.022395833333333334 0.06296296296296296
3 0.6067708333333333 0.23842592592592593 0.040625 0.06018518518518518
7 0.6489583333333333 0.2222222222222222 0.0125 0.04259259259259259
9 0.6450520833333333 0.24814814814814815 0.027604166666666666 0.040740740740740744
7 0.7044270833333333 0.23796296296296296 0.013020833333333334 0.07777777777777778
7 0.7197916666666666 0.2388888888888889 0.0125 0.07777777777777778
7 0.7984375 0.2518518518518519 0.01875 0.1
11 0.8734375 0.25601851851851853 0.11041666666666666 0.15092592592592594
7 0.9747395833333333 0.2740740740740741 0.044270833333333336 0.23703703703703705
1 0.9739583333333333 0.33425925925925926 0.052083333333333336 0.17962962962962964
0 0.9763020833333333 0.5537037037037037 0.04739583333333333 0.43703703703703706
