7 0.09713541666666667 0.29444444444444445 0.16614583333333333 0.5888888888888889
7 0.32838541666666665 0.22037037037037036 0.050520833333333334 0.25555555555555554
0 0.5463541666666667 0.2726851851851852 0.10416666666666667 0.23425925925925925
7 0.7760416666666667 0.2523148148148148 0.017708333333333333 0.11574074074074074
7 0.8182291666666667 0.26064814814814813 0.025 0.11018518518518519
7 0.8494791666666666 0.26296296296296295 0.029166666666666667 0.1259259259259259
7 0.9919270833333333 0.32499999999999996 0.016145833333333335 0.2518518518518518
7 0.9028645833333334 0.30324074074074076 0.08072916666666667 0.25462962962962965
6 0.9049479166666666 0.375 0.11302083333333333 0.23703703703703705
7 0.9565104166666666 0.2837962962962963 0.024479166666666666 0.1175925925925926
0 0.675 0.24027777777777778 0.05 0.058333333333333334
0 0.7341145833333333 0.23796296296296296 0.024479166666666666 0.04814814814814815
7 0.7570312499999999 0.24722222222222223 0.016145833333333335 0.07592592592592592
