7 0.20729166666666665 0.28425925925925927 0.084375 0.3574074074074074
7 0.3421875 0.3296296296296296 0.06875 0.3814814814814815
7 0.8468749999999999 0.31203703703703706 0.07083333333333333 0.3962962962962963
7 0.8901041666666667 0.30833333333333335 0.08020833333333334 0.26296296296296295
7 0.9489583333333333 0.3175925925925926 0.07083333333333333 0.3851851851851852
7 0.42708333333333337 0.24722222222222223 0.025 0.13333333333333333
7 0.4776041666666667 0.23981481481481481 0.016666666666666666 0.10925925925925926
7 0.5200520833333333 0.2638888888888889 0.030729166666666665 0.1388888888888889
7 0.5729166666666667 0.25 0.017708333333333333 0.08888888888888889
0 0.68828125 0.24722222222222223 0.0484375 0.10925925925925926
9 0.5552083333333333 0.2523148148148148 0.025 0.0712962962962963
9 0.5888020833333333 0.23657407407407408 0.024479166666666666 0.07685185185185185
7 0.6192708333333333 0.23518518518518516 0.011458333333333333 0.05555555555555555
9 0.6369791666666667 0.2361111111111111 0.027083333333333334 0.07037037037037037
6 0.7455729166666666 0.24768518518518517 0.0171875 0.06574074074074074
6 0.6359374999999999 0.23703703703703705 0.020833333333333332 0.07592592592592592
