0 0.6971354166666667 0.22916666666666666 0.0515625 0.1175925925925926
0 0.7291666666666666 0.21064814814814814 0.022916666666666665 0.06944444444444445
9 0.6192708333333333 0.25601851851851853 0.0625 0.15462962962962962
9 0.05859375 0.2837962962962963 0.1171875 0.2972222222222222
6 0.7473958333333333 0.22546296296296298 0.020833333333333332 0.058333333333333334
6 0.7723958333333333 0.2412037037037037 0.023958333333333335 0.06574074074074074
7 0.2552083333333333 0.2310185185185185 0.027083333333333334 0.11574074074074074
7 0.6455729166666666 0.2310185185185185 0.016145833333333335 0.0824074074074074
7 0.23958333333333334 0.22962962962962963 0.015625 0.11851851851851852
7 0.7489583333333333 0.2050925925925926 0.015625 0.058333333333333334
7 0.47682291666666665 0.2287037037037037 0.016145833333333335 0.07037037037037037
7 0.5083333333333333 0.21435185185185185 0.013541666666666667 0.028703703703703703
7 0.7734375 0.21157407407407408 0.027083333333333334 0.09166666666666666
