0 0.32968749999999997 0.21296296296296297 0.14895833333333333 0.1685185185185185
0 0.8934895833333334 0.1875 0.08802083333333334 0.06574074074074074
0 0.9518229166666667 0.8226851851851852 0.09635416666666667 0.35462962962962963
9 0.59453125 0.34444444444444444 0.2682291666666667 0.6888888888888889
9 0.0484375 0.20925925925925926 0.058333333333333334 0.15185185185185185
9 0.15546875 0.2972222222222222 0.18802083333333333 0.34444444444444444
6 0.41953124999999997 0.25555555555555554 0.04739583333333333 0.12962962962962962
7 0.41953125 0.19861111111111113 0.0484375 0.16944444444444445
7 0.09817708333333333 0.16157407407407406 0.030729166666666665 0.09537037037037037
7 0.21302083333333333 0.16435185185185186 0.035416666666666666 0.10277777777777777
7 0.25234375 0.199537037037037 0.030729166666666665 0.1361111111111111
