0 0.45208333333333334 0.3587962962962963 0.140625 0.33055555555555555
0 0.66875 0.34814814814814815 0.028125 0.25
11 0.3377604166666667 0.29907407407407405 0.08489583333333334 0.17037037037037037
7 0.01875 0.2518518518518518 0.03125 0.17407407407407408
7 0.08723958333333333 0.2513888888888889 0.049479166666666664 0.18981481481481483
7 0.16927083333333334 0.5 0.22604166666666667 1.0
7 0.5794270833333333 0.42407407407407405 0.19322916666666667 0.8425925925925926
7 0.28515625 0.2574074074074074 0.0234375 0.09814814814814815
7 0.7018229166666666 0.3407407407407408 0.043229166666666666 0.17962962962962964
7 0.7359375 0.33055555555555555 0.035416666666666666 0.1814814814814815
7 0.76328125 0.33425925925925926 0.0296875 0.20555555555555555
7 0.7927083333333333 0.33935185185185185 0.046875 0.22314814814814815
7 0.9526041666666667 0.4046296296296296 0.08541666666666667 0.39814814814814814
7 0.8927083333333333 0.2861111111111111 0.040625 0.1
7 0.359375 0.5625 0.32083333333333336 0.875
