0 0.5184895833333334 0.2513888888888889 0.0296875 0.062037037037037036
9 0.6015625 0.2800925925925926 0.05625 0.13425925925925927
9 0.9130208333333333 0.22175925925925927 0.040625 0.062037037037037036
6 0.5499999999999999 0.2638888888888889 0.04375 0.05740740740740741
6 0.6544270833333333 0.25925925925925924 0.0296875 0.06481481481481481
7 0.11380208333333333 0.23379629629629628 0.059895833333333336 0.16018518518518518
7 0.18125 0.2490740740740741 0.052083333333333336 0.15555555555555556
7 0.5486979166666666 0.25555555555555554 0.021354166666666667 0.07592592592592592
7 0.49296875 0.24398148148148147 0.0140625 0.06944444444444445
7 0.56015625 0.22824074074074074 0.0078125 0.028703703703703703
7 0.6546875 0.24259259259259258 0.027083333333333334 0.07592592592592592
7 0.921875 0.2 0.01875 0.03518518518518519
