7 0.15026041666666667 0.3847222222222222 0.13385416666666666 0.6175925925925926
9 0.31484375 0.3263888888888889 0.12552083333333333 0.17685185185185184
7 0.2739583333333333 0.28009259259259256 0.071875 0.27314814814814814
7 0.30572916666666666 0.19907407407407407 0.03125 0.07962962962962963
7 0.36328125 0.2712962962962963 0.06197916666666667 0.26851851851851855
7 0.41119791666666666 0.25601851851851853 0.0421875 0.22314814814814815
0 0.42213541666666665 0.23888888888888887 0.0640625 0.14074074074074075
0 0.7875 0.24444444444444444 0.09166666666666666 0.28888888888888886
0 0.8432291666666667 0.34675925925925927 0.14895833333333333 0.6842592592592592
9 0.6125 0.4898148148148148 0.4166666666666667 0.9796296296296296
