3 0.9177083333333332 0.22499999999999998 0.09166666666666666 0.12962962962962962
0 0.6528645833333333 0.2851851851851852 0.07760416666666667 0.17777777777777778
11 0.7479166666666667 0.24305555555555558 0.07291666666666667 0.1638888888888889
9 0.5401041666666667 0.35138888888888886 0.1375 0.3453703703703704
1 0.6687500000000001 0.35185185185185186 0.05416666666666667 0.15925925925925927
6 0.1140625 0.5527777777777778 0.225 0.5685185185185185
6 0.7895833333333333 0.29074074074074074 0.04479166666666667 0.12962962962962962
7 0.2864583333333333 0.30046296296296293 0.029166666666666667 0.16574074074074074
7 0.32083333333333336 0.30416666666666664 0.03854166666666667 0.17685185185185184
7 0.3481770833333333 0.300462962962963 0.0296875 0.13425925925925927
7 0.38749999999999996 0.2861111111111111 0.028125 0.12407407407407407
7 0.44895833333333335 0.2787037037037037 0.027083333333333334 0.09444444444444444
7 0.040625 0.3416666666666667 0.08125 0.29814814814814816
7 0.6697916666666667 0.28703703703703703 0.051041666666666666 0.2388888888888889
7 0.7898437500000001 0.25324074074074077 0.04114583333333333 0.13425925925925927
