0 0.7927083333333333 0.3662037037037037 0.41458333333333336 0.7324074074074074
0 0.44427083333333334 0.27685185185185185 0.115625 0.19814814814814816
0 0.32187499999999997 0.29953703703703705 0.090625 0.16203703703703703
0 0.3640625 0.2777777777777778 0.03229166666666667 0.12962962962962962
0 0.2671875 0.2898148148148148 0.051041666666666666 0.12222222222222222
7 0.19609375 0.4625 0.06614583333333333 0.23055555555555557
7 0.053125000000000006 0.38935185185185184 0.041666666666666664 0.1527777777777778
7 0.2046875 0.30694444444444446 0.03333333333333333 0.13240740740740742
1 0.12135416666666667 0.33611111111111114 0.01875 0.05555555555555555
9 0.22630208333333332 0.3194444444444444 0.030729166666666665 0.05925925925925926
