0 0.234375 0.4287037037037037 0.36666666666666664 0.5555555555555556
0 0.83984375 0.27824074074074073 0.09114583333333333 0.1638888888888889
9 0.5171875 0.38287037037037036 0.140625 0.3175925925925926
9 0.6151041666666667 0.31805555555555554 0.090625 0.2175925925925926
9 0.7067708333333333 0.3384259259259259 0.13125 0.3175925925925926
6 0.9549479166666667 0.29583333333333334 0.059895833333333336 0.1175925925925926
6 0.775 0.30462962962962964 0.03854166666666667 0.11481481481481481
7 0.40130208333333334 0.45416666666666666 0.20572916666666666 0.7324074074074074
7 0.5190104166666667 0.21666666666666667 0.0484375 0.1388888888888889
7 0.5565104166666667 0.23472222222222222 0.0359375 0.1398148148148148
7 0.9588541666666667 0.24814814814814815 0.053125 0.09814814814814815
7 0.78046875 0.23935185185185184 0.025520833333333333 0.07685185185185185
7 0.6070312499999999 0.17731481481481481 0.03697916666666667 0.05092592592592592
7 0.6755208333333333 0.16064814814814815 0.06979166666666667 0.10462962962962963
7 0.7463541666666667 0.18425925925925926 0.06041666666666667 0.14074074074074075
