0 0.5799479166666666 0.32499999999999996 0.11510416666666666 0.2518518518518518
0 0.38333333333333336 0.3 0.06979166666666667 0.15185185185185185
0 0.25156249999999997 0.30694444444444446 0.04375 0.11944444444444445
0 0.6830729166666666 0.25972222222222224 0.021354166666666667 0.05648148148148148
1 0.44895833333333335 0.45277777777777783 0.08958333333333333 0.2611111111111111
6 0.7190104166666667 0.32083333333333336 0.03697916666666667 0.10462962962962963
6 0.8197916666666666 0.2773148148148148 0.020833333333333332 0.049074074074074076
6 0.8526041666666667 0.28703703703703703 0.021875 0.05925925925925926
7 0.4484375 0.36296296296296293 0.08541666666666667 0.3574074074074074
7 0.2869791666666667 0.3226851851851852 0.029166666666666667 0.09722222222222222
7 0.06901041666666667 0.34814814814814815 0.06927083333333334 0.20925925925925926
7 0.76953125 0.2796296296296296 0.024479166666666666 0.0962962962962963
7 0.7166666666666667 0.27314814814814814 0.042708333333333334 0.11851851851851852
7 0.31302083333333336 0.30185185185185187 0.027083333333333334 0.1259259259259259
7 0.640625 0.2939814814814815 0.025 0.13425925925925927
7 0.3299479166666666 0.3 0.022395833333333334 0.1259259259259259
7 0.5085937500000001 0.31759259259259254 0.027604166666666666 0.13148148148148148
7 0.8848958333333333 0.25972222222222224 0.023958333333333335 0.1361111111111111
7 0.85234375 0.26481481481481484 0.0171875 0.08333333333333333
7 0.7864583333333334 0.2708333333333333 0.03125 0.11018518518518519
