0 0.18255208333333334 0.5569444444444445 0.3640625 0.8527777777777777
0 0.41927083333333337 0.3712962962962963 0.13229166666666667 0.3111111111111111
7 0.33515625 0.44074074074074077 0.06302083333333333 0.4185185185185185
11 0.709375 0.26157407407407407 0.075 0.16203703703703703
7 0.7606770833333333 0.2777777777777778 0.03177083333333333 0.1425925925925926
7 0.78203125 0.2796296296296296 0.0203125 0.10555555555555556
7 0.7927083333333333 0.24722222222222223 0.021875 0.08518518518518518
6 0.7934895833333333 0.27222222222222225 0.016145833333333335 0.06666666666666667
3 0.8151041666666667 0.25092592592592594 0.021875 0.07592592592592592
0 0.6507812500000001 0.2638888888888889 0.0453125 0.11296296296296296
0 0.6127604166666667 0.26296296296296295 0.03177083333333333 0.07592592592592592
0 0.5632812500000001 0.2675925925925926 0.030729166666666665 0.05740740740740741
9 0.534375 0.28935185185185186 0.065625 0.07685185185185185
7 0.5955729166666667 0.2708333333333333 0.0203125 0.09537037037037037
0 0.4942708333333333 0.28750000000000003 0.027083333333333334 0.08055555555555556
7 0.5265624999999999 0.2523148148148148 0.0125 0.025
