0 0.7723958333333334 0.19351851851851853 0.022916666666666665 0.13333333333333333
0 0.8156249999999999 0.18333333333333332 0.05625 0.1111111111111111
0 0.6768229166666666 0.28425925925925927 0.19635416666666666 0.4388888888888889
2 0.9200520833333333 0.1259259259259259 0.07447916666666667 0.12777777777777777
1 0.43307291666666664 0.37824074074074077 0.033854166666666664 0.2212962962962963
6 0.5283854166666666 0.5842592592592593 0.19322916666666667 0.5888888888888889
7 0.43229166666666663 0.2708333333333333 0.06354166666666666 0.32685185185185184
7 0.3908854166666667 0.18009259259259258 0.015104166666666667 0.08981481481481482
7 0.3252604166666667 0.18657407407407406 0.024479166666666666 0.11018518518518519
7 0.52734375 0.3453703703703703 0.1859375 0.6333333333333333
7 0.3807291666666667 0.1814814814814815 0.020833333333333332 0.08888888888888889
7 0.17343750000000002 0.19722222222222222 0.057291666666666664 0.2037037037037037
7 0.3546875 0.18148148148148147 0.022916666666666665 0.1
