7 0.2794270833333333 0.49907407407407406 0.4234375 0.9981481481481481
6 0.06666666666666667 0.34444444444444444 0.13333333333333333 0.2518518518518518
6 0.8283854166666667 0.4078703703703703 0.23072916666666668 0.5027777777777778
7 0.8393229166666667 0.2708333333333333 0.1828125 0.49907407407407406
7 0.9372395833333333 0.17685185185185187 0.06927083333333334 0.26481481481481484
7 0.8848958333333333 0.14675925925925926 0.05416666666666667 0.1361111111111111
7 0.4966145833333333 0.20694444444444443 0.04114583333333333 0.18611111111111112
9 0.44166666666666665 0.20324074074074075 0.09479166666666666 0.2712962962962963
0 0.7294270833333334 0.2148148148148148 0.11927083333333334 0.25555555555555554
3 0.6299479166666666 0.19722222222222224 0.0796875 0.0962962962962963
9 0.9122395833333333 0.2578703703703704 0.11822916666666666 0.2953703703703704
