9 0.2515625 0.24212962962962964 0.184375 0.46574074074074073
9 0.46510416666666665 0.27314814814814814 0.20416666666666666 0.5462962962962963
9 0.3846354166666667 0.1625 0.030729166666666665 0.14537037037037037
9 0.37109375 0.15555555555555556 0.0453125 0.10740740740740741
1 0.77109375 0.18564814814814815 0.043229166666666666 0.05092592592592592
1 0.34453125 0.21111111111111114 0.04739583333333333 0.0962962962962963
6 0.7010416666666667 0.1875 0.03854166666666667 0.0712962962962963
6 0.6276041666666666 0.22407407407407406 0.059375 0.11481481481481481
7 0.3028645833333333 0.12777777777777777 0.050520833333333334 0.22962962962962963
7 0.6346354166666667 0.15787037037037038 0.03802083333333333 0.13425925925925927
7 0.62109375 0.17962962962962964 0.0453125 0.16111111111111112
7 0.7028645833333333 0.15416666666666667 0.033854166666666664 0.09537037037037037
7 0.8544270833333333 0.18287037037037035 0.0328125 0.10648148148148148
7 0.94296875 0.18472222222222223 0.03177083333333333 0.12129629629629629
7 0.8984375 0.06342592592592593 0.01875 0.049074074074074076
7 0.34322916666666664 0.17453703703703705 0.035416666666666666 0.14537037037037037
