9 0.28255208333333337 0.49166666666666664 0.1640625 0.18703703703703703
0 0.9223958333333333 0.28564814814814815 0.13229166666666667 0.21574074074074073
0 0.60390625 0.3106481481481481 0.09114583333333333 0.1824074074074074
0 0.5458333333333333 0.275 0.028125 0.07037037037037037
0 0.5216145833333333 0.274537037037037 0.022395833333333334 0.05648148148148148
0 0.5049479166666667 0.2689814814814815 0.0140625 0.03611111111111111
9 0.48932291666666666 0.2939814814814815 0.019270833333333334 0.030555555555555555
7 0.6966145833333333 0.25046296296296294 0.013020833333333334 0.028703703703703703
7 0.46718750000000003 0.2828703703703704 0.016666666666666666 0.08055555555555556
1 0.46588541666666666 0.31712962962962965 0.015104166666666667 0.05092592592592592
7 0.48671875000000003 0.26666666666666666 0.013020833333333334 0.027777777777777776
7 0.8177083333333334 0.26342592592592595 0.030208333333333334 0.09351851851851851
6 0.8190104166666666 0.2898148148148148 0.044270833333333336 0.09074074074074075
4 0.690625 0.2787037037037037 0.022916666666666665 0.03148148148148148
4 0.7065104166666666 0.2800925925925926 0.028645833333333332 0.03796296296296296
7 0.7119791666666666 0.2699074074074074 0.016666666666666666 0.058333333333333334
