7 0.4197916666666667 0.36342592592592593 0.084375 0.3972222222222222
7 0.3768229166666667 0.32731481481481484 0.027604166666666666 0.29907407407407405
0 0.6744791666666666 0.32546296296296295 0.09375 0.19537037037037036
0 0.90859375 0.36296296296296293 0.15989583333333332 0.28888888888888886
9 0.8263020833333333 0.3027777777777778 0.043229166666666666 0.09814814814814815
4 0.5229166666666667 0.30000000000000004 0.034375 0.05740740740740741
7 0.5515625 0.2814814814814815 0.0125 0.08703703703703704
7 0.5723958333333333 0.2962962962962963 0.029166666666666667 0.11296296296296296
6 0.5736979166666667 0.325 0.0296875 0.07407407407407407
0 0.6026041666666667 0.2625 0.014583333333333334 0.03425925925925926
7 0.7528645833333334 0.2967592592592593 0.015104166666666667 0.06018518518518518
1 0.7424479166666667 0.3041666666666667 0.018229166666666668 0.03796296296296296
4 0.4822916666666667 0.38148148148148153 0.042708333333333334 0.15185185185185185
