0 0.6015625 0.26157407407407407 0.05 0.13240740740740742
0 0.8739583333333334 0.24907407407407406 0.09583333333333334 0.12037037037037036
2 0.09322916666666667 0.3819444444444444 0.18645833333333334 0.7638888888888888
2 0.28046875 0.2361111111111111 0.27447916666666666 0.4722222222222222
2 0.4583333333333333 0.2162037037037037 0.090625 0.1935185185185185
2 0.7473958333333334 0.21296296296296297 0.057291666666666664 0.11481481481481481
2 0.7890625 0.21666666666666665 0.030208333333333334 0.1037037037037037
2 0.9463541666666666 0.16898148148148148 0.10729166666666666 0.175
9 0.5489583333333333 0.26111111111111107 0.036458333333333336 0.1111111111111111
6 0.5713541666666666 0.30092592592592593 0.04479166666666667 0.09074074074074075
7 0.5002604166666667 0.2685185185185185 0.025520833333333333 0.1111111111111111
7 0.5705729166666667 0.2611111111111111 0.03802083333333333 0.1259259259259259
