3 0.5229166666666667 0.30925925925925923 0.09270833333333334 0.19444444444444445
3 0.5705729166666667 0.2972222222222222 0.027604166666666666 0.13333333333333333
3 0.9585937499999999 0.2574074074074074 0.0796875 0.08148148148148149
0 0.3716145833333333 0.42777777777777776 0.2682291666666667 0.5648148148148148
0 0.7197916666666666 0.2662037037037037 0.028125 0.11574074074074074
0 0.6197916666666666 0.27314814814814814 0.028125 0.10555555555555556
11 0.7752604166666667 0.21805555555555556 0.08489583333333334 0.125
9 0.6536458333333333 0.2833333333333333 0.059375 0.16111111111111112
1 0.6971354166666667 0.3203703703703704 0.033854166666666664 0.1111111111111111
7 0.17630208333333333 0.5504629629629629 0.2609375 0.8972222222222223
7 0.6989583333333333 0.2763888888888889 0.036458333333333336 0.1527777777777778
