3 0.8065104166666667 0.25046296296296294 0.0984375 0.14351851851851852
3 0.8846354166666667 0.29212962962962963 0.1828125 0.33240740740740743
0 0.6536458333333334 0.24166666666666664 0.08854166666666667 0.14629629629629629
0 0.3572916666666666 0.2490740740740741 0.04375 0.09444444444444444
9 0.503125 0.23194444444444445 0.036458333333333336 0.0787037037037037
9 0.19765625 0.5 0.3953125 1.0
6 0.6174479166666667 0.2967592592592593 0.06822916666666666 0.16944444444444445
6 0.39140625 0.2833333333333333 0.04010416666666667 0.10555555555555556
6 0.7380208333333333 0.27361111111111114 0.06770833333333333 0.16944444444444445
7 0.6192708333333333 0.27037037037037037 0.05520833333333333 0.19444444444444445
7 0.6067708333333334 0.2662037037037037 0.046875 0.17685185185185184
7 0.7244791666666667 0.24537037037037035 0.06145833333333333 0.18333333333333332
7 0.39010416666666664 0.25462962962962965 0.03333333333333333 0.11481481481481481
7 0.3065104166666667 0.25601851851851853 0.17864583333333334 0.5120370370370371
