0 0.7578125 0.2898148148148148 0.08020833333333334 0.15555555555555556
0 0.4557291666666667 0.33611111111111114 0.11458333333333333 0.4388888888888889
0 0.23333333333333334 0.49722222222222223 0.4666666666666667 0.9944444444444445
9 0.57890625 0.29027777777777775 0.07864583333333333 0.21388888888888888
9 0.6486979166666667 0.2884259259259259 0.06614583333333333 0.16944444444444445
6 0.8427083333333334 0.523611111111111 0.3145833333333333 0.5287037037037037
6 0.80703125 0.3027777777777778 0.015104166666666667 0.05740740740740741
7 0.8875 0.45046296296296295 0.2 0.8287037037037037
7 0.6466145833333333 0.2935185185185185 0.0296875 0.17777777777777778
7 0.5479166666666667 0.18703703703703703 0.021875 0.053703703703703705
7 0.4888020833333333 0.2601851851851852 0.03177083333333333 0.2
7 0.52265625 0.29120370370370374 0.03802083333333333 0.25092592592592594
