7 0.103125 0.5009259259259259 0.20625 0.9981481481481481
7 0.28802083333333334 0.43981481481481477 0.13645833333333332 0.8481481481481481
7 0.5065104166666666 0.3884259259259259 0.14010416666666667 0.7509259259259259
7 0.44375 0.30185185185185187 0.041666666666666664 0.3851851851851852
6 0.4239583333333333 0.30787037037037035 0.09270833333333334 0.22314814814814815
11 0.6473958333333333 0.1925925925925926 0.16041666666666668 0.3851851851851852
7 0.7880208333333334 0.37962962962962965 0.19375 0.6296296296296297
6 0.7963541666666667 0.5018518518518519 0.16458333333333333 0.4666666666666667
7 0.703125 0.2861111111111111 0.09270833333333334 0.3388888888888889
6 0.7005208333333333 0.3856481481481482 0.09166666666666666 0.30833333333333335
0 0.9460937500000001 0.3712962962962963 0.1078125 0.5796296296296296
