6 0.246875 0.32407407407407407 0.075 0.1685185185185185
6 0.6395833333333333 0.34814814814814815 0.075 0.18888888888888888
6 0.5536458333333333 0.27685185185185185 0.03125 0.08148148148148149
0 0.34088541666666666 0.2708333333333333 0.10885416666666667 0.14351851851851852
7 0.25052083333333336 0.29212962962962963 0.05 0.1787037037037037
7 0.6450520833333333 0.29814814814814816 0.07760416666666667 0.21296296296296297
7 0.553125 0.2592592592592593 0.028125 0.08148148148148149
3 0.9403645833333334 0.31851851851851853 0.11927083333333334 0.12962962962962962
3 0.6708333333333333 0.27175925925925926 0.071875 0.11388888888888889
8 0.5950520833333334 0.237962962962963 0.04635416666666667 0.1
0 0.7760416666666666 0.26296296296296295 0.040625 0.07407407407407407
0 0.8255208333333334 0.2611111111111111 0.041666666666666664 0.06666666666666667
