7 0.18671875 0.5023148148148148 0.22552083333333334 0.9953703703703703
0 0.35286458333333337 0.27685185185185185 0.1109375 0.24259259259259258
7 0.5098958333333333 0.31574074074074077 0.06770833333333333 0.2518518518518518
6 0.5075520833333333 0.37777777777777777 0.08177083333333333 0.24259259259259258
7 0.5786458333333333 0.2930555555555555 0.04479166666666667 0.1787037037037037
6 0.5799479166666667 0.3638888888888889 0.0515625 0.17407407407407408
3 0.6263020833333333 0.31851851851851853 0.059895833333333336 0.1388888888888889
7 0.7200520833333334 0.32499999999999996 0.0296875 0.14444444444444443
7 0.8057291666666667 0.33564814814814814 0.058333333333333334 0.2916666666666667
9 0.7809895833333333 0.3856481481481482 0.1296875 0.27314814814814814
