0 0.7598958333333333 0.3212962962962963 0.013541666666666667 0.08148148148148149
0 0.7442708333333333 0.3143518518518519 0.019791666666666666 0.04722222222222222
11 0.10078125 0.42962962962962964 0.2015625 0.8518518518518519
11 0.33515625000000004 0.3037037037037037 0.3494791666666667 0.5407407407407407
11 0.8104166666666667 0.3106481481481482 0.09583333333333334 0.19166666666666668
6 0.71640625 0.3773148148148148 0.034895833333333334 0.09351851851851851
6 0.61015625 0.33796296296296297 0.027604166666666666 0.05185185185185185
7 0.25494791666666666 0.43425925925925923 0.0734375 0.40185185185185185
7 0.5242187500000001 0.37592592592592594 0.04635416666666667 0.24259259259259258
7 0.5572916666666667 0.3699074074074074 0.041666666666666664 0.21388888888888888
7 0.71640625 0.3217592592592593 0.04114583333333333 0.1287037037037037
