3 0.4622395833333333 0.20787037037037037 0.05677083333333333 0.08981481481481482
0 0.27630208333333334 0.2240740740740741 0.10885416666666667 0.20925925925925926
0 0.4044270833333333 0.21064814814814814 0.0671875 0.15092592592592594
9 0.121875 0.2722222222222222 0.1875 0.34074074074074073
9 0.6479166666666667 0.23333333333333334 0.046875 0.12777777777777777
9 0.75390625 0.2810185185185185 0.15260416666666668 0.4009259259259259
9 0.94921875 0.274537037037037 0.0796875 0.125
6 0.53359375 0.2671296296296296 0.04739583333333333 0.1361111111111111
7 0.3364583333333333 0.23564814814814816 0.04375 0.1712962962962963
7 0.38437499999999997 0.21944444444444444 0.028125 0.18703703703703703
7 0.534375 0.21481481481481482 0.041666666666666664 0.14814814814814814
7 0.56640625 0.1912037037037037 0.011979166666666667 0.058333333333333334
7 0.6625000000000001 0.21944444444444444 0.021875 0.10555555555555556
7 0.6505208333333334 0.20694444444444443 0.017708333333333333 0.08055555555555556
7 0.6994791666666667 0.1564814814814815 0.041666666666666664 0.16296296296296298
7 0.9322916666666666 0.2583333333333333 0.028125 0.15925925925925927
7 0.9036458333333334 0.25555555555555554 0.030208333333333334 0.1425925925925926
7 0.8661458333333334 0.2592592592592593 0.03854166666666667 0.1388888888888889
