3 0.72265625 0.2263888888888889 0.058854166666666666 0.062037037037037036
0 0.6486979166666667 0.25462962962962965 0.059895833333333336 0.13518518518518519
0 0.6098958333333333 0.22453703703703703 0.022916666666666665 0.05462962962962963
9 0.13619791666666667 0.3856481481481482 0.1859375 0.2490740740740741
9 0.48750000000000004 0.26064814814814813 0.05 0.10277777777777777
9 0.5369791666666667 0.2671296296296296 0.03229166666666667 0.04722222222222222
1 0.56640625 0.3074074074074074 0.0328125 0.1037037037037037
6 0.6856770833333333 0.25092592592592594 0.021354166666666667 0.06111111111111111
7 0.5687500000000001 0.27314814814814814 0.03333333333333333 0.13148148148148148
7 0.5338541666666666 0.22638888888888892 0.013541666666666667 0.049074074074074076
7 0.5875 0.2523148148148148 0.016666666666666666 0.10833333333333334
7 0.7463541666666667 0.20046296296296295 0.010416666666666666 0.03611111111111111
7 0.6841145833333334 0.22361111111111112 0.018229166666666668 0.062037037037037036
