3 0.9411458333333333 0.3509259259259259 0.11770833333333333 0.3685185185185185
0 0.8244791666666667 0.2240740740740741 0.15208333333333332 0.32222222222222224
9 0.7322916666666667 0.1875 0.04895833333333333 0.11018518518518519
9 0.67578125 0.17083333333333334 0.025520833333333333 0.06018518518518518
9 0.5869791666666666 0.18611111111111112 0.075 0.21296296296296297
6 0.5330729166666667 0.19629629629629627 0.0328125 0.08333333333333333
6 0.6489583333333333 0.23194444444444445 0.06041666666666667 0.1638888888888889
7 0.4375 0.18564814814814817 0.022916666666666665 0.10648148148148148
7 0.4315104166666667 0.18009259259259258 0.019270833333333334 0.12129629629629629
7 0.5325520833333334 0.18287037037037035 0.034895833333333334 0.11018518518518519
7 0.4630208333333333 0.16666666666666666 0.013541666666666667 0.08148148148148149
7 0.6421875 0.1912037037037037 0.05416666666666667 0.16574074074074074
7 0.6447916666666667 0.17962962962962964 0.052083333333333336 0.17037037037037037
7 0.7374999999999999 0.175 0.023958333333333335 0.11296296296296296
7 0.7273437500000001 0.16296296296296298 0.015104166666666667 0.08703703703703704
7 0.7479166666666667 0.15092592592592594 0.014583333333333334 0.07037037037037037
7 0.7005208333333334 0.16666666666666666 0.011458333333333333 0.05
7 0.9638020833333334 0.1439814814814815 0.04635416666666667 0.0824074074074074
