3 0.21588541666666666 0.3439814814814815 0.4276041666666667 0.687962962962963
3 0.4390625 0.27037037037037037 0.15208333333333332 0.337037037037037
3 0.60546875 0.24074074074074076 0.0390625 0.07962962962962963
3 0.5677083333333334 0.24259259259259258 0.015625 0.07962962962962963
3 0.5513020833333334 0.24398148148148147 0.0453125 0.0824074074074074
3 0.84921875 0.2199074074074074 0.05364583333333333 0.04537037037037037
3 0.5122395833333333 0.274537037037037 0.04010416666666667 0.17314814814814813
3 0.5419270833333333 0.2898148148148148 0.03177083333333333 0.11481481481481481
3 0.74921875 0.23055555555555557 0.03802083333333333 0.03518518518518519
3 0.8135416666666667 0.21851851851851853 0.017708333333333333 0.037037037037037035
0 0.68984375 0.25 0.03802083333333333 0.08333333333333333
0 0.9330729166666667 0.2564814814814815 0.05364583333333333 0.08888888888888889
0 0.7890625 0.22083333333333333 0.030208333333333334 0.03611111111111111
0 0.6567708333333334 0.23055555555555557 0.017708333333333333 0.044444444444444446
9 0.6346354166666666 0.2740740740740741 0.03697916666666667 0.08703703703703704
7 0.8940104166666667 0.23611111111111113 0.015104166666666667 0.05185185185185185
