0 0.6364583333333333 0.3527777777777778 0.06770833333333333 0.14814814814814814
0 0.5856770833333333 0.3412037037037037 0.0515625 0.13055555555555556
11 0.7408854166666666 0.3194444444444445 0.08177083333333333 0.16111111111111112
11 0.68359375 0.3106481481481481 0.034895833333333334 0.09537037037037037
1 0.6427083333333333 0.39814814814814814 0.04375 0.11481481481481481
4 0.296875 0.35185185185185186 0.11770833333333333 0.2462962962962963
6 0.49114583333333334 0.374537037037037 0.058333333333333334 0.06759259259259259
6 0.7135416666666666 0.37592592592592594 0.04375 0.12222222222222222
7 0.06432291666666667 0.3962962962962963 0.059895833333333336 0.2851851851851852
7 0.12447916666666667 0.37453703703703706 0.029166666666666667 0.18796296296296297
7 0.17578125 0.38287037037037036 0.0421875 0.1361111111111111
7 0.5380208333333333 0.3527777777777778 0.023958333333333335 0.10925925925925926
7 0.82421875 0.325 0.0328125 0.1537037037037037
7 0.640625 0.34074074074074073 0.03229166666666667 0.14814814814814814
7 0.7153645833333334 0.3472222222222222 0.04114583333333333 0.1388888888888889
7 0.5018229166666667 0.3134259259259259 0.0171875 0.05462962962962963
7 0.46197916666666666 0.3212962962962963 0.011458333333333333 0.07592592592592592
7 0.48802083333333335 0.31620370370370365 0.011458333333333333 0.06759259259259259
7 0.415625 0.35462962962962963 0.020833333333333332 0.07592592592592592
