3 0.7023437499999999 0.25972222222222224 0.04010416666666667 0.20092592592592592
0 0.14791666666666667 0.5 0.29583333333333334 1.0
0 0.4778645833333333 0.274537037037037 0.08385416666666666 0.22314814814814815
0 0.5963541666666666 0.33796296296296297 0.20208333333333334 0.42777777777777776
9 0.4395833333333333 0.24953703703703703 0.052083333333333336 0.18981481481481483
7 0.090625 0.3587962962962963 0.18125 0.7175925925925926
7 0.078125 0.20277777777777778 0.03333333333333333 0.17037037037037037
7 0.13125 0.2287037037037037 0.04583333333333333 0.17777777777777778
7 0.2640625 0.19537037037037036 0.026041666666666668 0.12037037037037036
7 0.29270833333333335 0.25555555555555554 0.03125 0.18888888888888888
7 0.3002604166666667 0.18472222222222223 0.019270833333333334 0.06574074074074074
7 0.321875 0.17685185185185187 0.01875 0.05185185185185185
7 0.3223958333333333 0.2638888888888889 0.026041666666666668 0.1814814814814815
7 0.3377604166666667 0.2726851851851852 0.0328125 0.17685185185185184
7 0.37552083333333336 0.2851851851851852 0.04479166666666667 0.26851851851851855
7 0.4044270833333333 0.23888888888888887 0.021354166666666667 0.13148148148148148
7 0.39921875 0.2773148148148148 0.019270833333333334 0.08425925925925926
7 0.8020833333333334 0.32407407407407407 0.07708333333333334 0.34814814814814815
7 0.73828125 0.2611111111111111 0.027604166666666666 0.13703703703703704
7 0.7567708333333333 0.2564814814814815 0.013541666666666667 0.13333333333333333
7 0.76640625 0.23472222222222222 0.011979166666666667 0.04722222222222222
