0 0.0453125 0.6287037037037037 0.075 0.14814814814814814
2 0.5776041666666667 0.4162037037037037 0.146875 0.3972222222222222
2 0.821875 0.3657407407407407 0.35625 0.6
1 0.4734375 0.6129629629629629 0.16041666666666668 0.19074074074074074
6 0.12734374999999998 0.6499999999999999 0.12864583333333332 0.23703703703703705
6 0.47734375 0.587037037037037 0.16614583333333333 0.2351851851851852
6 0.8075520833333334 0.6416666666666666 0.2328125 0.2611111111111111
7 0.08619791666666667 0.5504629629629629 0.0484375 0.25277777777777777
7 0.13619791666666667 0.5662037037037037 0.08489583333333334 0.2638888888888889
7 0.21406250000000002 0.599537037037037 0.029166666666666667 0.1527777777777778
7 0.7768229166666667 0.562037037037037 0.09739583333333333 0.34814814814814815
