3 0.2635416666666667 0.3212962962962963 0.3020833333333333 0.362962962962963
3 0.5997395833333333 0.1726851851851852 0.03697916666666667 0.09722222222222222
0 0.7684895833333333 0.22083333333333333 0.15260416666666668 0.3101851851851852
0 0.9713541666666667 0.17777777777777776 0.057291666666666664 0.1111111111111111
9 0.47500000000000003 0.2162037037037037 0.065625 0.10092592592592593
9 0.6432291666666667 0.2064814814814815 0.096875 0.25555555555555554
9 0.8609375 0.1875 0.03958333333333333 0.17685185185185184
1 0.928125 0.22453703703703703 0.035416666666666666 0.11388888888888889
7 0.12838541666666667 0.2583333333333333 0.06197916666666667 0.3648148148148148
7 0.4796875 0.19212962962962965 0.022916666666666665 0.12314814814814815
7 0.44557291666666665 0.15787037037037036 0.016145833333333335 0.04351851851851852
7 0.50625 0.18101851851851852 0.016666666666666666 0.08796296296296297
7 0.5330729166666667 0.17453703703703702 0.009895833333333333 0.06018518518518518
7 0.5190104166666666 0.17546296296296296 0.0171875 0.05648148148148148
7 0.540625 0.17314814814814813 0.011458333333333333 0.053703703703703705
7 0.8588541666666667 0.16898148148148148 0.0375 0.1638888888888889
7 0.8510416666666667 0.10462962962962963 0.021875 0.053703703703703705
7 0.9291666666666666 0.18564814814814815 0.040625 0.17314814814814813
7 0.9583333333333334 0.18009259259259258 0.026041666666666668 0.08981481481481482
