3 0.5138020833333333 0.2324074074074074 0.0953125 0.14814814814814814
3 0.7296875 0.20694444444444443 0.06458333333333334 0.08981481481481482
0 0.6416666666666666 0.23055555555555557 0.10625 0.22962962962962963
11 0.7106770833333333 0.1800925925925926 0.0421875 0.09537037037037037
9 0.24036458333333333 0.4037037037037037 0.21302083333333333 0.4166666666666667
9 0.45468749999999997 0.28009259259259256 0.05520833333333333 0.11574074074074074
6 0.34322916666666664 0.33055555555555555 0.09375 0.25925925925925924
6 0.7294270833333333 0.2351851851851852 0.0390625 0.10185185185185185
7 0.4036458333333333 0.2777777777777778 0.058333333333333334 0.2351851851851852
7 0.5572916666666666 0.22546296296296295 0.029166666666666667 0.15462962962962962
7 0.7296874999999999 0.2037037037037037 0.036458333333333336 0.12037037037037036
