9 0.21510416666666668 0.5 0.43020833333333336 1.0
9 0.4674479166666667 0.1814814814814815 0.08177083333333333 0.2388888888888889
7 0.5463541666666667 0.13611111111111113 0.017708333333333333 0.07037037037037037
7 0.5658854166666667 0.13796296296296295 0.015104166666666667 0.05925925925925926
9 0.5390625 0.16018518518518518 0.034375 0.08518518518518518
9 0.5635416666666667 0.15694444444444444 0.027083333333333334 0.08981481481481482
7 0.765625 0.1564814814814815 0.04375 0.2
7 0.7450520833333334 0.14814814814814814 0.04114583333333333 0.1388888888888889
9 0.7335937499999999 0.18935185185185185 0.09427083333333333 0.2564814814814815
0 0.8841145833333333 0.3638888888888889 0.23177083333333334 0.7277777777777777
