0 0.14244791666666667 0.3361111111111111 0.28489583333333335 0.5648148148148148
3 0.48359375000000004 0.2986111111111111 0.4505208333333333 0.5972222222222222
7 0.7393229166666667 0.16898148148148148 0.0265625 0.11388888888888889
9 0.7380208333333332 0.18333333333333335 0.04479166666666667 0.09814814814814815
6 0.7747395833333333 0.17407407407407408 0.0203125 0.044444444444444446
7 0.7669270833333334 0.1550925925925926 0.0109375 0.03425925925925926
7 0.8760416666666666 0.18935185185185185 0.023958333333333335 0.12129629629629629
7 0.8994791666666667 0.15092592592592594 0.014583333333333334 0.06296296296296296
7 0.9197916666666667 0.1837962962962963 0.035416666666666666 0.1675925925925926
7 0.8143229166666667 0.2351851851851852 0.11614583333333334 0.3351851851851852
7 0.8151041666666666 0.2569444444444444 0.12291666666666666 0.3972222222222222
7 0.9416666666666668 0.17962962962962964 0.04895833333333333 0.17777777777777778
7 0.95859375 0.36064814814814816 0.0828125 0.6583333333333333
6 0.8244791666666667 0.32685185185185184 0.103125 0.29814814814814816
