0 0.54140625 0.44907407407407407 0.2578125 0.55
7 0.04609375 0.44027777777777777 0.04010416666666667 0.19722222222222222
7 0.4044270833333333 0.4023148148148148 0.06197916666666667 0.3712962962962963
1 0.29739583333333336 0.4513888888888889 0.046875 0.1527777777777778
6 0.6854166666666667 0.4175925925925926 0.09270833333333334 0.2611111111111111
6 0.8557291666666667 0.3731481481481481 0.08541666666666667 0.22037037037037038
7 0.68359375 0.3296296296296296 0.07864583333333333 0.24814814814814815
7 0.85859375 0.312037037037037 0.07760416666666667 0.23703703703703705
0 0.7265625 0.28888888888888886 0.0625 0.15185185185185185
9 0.9135416666666667 0.3263888888888889 0.05 0.1175925925925926
