3 0.45078125 0.3143518518518519 0.3359375 0.325
0 0.7937500000000001 0.21666666666666667 0.08541666666666667 0.11851851851851852
9 0.25703125 0.27361111111111114 0.10260416666666666 0.27870370370370373
6 0.16770833333333332 0.6009259259259259 0.33541666666666664 0.44074074074074077
6 0.6789062499999999 0.5935185185185186 0.2786458333333333 0.5555555555555556
7 0.084375 0.4027777777777778 0.16875 0.7981481481481482
7 0.6848958333333334 0.39675925925925926 0.159375 0.5546296296296296
7 0.7330729166666667 0.33240740740740743 0.1828125 0.6648148148148149
7 0.8927083333333333 0.2564814814814815 0.07604166666666666 0.31851851851851853
7 0.959375 0.19999999999999998 0.01875 0.08333333333333333
7 0.2856770833333333 0.1611111111111111 0.033854166666666664 0.1111111111111111
