11 0.35572916666666665 0.23333333333333334 0.18645833333333334 0.28888888888888886
0 0.49374999999999997 0.22453703703703703 0.06145833333333333 0.13796296296296295
7 0.45338541666666665 0.23333333333333334 0.022395833333333334 0.15555555555555556
0 0.6078125000000001 0.2148148148148148 0.041666666666666664 0.0962962962962963
0 0.6471354166666666 0.21064814814814814 0.0328125 0.08055555555555556
0 0.6911458333333333 0.2212962962962963 0.053125 0.10925925925925926
0 0.5778645833333333 0.20092592592592592 0.0234375 0.05
7 0.7252604166666666 0.2162037037037037 0.019270833333333334 0.08796296296296297
7 0.7791666666666667 0.2236111111111111 0.016666666666666666 0.11388888888888889
7 0.8005208333333333 0.23148148148148148 0.015625 0.10740740740740741
7 0.85703125 0.23703703703703705 0.022395833333333334 0.13333333333333333
0 0.9270833333333333 0.29212962962962963 0.14583333333333334 0.3824074074074074
7 0.54921875 0.19814814814814816 0.008854166666666666 0.040740740740740744
7 0.5354166666666667 0.199537037037037 0.008333333333333333 0.05277777777777778
