0 0.09166666666666666 0.5398148148148149 0.18333333333333332 0.9203703703703704
0 0.5890625 0.3296296296296296 0.30520833333333336 0.6074074074074074
0 0.9395833333333333 0.5 0.12083333333333333 1.0
0 0.115625 0.14907407407407408 0.23125 0.17222222222222222
9 0.22135416666666666 0.5763888888888888 0.334375 0.5916666666666667
9 0.3734375 0.275 0.18020833333333333 0.4425925925925926
7 0.2916666666666667 0.1824074074074074 0.1625 0.28703703703703703
7 0.4265625 0.17037037037037037 0.071875 0.23703703703703705
6 0.8247395833333334 0.2625 0.08489583333333334 0.17314814814814813
0 0.8828125 0.17824074074074073 0.06458333333333334 0.17314814814814813
9 0.8005208333333333 0.18333333333333335 0.08645833333333333 0.25
3 0.7372395833333333 0.2013888888888889 0.043229166666666666 0.24537037037037038
7 0.8138020833333334 0.20925925925925926 0.07239583333333334 0.2722222222222222
7 0.9510416666666667 0.42592592592592593 0.09791666666666667 0.8185185185185185
