7 0.4130208333333333 0.17638888888888887 0.014583333333333334 0.05277777777777778
7 0.42682291666666666 0.17314814814814813 0.015104166666666667 0.053703703703703705
9 0.52890625 0.17916666666666667 0.0265625 0.07314814814814814
6 0.5651041666666666 0.19027777777777777 0.016666666666666666 0.04351851851851852
6 0.5890624999999999 0.19074074074074077 0.013541666666666667 0.03888888888888889
7 0.5638020833333334 0.17870370370370373 0.016145833333333335 0.05185185185185185
7 0.58984375 0.17824074074074073 0.015104166666666667 0.04722222222222222
3 0.60703125 0.17222222222222222 0.022395833333333334 0.03888888888888889
3 0.7114583333333333 0.18657407407407406 0.046875 0.05648148148148148
0 0.8067708333333333 0.18842592592592594 0.041666666666666664 0.0712962962962963
0 0.95546875 0.20509259259259258 0.0890625 0.15833333333333333
0 0.7348958333333334 0.18194444444444444 0.026041666666666668 0.05092592592592592
