0 0.23463541666666668 0.26805555555555555 0.10052083333333334 0.3787037037037037
0 0.32005208333333335 0.22962962962962963 0.09739583333333333 0.20925925925925926
0 0.45182291666666663 0.29953703703703705 0.1609375 0.35648148148148145
0 0.546875 0.26203703703703707 0.04791666666666667 0.22592592592592592
0 0.6604166666666667 0.37824074074074077 0.28125 0.5601851851851852
0 0.91484375 0.31851851851851853 0.12552083333333333 0.32222222222222224
4 0.31666666666666665 0.3212962962962963 0.075 0.1685185185185185
7 0.01328125 0.175462962962963 0.025520833333333333 0.18981481481481483
7 0.13854166666666667 0.5 0.2520833333333333 1.0
7 0.28828125 0.3111111111111111 0.06510416666666667 0.337037037037037
7 0.36640625 0.22222222222222224 0.0171875 0.11851851851851852
7 0.3770833333333333 0.225 0.011458333333333333 0.09074074074074075
7 0.7755208333333333 0.5004629629629629 0.24895833333333334 0.8379629629629629
7 0.9161458333333333 0.36388888888888893 0.07083333333333333 0.46111111111111114
7 0.9835937499999999 0.3902777777777778 0.0328125 0.3509259259259259
