7 0.27708333333333335 0.3435185185185185 0.09166666666666666 0.3296296296296296
7 0.403125 0.25462962962962965 0.03229166666666667 0.16111111111111112
6 0.44921875 0.2898148148148148 0.04010416666666667 0.15
7 0.4924479166666667 0.2564814814814815 0.015104166666666667 0.07407407407407407
7 0.5127604166666666 0.2601851851851852 0.016145833333333335 0.10740740740740741
9 0.5421875 0.25 0.03125 0.09074074074074075
9 0.5651041666666666 0.2569444444444444 0.025 0.0712962962962963
7 0.5932291666666667 0.250462962962963 0.015625 0.0712962962962963
7 0.60859375 0.24722222222222223 0.018229166666666668 0.05925925925925926
0 0.621875 0.25601851851851853 0.028125 0.06944444444444445
7 0.653125 0.24537037037037035 0.019791666666666666 0.06296296296296296
9 0.6497395833333333 0.2532407407407407 0.024479166666666666 0.09537037037037037
0 0.678125 0.2583333333333333 0.040625 0.06851851851851852
7 0.6973958333333333 0.2537037037037037 0.014583333333333334 0.05925925925925926
7 0.7557291666666667 0.2638888888888889 0.03333333333333333 0.12962962962962962
1 0.7536458333333333 0.3 0.03125 0.08148148148148149
7 0.8815104166666666 0.3125 0.05260416666666667 0.27685185185185185
7 0.8526041666666666 0.29444444444444445 0.03229166666666667 0.22037037037037038
0 0.8973958333333334 0.3388888888888889 0.20520833333333333 0.3925925925925926
