0 0.5692708333333334 0.3222222222222222 0.11666666666666667 0.2574074074074074
0 0.7171875 0.28194444444444444 0.08125 0.1675925925925926
0 0.8658854166666666 0.27037037037037037 0.0640625 0.1425925925925926
9 0.8046875 0.2865740740740741 0.05 0.15648148148148147
9 0.9596354166666667 0.30648148148148147 0.08072916666666667 0.21296296296296297
6 0.6583333333333333 0.30694444444444446 0.025 0.07685185185185185
7 0.0515625 0.4736111111111111 0.09791666666666667 0.7787037037037037
7 0.440625 0.3087962962962963 0.023958333333333335 0.19166666666666668
7 0.46015625 0.2777777777777778 0.021354166666666667 0.1648148148148148
7 0.815625 0.26203703703703707 0.030208333333333334 0.15925925925925927
7 0.9111979166666667 0.2625 0.022395833333333334 0.11388888888888889
7 0.9645833333333333 0.2689814814814815 0.03958333333333333 0.16018518518518518
7 0.6567708333333333 0.2652777777777778 0.028125 0.10277777777777777
7 0.6283854166666666 0.2671296296296296 0.013020833333333334 0.08425925925925926
