9 0.3020833333333333 0.5 0.6041666666666666 1.0
0 0.5692708333333333 0.1726851851851852 0.025 0.08425925925925926
0 0.5481770833333334 0.17037037037037037 0.0234375 0.07037037037037037
0 0.6125 0.18425925925925926 0.07291666666666667 0.15925925925925927
7 0.6690104166666666 0.1685185185185185 0.016145833333333335 0.07222222222222222
0 0.7182291666666667 0.16944444444444445 0.03958333333333333 0.07222222222222222
0 0.8098958333333334 0.19212962962962962 0.115625 0.19537037037037036
7 0.8914062500000001 0.18981481481481483 0.030729166666666665 0.12962962962962962
7 0.9643229166666667 0.19675925925925924 0.025520833333333333 0.1638888888888889
7 0.9841145833333333 0.19675925925925924 0.025520833333333333 0.1787037037037037
7 0.98125 0.10787037037037037 0.025 0.06574074074074074
