3 0.353125 0.5041666666666667 0.696875 0.9916666666666667
0 0.7052083333333333 0.2694444444444445 0.06354166666666666 0.2851851851851852
0 0.7601562500000001 0.22268518518518518 0.0453125 0.13796296296296295
7 0.78671875 0.21296296296296297 0.018229166666666668 0.08518518518518518
7 0.8981770833333333 0.22685185185185186 0.022395833333333334 0.12777777777777777
7 0.95390625 0.23703703703703705 0.034895833333333334 0.16111111111111112
7 0.9322916666666666 0.2138888888888889 0.028125 0.12222222222222222
7 0.9872395833333334 0.2185185185185185 0.025520833333333333 0.13333333333333333
7 0.9671875 0.18472222222222223 0.015625 0.06759259259259259
7 0.9809895833333333 0.1837962962962963 0.019270833333333334 0.08055555555555556
0 0.8401041666666667 0.23703703703703705 0.096875 0.17962962962962964
