7 0.16432291666666665 0.42777777777777776 0.16510416666666666 0.8555555555555555
4 0.14791666666666667 0.40925925925925927 0.29583333333333334 0.4425925925925926
4 0.4411458333333333 0.2013888888888889 0.05520833333333333 0.09907407407407408
0 0.6145833333333334 0.2064814814814815 0.06875 0.16111111111111112
7 0.49921875 0.20694444444444443 0.0453125 0.15833333333333333
6 0.5010416666666666 0.22962962962962963 0.042708333333333334 0.12962962962962962
0 0.5471354166666667 0.16481481481481483 0.019270833333333334 0.03518518518518519
7 0.5291666666666667 0.17453703703703705 0.011458333333333333 0.06388888888888888
0 0.5791666666666667 0.1685185185185185 0.01875 0.04259259259259259
7 0.6557291666666666 0.1875 0.009375 0.06574074074074074
9 0.7033854166666667 0.2125 0.0515625 0.05648148148148148
7 0.7315104166666667 0.2013888888888889 0.0109375 0.08425925925925926
7 0.68828125 0.17314814814814813 0.0171875 0.053703703703703705
9 0.8364583333333333 0.2222222222222222 0.06354166666666666 0.13518518518518519
