9 0.5760416666666667 0.26481481481481484 0.115625 0.3333333333333333
9 0.7786458333333334 0.25416666666666665 0.08229166666666667 0.1638888888888889
9 0.5036458333333333 0.22453703703703703 0.03125 0.11944444444444445
9 0.5239583333333333 0.24305555555555555 0.03229166666666667 0.11203703703703703
9 0.4744791666666667 0.2273148148148148 0.023958333333333335 0.06574074074074074
9 0.46432291666666664 0.2518518518518518 0.0234375 0.06851851851851852
6 0.3911458333333333 0.375 0.11354166666666667 0.2796296296296296
6 0.86796875 0.2537037037037037 0.0640625 0.13333333333333333
6 0.95234375 0.27314814814814814 0.07447916666666667 0.16111111111111112
7 0.04140625 0.4180555555555555 0.0828125 0.25092592592592594
7 0.1171875 0.3351851851851852 0.08020833333333334 0.2814814814814815
7 0.20052083333333334 0.33333333333333337 0.06354166666666666 0.27037037037037037
7 0.26536458333333335 0.26064814814814813 0.0421875 0.2935185185185185
7 0.2924479166666667 0.26435185185185184 0.050520833333333334 0.30648148148148147
7 0.32421875 0.2657407407407407 0.021354166666666667 0.12037037037037036
7 0.4419270833333333 0.25787037037037036 0.027604166666666666 0.15648148148148147
7 0.39531249999999996 0.21666666666666667 0.030208333333333334 0.1259259259259259
7 0.41848958333333336 0.2412037037037037 0.019270833333333334 0.09537037037037037
7 0.8041666666666667 0.2152777777777778 0.041666666666666664 0.18055555555555555
7 0.7807291666666667 0.1962962962962963 0.035416666666666666 0.11296296296296296
7 0.84609375 0.21296296296296297 0.030729166666666665 0.08518518518518518
