3 0.58984375 0.17500000000000002 0.034895833333333334 0.08518518518518518
0 0.5770833333333334 0.18935185185185185 0.041666666666666664 0.09722222222222222
0 0.6226562499999999 0.18981481481481483 0.0484375 0.1111111111111111
0 0.80078125 0.23657407407407405 0.15364583333333334 0.29907407407407405
9 0.6570312500000001 0.18472222222222223 0.025520833333333333 0.0712962962962963
9 0.6809895833333334 0.1953703703703704 0.03802083333333333 0.08888888888888889
9 0.5111979166666667 0.31527777777777777 0.18489583333333334 0.4583333333333333
7 0.27265625 0.31666666666666665 0.08489583333333334 0.39814814814814814
7 0.2890625 0.15324074074074073 0.036458333333333336 0.08055555555555556
7 0.41848958333333336 0.25277777777777777 0.0421875 0.23703703703703705
7 0.6572916666666667 0.17361111111111113 0.015625 0.0787037037037037
7 0.6854166666666667 0.17962962962962964 0.020833333333333332 0.1
7 0.7263020833333333 0.19675925925925927 0.0234375 0.1287037037037037
