0 0.6828125 0.2814814814814815 0.24166666666666667 0.5
0 0.88515625 0.21666666666666667 0.058854166666666666 0.17222222222222222
9 0.4278645833333333 0.28888888888888886 0.14739583333333334 0.337037037037037
9 0.5153645833333333 0.21574074074074073 0.06927083333333334 0.1814814814814815
9 0.5703125 0.2087962962962963 0.03333333333333333 0.1712962962962963
9 0.8348958333333333 0.21759259259259262 0.08229166666666667 0.23333333333333334
7 0.06484375 0.1847222222222222 0.07135416666666666 0.35648148148148145
7 0.44114583333333335 0.09444444444444444 0.071875 0.08703703703703704
7 0.51328125 0.10740740740740741 0.05677083333333333 0.053703703703703705
7 0.8536458333333333 0.2074074074074074 0.041666666666666664 0.19074074074074074
7 0.9385416666666666 0.23981481481481481 0.052083333333333336 0.19444444444444445
