3 0.5205729166666667 0.22592592592592595 0.0140625 0.05185185185185185
0 0.5947916666666666 0.29259259259259257 0.14479166666666668 0.31296296296296294
0 0.7885416666666667 0.24907407407407406 0.07708333333333334 0.14444444444444443
9 0.9591145833333333 0.27685185185185185 0.0671875 0.07962962962962963
6 0.7096354166666666 0.31574074074074077 0.06197916666666667 0.1574074074074074
6 0.6703125 0.29027777777777775 0.029166666666666667 0.10462962962962963
7 0.17630208333333333 0.23472222222222222 0.0453125 0.28055555555555556
7 0.6989583333333333 0.23842592592592593 0.035416666666666666 0.20462962962962963
7 0.7184895833333333 0.24675925925925926 0.050520833333333334 0.19537037037037036
7 0.9158854166666667 0.2555555555555556 0.030729166666666665 0.09074074074074075
7 0.8895833333333333 0.2310185185185185 0.023958333333333335 0.10648148148148148
7 0.9815104166666667 0.24444444444444444 0.0265625 0.10185185185185185
7 0.5028645833333333 0.2212962962962963 0.013020833333333334 0.06481481481481481
7 0.6708333333333334 0.22083333333333333 0.03333333333333333 0.10648148148148148
7 0.8520833333333333 0.2601851851851852 0.016666666666666666 0.08148148148148149
