0 0.5533854166666667 0.3055555555555556 0.0265625 0.05740740740740741
0 0.59375 0.31342592592592594 0.023958333333333335 0.0787037037037037
11 0.68515625 0.3 0.05677083333333333 0.12222222222222222
9 0.23072916666666668 0.4412037037037037 0.125 0.18055555555555555
9 0.6197916666666666 0.3125 0.027083333333333334 0.09166666666666666
1 0.09921875 0.4296296296296296 0.06822916666666666 0.18518518518518517
6 0.06328125 0.4467592592592593 0.1265625 0.28425925925925927
6 0.6059895833333333 0.3388888888888889 0.027604166666666666 0.06851851851851852
7 0.08203125 0.3263888888888889 0.07864583333333333 0.14537037037037037
7 0.27239583333333334 0.36157407407407405 0.03958333333333333 0.175
7 0.33463541666666663 0.34907407407407404 0.03177083333333333 0.16666666666666666
7 0.43645833333333334 0.32916666666666666 0.026041666666666668 0.13055555555555556
7 0.4981770833333333 0.31157407407407406 0.015104166666666667 0.06944444444444445
7 0.60703125 0.31296296296296294 0.025520833333333333 0.07222222222222222
