3 0.8236979166666667 0.2013888888888889 0.0265625 0.06574074074074074
3 0.11380208333333333 0.4745370370370371 0.22239583333333332 0.5601851851851852
0 0.6450520833333333 0.22407407407407406 0.024479166666666666 0.06666666666666667
0 0.7317708333333333 0.2134259259259259 0.0125 0.06944444444444445
0 0.459375 0.2412037037037037 0.059375 0.14537037037037037
0 0.5315104166666667 0.23472222222222222 0.0515625 0.13240740740740742
0 0.7572916666666667 0.2152777777777778 0.042708333333333334 0.09166666666666666
0 0.7039062500000001 0.225 0.0453125 0.10555555555555556
0 0.9130208333333333 0.2050925925925926 0.04791666666666667 0.09907407407407408
9 0.44192708333333336 0.28425925925925927 0.06614583333333333 0.12777777777777777
9 0.6127604166666667 0.24675925925925923 0.05364583333333333 0.12685185185185185
7 0.50078125 0.23148148148148148 0.018229166666666668 0.1111111111111111
7 0.10208333333333333 0.1912037037037037 0.030208333333333334 0.08055555555555556
7 0.13046875 0.22777777777777777 0.028645833333333332 0.09814814814814815
7 0.80625 0.225 0.019791666666666666 0.11851851851851852
7 0.5677083333333333 0.2550925925925926 0.040625 0.17685185185185184
7 0.40546875 0.26666666666666666 0.06197916666666667 0.16296296296296298
7 0.6755208333333333 0.2388888888888889 0.0375 0.11481481481481481
7 0.24661458333333333 0.36712962962962964 0.10260416666666666 0.49907407407407406
