0 0.07604166666666666 0.4615740740740741 0.15208333333333332 0.7138888888888889
0 0.22630208333333335 0.33240740740740743 0.2046875 0.3962962962962963
0 0.4705729166666667 0.30324074074074076 0.17135416666666667 0.39351851851851855
0 0.7950520833333333 0.20462962962962963 0.0265625 0.08703703703703704
0 0.75859375 0.2111111111111111 0.05260416666666667 0.12777777777777777
9 0.8460937500000001 0.21805555555555556 0.1078125 0.13425925925925927
9 0.7028645833333333 0.24907407407407406 0.09114583333333333 0.28703703703703703
1 0.68046875 0.41064814814814815 0.08177083333333333 0.3138888888888889
6 0.9611979166666667 0.3666666666666667 0.07552083333333333 0.3425925925925926
7 0.6809895833333334 0.2847222222222222 0.0859375 0.36574074074074076
7 0.91953125 0.21527777777777776 0.024479166666666666 0.12129629629629629
7 0.8333333333333334 0.21203703703703705 0.026041666666666668 0.1388888888888889
7 0.5567708333333333 0.25462962962962965 0.023958333333333335 0.19444444444444445
7 0.35833333333333334 0.3115740740740741 0.053125 0.30462962962962964
7 0.63359375 0.2162037037037037 0.016145833333333335 0.11203703703703703
7 0.9627604166666667 0.2912037037037037 0.0671875 0.38425925925925924
7 0.5908854166666667 0.2967592592592593 0.0578125 0.3138888888888889
