0 0.6453125 0.24907407407407406 0.058333333333333334 0.1259259259259259
0 0.7666666666666666 0.2222222222222222 0.08333333333333333 0.17407407407407408
9 0.07526041666666666 0.7546296296296297 0.15052083333333333 0.49074074074074076
9 0.38255208333333335 0.37407407407407406 0.13177083333333334 0.17592592592592593
9 0.44557291666666665 0.3041666666666667 0.1734375 0.46944444444444444
9 0.8421875000000001 0.22962962962962963 0.06458333333333334 0.1388888888888889
9 0.9669270833333333 0.2222222222222222 0.06614583333333333 0.1648148148148148
6 0.11588541666666666 0.35324074074074074 0.09010416666666667 0.15833333333333333
6 0.5794270833333333 0.2657407407407407 0.044270833333333336 0.12777777777777777
6 0.6815104166666667 0.2513888888888889 0.015104166666666667 0.04537037037037037
6 0.78046875 0.27546296296296297 0.08177083333333333 0.19722222222222222
7 0.57734375 0.23148148148148148 0.04114583333333333 0.12222222222222222
7 0.6809895833333334 0.23472222222222222 0.0140625 0.05648148148148148
7 0.7770833333333333 0.21666666666666667 0.06666666666666667 0.22407407407407406
7 0.828125 0.19444444444444445 0.026041666666666668 0.10555555555555556
7 0.8505208333333333 0.18518518518518517 0.036458333333333336 0.12407407407407407
7 0.9153645833333334 0.20370370370370372 0.03802083333333333 0.19444444444444445
