11 0.2838541666666667 0.28055555555555556 0.325 0.5148148148148148
11 0.4731770833333333 0.21666666666666667 0.0921875 0.18888888888888888
9 0.6434895833333334 0.32962962962962966 0.18697916666666667 0.45740740740740743
9 0.5630208333333333 0.2324074074074074 0.07395833333333333 0.1814814814814815
6 0.8674479166666667 0.24675925925925926 0.0828125 0.075
7 0.21145833333333333 0.1111111111111111 0.06354166666666666 0.14444444444444443
7 0.8138020833333334 0.23935185185185184 0.0296875 0.11388888888888889
7 0.7317708333333334 0.22453703703703703 0.023958333333333335 0.10833333333333334
7 0.7729166666666667 0.2263888888888889 0.023958333333333335 0.10833333333333334
7 0.6565104166666668 0.08009259259259259 0.05677083333333333 0.09907407407407408
