3 0.8976562499999999 0.41203703703703703 0.2046875 0.5888888888888889
9 0.6109375 0.43425925925925923 0.32083333333333336 0.7481481481481481
1 0.10598958333333333 0.24537037037037038 0.10260416666666666 0.14814814814814814
6 0.4671875 0.24814814814814815 0.05520833333333333 0.12037037037037036
6 0.8143229166666667 0.2814814814814815 0.0578125 0.1425925925925926
7 0.10546875 0.5032407407407408 0.2109375 0.9935185185185185
7 0.2234375 0.1925925925925926 0.029166666666666667 0.14629629629629629
7 0.25625 0.2277777777777778 0.046875 0.2351851851851852
7 0.40078125 0.20046296296296295 0.025520833333333333 0.14907407407407408
7 0.4236979166666666 0.2074074074074074 0.022395833333333334 0.1425925925925926
7 0.7854166666666667 0.19074074074074074 0.016666666666666666 0.10555555555555556
7 0.81796875 0.23703703703703705 0.04635416666666667 0.21666666666666667
