9 0.2640625 0.3189814814814815 0.17708333333333334 0.49907407407407406
7 0.4356770833333333 0.2972222222222222 0.08489583333333334 0.28888888888888886
6 0.42604166666666665 0.36203703703703705 0.0625 0.17777777777777778
7 0.7877604166666666 0.362962962962963 0.0703125 0.362962962962963
7 0.5710937500000001 0.24907407407407406 0.022395833333333334 0.13333333333333333
7 0.6403645833333333 0.2467592592592593 0.022395833333333334 0.08981481481481482
6 0.64453125 0.275 0.0484375 0.08148148148148149
7 0.5244791666666667 0.22638888888888892 0.014583333333333334 0.049074074074074076
1 0.5263020833333333 0.2574074074074074 0.021354166666666667 0.04259259259259259
0 0.8424479166666666 0.2935185185185185 0.06822916666666666 0.09074074074074075
6 0.38645833333333335 0.2361111111111111 0.020833333333333332 0.07592592592592592
