3 0.625 0.33055555555555555 0.25 0.31296296296296294
0 0.1078125 0.3740740740740741 0.215625 0.5018518518518519
9 0.3489583333333333 0.3375 0.1875 0.31574074074074077
6 0.7890625 0.5037037037037038 0.15729166666666666 0.45185185185185184
6 0.9583333333333333 0.4638888888888889 0.08333333333333333 0.45
7 0.07708333333333334 0.3472222222222222 0.12708333333333333 0.34074074074074073
7 0.19791666666666666 0.3300925925925926 0.08125 0.31574074074074077
7 0.35078125 0.2467592592592593 0.0671875 0.19166666666666668
7 0.4041666666666666 0.24907407407407406 0.04583333333333333 0.2111111111111111
7 0.4666666666666667 0.37407407407407406 0.12916666666666668 0.6814814814814815
7 0.7791666666666667 0.3814814814814815 0.13333333333333333 0.4185185185185185
7 0.7854166666666667 0.33240740740740743 0.15208333333333332 0.5277777777777778
7 0.9598958333333334 0.35462962962962963 0.08020833333333334 0.5314814814814814
7 0.88046875 0.2375 0.0140625 0.08981481481481482
