1 0.08645833333333333 0.42592592592592593 0.09791666666666667 0.37407407407407406
6 0.27395833333333336 0.22175925925925927 0.016666666666666666 0.030555555555555555
6 0.3130208333333333 0.23194444444444445 0.017708333333333333 0.041666666666666664
7 0.027083333333333334 0.30833333333333335 0.05416666666666667 0.5222222222222223
7 0.14192708333333334 0.2550925925925926 0.05572916666666667 0.17314814814814813
7 0.20104166666666667 0.24722222222222223 0.034375 0.17962962962962964
7 0.22838541666666667 0.24953703703703706 0.034895833333333334 0.20462962962962963
7 0.2734375 0.2023148148148148 0.011458333333333333 0.04722222222222222
7 0.3138020833333333 0.20833333333333334 0.0140625 0.05185185185185185
7 0.9135416666666666 0.27870370370370373 0.025 0.11666666666666667
7 0.93828125 0.28055555555555556 0.028645833333333332 0.12777777777777777
