0 0.057291666666666664 0.6939814814814815 0.11458333333333333 0.612037037037037
7 0.023958333333333335 0.22175925925925927 0.04791666666666667 0.21388888888888888
7 0.05598958333333333 0.26481481481481484 0.0328125 0.21851851851851853
7 0.08307291666666666 0.2837962962962963 0.049479166666666664 0.27314814814814814
7 0.1328125 0.32361111111111107 0.075 0.3675925925925926
7 0.22343749999999998 0.31666666666666665 0.08125 0.37407407407407406
7 0.26796875000000003 0.2597222222222222 0.028645833333333332 0.1787037037037037
7 0.3013020833333333 0.2916666666666667 0.033854166666666664 0.17407407407407408
0 0.315625 0.2634259259259259 0.04479166666666667 0.17314814814814813
0 0.3848958333333333 0.2740740740740741 0.10104166666666667 0.21666666666666667
7 0.41171874999999997 0.2884259259259259 0.0671875 0.24166666666666667
0 0.4609375 0.2199074074074074 0.03333333333333333 0.075
0 0.5151041666666667 0.24583333333333332 0.05416666666666667 0.13796296296296295
7 0.5122395833333333 0.21898148148148147 0.03177083333333333 0.08055555555555556
9 0.4825520833333333 0.33101851851851855 0.10364583333333334 0.1638888888888889
7 0.4864583333333333 0.2875 0.06770833333333333 0.22870370370370371
0 0.60625 0.2972222222222222 0.12083333333333333 0.3296296296296296
9 0.7601562500000001 0.3888888888888889 0.3140625 0.7777777777777778
6 0.9114583333333334 0.500462962962963 0.10833333333333334 0.2972222222222222
7 0.8955729166666667 0.2111111111111111 0.07760416666666667 0.3111111111111111
6 0.9718749999999999 0.40925925925925927 0.05625 0.25
