0 0.15156250000000002 0.5 0.2947916666666667 1.0
0 0.41640625 0.45185185185185184 0.30885416666666665 0.6592592592592592
0 0.6255208333333333 0.3685185185185185 0.140625 0.38333333333333336
0 0.7153645833333333 0.30277777777777776 0.043229166666666666 0.09259259259259259
6 0.6903645833333334 0.31666666666666665 0.015104166666666667 0.05555555555555555
7 0.7476562499999999 0.3662037037037037 0.09947916666666666 0.38055555555555554
7 0.821875 0.4180555555555555 0.17916666666666667 0.6157407407407407
6 0.8416666666666667 0.5180555555555555 0.21354166666666666 0.49537037037037035
6 0.7479166666666667 0.4013888888888889 0.08854166666666667 0.22685185185185186
7 0.9658854166666666 0.32083333333333336 0.043229166666666666 0.19166666666666668
0 0.9690104166666667 0.42962962962962964 0.06197916666666667 0.6444444444444445
7 0.2526041666666667 0.28055555555555556 0.03229166666666667 0.14444444444444443
