3 0.17630208333333333 0.42638888888888893 0.3515625 0.5712962962962963
3 0.6023437500000001 0.17546296296296296 0.03802083333333333 0.0787037037037037
0 0.5817708333333333 0.17777777777777778 0.014583333333333334 0.06481481481481481
0 0.7135416666666667 0.2236111111111111 0.128125 0.26944444444444443
0 0.8372395833333334 0.2152777777777778 0.12135416666666667 0.24166666666666667
0 0.96484375 0.2263888888888889 0.0703125 0.4064814814814815
9 0.5486979166666667 0.21574074074074073 0.050520833333333334 0.1111111111111111
9 0.6296875000000001 0.21203703703703702 0.05 0.21481481481481482
9 0.9296875 0.19212962962962965 0.052083333333333336 0.24166666666666667
6 0.47291666666666665 0.21342592592592594 0.027083333333333334 0.075
7 0.27760416666666665 0.18287037037037038 0.035416666666666666 0.09907407407407408
7 0.49921875 0.19305555555555554 0.0234375 0.09722222222222222
7 0.45651041666666664 0.17129629629629628 0.0140625 0.022222222222222223
7 0.5145833333333334 0.18287037037037035 0.010416666666666666 0.049074074074074076
7 0.5278645833333333 0.1837962962962963 0.011979166666666667 0.06388888888888888
7 0.5611979166666666 0.15324074074074076 0.013020833333333334 0.03796296296296296
