0 0.5104166666666666 0.4398148148148148 0.33645833333333336 0.7055555555555556
0 0.89921875 0.21296296296296297 0.07864583333333333 0.1814814814814815
11 0.68125 0.26481481481481484 0.096875 0.2111111111111111
9 0.7861979166666666 0.2689814814814815 0.08385416666666666 0.20092592592592592
6 0.9846354166666668 0.26990740740740743 0.0296875 0.10277777777777777
6 0.8276041666666667 0.2763888888888889 0.034375 0.10648148148148148
7 0.9828125000000001 0.21342592592592594 0.03333333333333333 0.11574074074074074
7 0.26927083333333335 0.4222222222222223 0.078125 0.46111111111111114
7 0.8276041666666667 0.21342592592592594 0.030208333333333334 0.09166666666666666
7 0.3255208333333333 0.32731481481481484 0.03333333333333333 0.24166666666666667
7 0.3083333333333333 0.3675925925925926 0.04375 0.2611111111111111
7 0.24140625 0.49953703703703706 0.4828125 0.9990740740740741
7 0.19713541666666665 0.37777777777777777 0.10572916666666667 0.37222222222222223
