3 0.36953125000000003 0.3162037037037037 0.04010416666666667 0.0824074074074074
0 0.8932291666666667 0.2861111111111111 0.115625 0.1814814814814815
0 0.971875 0.2787037037037037 0.05416666666666667 0.13518518518518519
11 0.6440104166666667 0.2875 0.1078125 0.1935185185185185
9 0.49453125 0.3921296296296296 0.18072916666666666 0.4898148148148148
6 0.2986979166666667 0.3472222222222222 0.09010416666666667 0.12037037037037036
6 0.18385416666666665 0.3759259259259259 0.13958333333333334 0.17407407407407408
6 0.346875 0.3689814814814815 0.03854166666666667 0.13425925925925927
7 0.7999999999999999 0.2791666666666667 0.03958333333333333 0.11944444444444445
7 0.7286458333333333 0.29120370370370374 0.029166666666666667 0.14907407407407408
7 0.39609375 0.3300925925925926 0.025520833333333333 0.14166666666666666
7 0.23098958333333333 0.2972222222222222 0.024479166666666666 0.07407407407407407
7 0.20729166666666668 0.3041666666666667 0.026041666666666668 0.0787037037037037
7 0.2546875 0.3138888888888889 0.027083333333333334 0.09814814814814815
7 0.026822916666666665 0.6296296296296297 0.05364583333333333 0.7388888888888889
7 0.9731770833333334 0.2847222222222222 0.0296875 0.12314814814814815
7 0.18098958333333331 0.29444444444444445 0.028645833333333332 0.0962962962962963
7 0.7171875 0.2569444444444444 0.019791666666666666 0.14907407407407408
