0 0.03359375 0.2972222222222222 0.06614583333333333 0.3925925925925926
0 0.2677083333333333 0.2513888888888889 0.041666666666666664 0.23425925925925925
0 0.3421875 0.2550925925925926 0.11770833333333333 0.275
0 0.48463541666666665 0.2861111111111111 0.17760416666666667 0.34444444444444444
0 0.80625 0.5064814814814815 0.3875 0.987037037037037
7 0.484375 0.31481481481481477 0.10729166666666666 0.42407407407407405
7 0.6200520833333334 0.18703703703703703 0.06510416666666667 0.18333333333333332
7 0.08776041666666667 0.2861111111111111 0.0640625 0.3425925925925926
7 0.14088541666666668 0.2564814814814815 0.06614583333333333 0.3037037037037037
7 0.18723958333333332 0.27361111111111114 0.0390625 0.24722222222222223
7 0.21067708333333332 0.24953703703703703 0.030729166666666665 0.21574074074074073
7 0.22942708333333334 0.22962962962962963 0.025520833333333333 0.18518518518518517
9 0.5958333333333333 0.4 0.10729166666666666 0.2537037037037037
