7 0.12473958333333332 0.34398148148148144 0.0671875 0.3472222222222222
7 0.3028645833333333 0.3092592592592593 0.0453125 0.17777777777777778
7 0.83046875 0.2550925925925926 0.022395833333333334 0.10092592592592593
7 0.46484375 0.2625 0.016145833333333335 0.0712962962962963
7 0.47734375 0.24861111111111112 0.008854166666666666 0.030555555555555555
7 0.6890625 0.22777777777777777 0.0125 0.03148148148148148
9 0.41692708333333334 0.33055555555555555 0.05677083333333333 0.07222222222222222
0 0.63125 0.29768518518518516 0.10625 0.21574074074074073
0 0.5338541666666666 0.2597222222222222 0.03229166666666667 0.0712962962962963
0 0.51484375 0.25601851851851853 0.015104166666666667 0.058333333333333334
0 0.49765624999999997 0.24814814814814815 0.0140625 0.03148148148148148
0 0.48411458333333335 0.2462962962962963 0.008854166666666666 0.024074074074074074
9 0.48020833333333335 0.27175925925925926 0.01875 0.025
1 0.4653645833333333 0.2879629629629629 0.0140625 0.044444444444444446
9 0.72421875 0.2574074074074074 0.025520833333333333 0.03518518518518519
1 0.6895833333333333 0.25462962962962965 0.013541666666666667 0.037037037037037035
