0 0.6104166666666667 0.16203703703703703 0.030208333333333334 0.06851851851851852
0 0.6304687499999999 0.15185185185185185 0.013020833333333334 0.03148148148148148
9 0.47161458333333334 0.20324074074074072 0.05260416666666667 0.13055555555555556
9 0.5567708333333333 0.16712962962962963 0.021875 0.058333333333333334
6 0.6729166666666666 0.18009259259259258 0.023958333333333335 0.06759259259259259
6 0.8619791666666666 0.25324074074074077 0.09479166666666666 0.2361111111111111
7 0.30026041666666664 0.17685185185185187 0.0234375 0.13703703703703704
7 0.4752604166666667 0.18842592592592594 0.0171875 0.1287037037037037
7 0.6747395833333333 0.1597222222222222 0.0203125 0.0824074074074074
7 0.8552083333333333 0.18472222222222223 0.07291666666666667 0.25833333333333336
7 0.8622395833333334 0.18425925925925926 0.0765625 0.22777777777777777
