3 0.46901041666666665 0.35 0.11302083333333333 0.16111111111111112
3 0.55859375 0.32916666666666666 0.07552083333333333 0.11388888888888889
3 0.4065104166666667 0.39722222222222225 0.10677083333333333 0.18518518518518517
3 0.6026041666666666 0.3402777777777778 0.020833333333333332 0.06759259259259259
3 0.11927083333333334 0.45416666666666666 0.1 0.25462962962962965
3 0.5408854166666666 0.35324074074074074 0.05260416666666667 0.10092592592592593
3 0.04739583333333333 0.5217592592592593 0.090625 0.5675925925925925
3 0.9567708333333333 0.32222222222222224 0.05 0.06296296296296296
0 0.7286458333333333 0.3189814814814815 0.01875 0.049074074074074076
0 0.7088541666666667 0.32175925925925924 0.026041666666666668 0.05648148148148148
0 0.9067708333333333 0.30092592592592593 0.05 0.06851851851851852
9 0.2520833333333333 0.5097222222222222 0.265625 0.6212962962962963
9 0.6864583333333333 0.3212962962962963 0.016666666666666666 0.06111111111111111
9 0.6341145833333334 0.3393518518518519 0.04635416666666667 0.10833333333333334
1 0.675 0.3458333333333333 0.01875 0.05648148148148148
6 0.74375 0.3314814814814815 0.0125 0.03148148148148148
7 0.6734375 0.3277777777777778 0.015625 0.07592592592592592
7 0.3364583333333333 0.36018518518518516 0.07916666666666666 0.3685185185185185
7 0.7458333333333332 0.3069444444444444 0.013541666666666667 0.03425925925925926
