3 0.058333333333333334 0.4949074074074074 0.11666666666666667 0.11018518518518519
7 0.37552083333333336 0.4185185185185185 0.025 0.12037037037037036
0 0.9057291666666667 0.4101851851851852 0.1625 0.3
0 0.5807291666666666 0.4916666666666667 0.18333333333333332 0.35555555555555557
9 0.46458333333333335 0.5388888888888889 0.07708333333333334 0.12407407407407407
0 0.7895833333333334 0.37592592592592594 0.09583333333333334 0.17592592592592593
0 0.7078125 0.36250000000000004 0.06354166666666666 0.13425925925925927
0 0.6552083333333333 0.33981481481481485 0.04375 0.05555555555555555
6 0.7513020833333334 0.4462962962962963 0.06927083333333334 0.17962962962962964
6 0.6666666666666666 0.4912037037037037 0.04375 0.10833333333333334
7 0.7559895833333333 0.3907407407407407 0.0484375 0.15925925925925927
7 0.6604166666666667 0.39120370370370366 0.035416666666666666 0.12314814814814815
