11 0.6739583333333333 0.19768518518518519 0.06041666666666667 0.13796296296296295
9 0.43359375 0.2518518518518519 0.044270833333333336 0.1111111111111111
9 0.6088541666666666 0.20601851851851855 0.036458333333333336 0.08981481481481482
9 0.63203125 0.2087962962962963 0.018229166666666668 0.062037037037037036
6 0.3651041666666667 0.24953703703703703 0.0625 0.13796296296296295
6 0.5809895833333333 0.24537037037037038 0.021354166666666667 0.06111111111111111
6 0.9249999999999999 0.20046296296296295 0.036458333333333336 0.10462962962962963
7 0.4591145833333333 0.2175925925925926 0.018229166666666668 0.10185185185185185
7 0.48072916666666665 0.21435185185185185 0.021875 0.09722222222222222
7 0.5208333333333333 0.2050925925925926 0.016666666666666666 0.0787037037037037
7 0.5796874999999999 0.21203703703703702 0.029166666666666667 0.08703703703703704
