3 0.10182291666666667 0.4148148148148148 0.20052083333333334 0.387037037037037
3 0.19114583333333335 0.3351851851851852 0.20729166666666668 0.3425925925925926
3 0.5072916666666667 0.2902777777777778 0.075 0.11388888888888889
3 0.53203125 0.25787037037037036 0.0328125 0.041666666666666664
3 0.28125 0.32546296296296295 0.18645833333333334 0.2564814814814815
3 0.7416666666666667 0.2601851851851852 0.0375 0.06296296296296296
0 0.6299479166666667 0.2787037037037037 0.04114583333333333 0.09444444444444444
0 0.603125 0.26481481481481484 0.014583333333333334 0.046296296296296294
0 0.6872395833333333 0.26805555555555555 0.024479166666666666 0.04722222222222222
0 0.7890625 0.25046296296296294 0.036458333333333336 0.03796296296296296
0 0.8354166666666666 0.24814814814814817 0.04791666666666667 0.05555555555555555
0 0.9239583333333333 0.24814814814814815 0.05416666666666667 0.04814814814814815
7 0.5515625 0.29074074074074074 0.019791666666666666 0.1111111111111111
7 0.5666666666666667 0.29212962962962963 0.020833333333333332 0.11574074074074074
7 0.44635416666666666 0.28935185185185186 0.030208333333333334 0.13425925925925927
