0 0.6033854166666667 0.23472222222222222 0.0265625 0.09166666666666666
0 0.63671875 0.23657407407407408 0.04635416666666667 0.10462962962962963
0 0.6973958333333333 0.23703703703703705 0.053125 0.11481481481481481
0 0.7497395833333333 0.2314814814814815 0.04739583333333333 0.1
9 0.5221354166666666 0.3296296296296296 0.14322916666666666 0.3611111111111111
9 0.7684895833333334 0.25277777777777777 0.0453125 0.07222222222222222
1 0.8864583333333333 0.24814814814814817 0.052083333333333336 0.07592592592592592
7 0.2416666666666667 0.3277777777777778 0.06875 0.3148148148148148
7 0.43906249999999997 0.2986111111111111 0.03958333333333333 0.20277777777777778
7 0.57421875 0.23796296296296296 0.016145833333333335 0.08518518518518518
7 0.8880208333333334 0.21388888888888888 0.034375 0.12777777777777777
7 0.9385416666666666 0.274537037037037 0.04791666666666667 0.2064814814814815
