7 0.07083333333333333 0.23333333333333334 0.07708333333333334 0.3314814814814815
7 0.11666666666666667 0.2324074074074074 0.07708333333333334 0.3296296296296296
7 0.28072916666666664 0.2263888888888889 0.0375 0.24166666666666667
0 0.27369791666666665 0.20601851851851852 0.06822916666666666 0.13796296296296295
0 0.3234375 0.19398148148148148 0.03958333333333333 0.11574074074074074
7 0.4145833333333333 0.287962962962963 0.128125 0.4981481481481482
6 0.42291666666666666 0.4861111111111111 0.14479166666666668 0.40555555555555556
7 0.9697916666666666 0.18981481481481483 0.040625 0.09814814814814815
7 0.8572916666666667 0.2861111111111111 0.08229166666666667 0.35
7 0.7776041666666667 0.2759259259259259 0.052083333333333336 0.24259259259259258
7 0.7247395833333333 0.26712962962962966 0.0453125 0.2490740740740741
7 0.6369791666666667 0.20277777777777778 0.013541666666666667 0.07222222222222222
7 0.6268229166666667 0.20416666666666666 0.013020833333333334 0.075
0 0.5989583333333333 0.20740740740740743 0.04479166666666667 0.0962962962962963
7 0.5544270833333333 0.20833333333333334 0.034895833333333334 0.12222222222222222
6 0.5544270833333332 0.23981481481481481 0.03697916666666667 0.11296296296296296
7 0.6578125 0.20925925925925926 0.014583333333333334 0.08703703703703704
6 0.6747395833333333 0.23796296296296296 0.028645833333333332 0.06481481481481481
9 0.9169270833333334 0.34120370370370373 0.1078125 0.19166666666666668
