0 0.7416666666666666 0.22268518518518515 0.07604166666666666 0.15648148148148147
0 0.6979166666666667 0.2101851851851852 0.026041666666666668 0.11296296296296296
0 0.8950520833333333 0.21296296296296297 0.0546875 0.1111111111111111
0 0.984375 0.23379629629629628 0.03125 0.1712962962962963
6 0.63828125 0.25925925925925924 0.04739583333333333 0.13148148148148148
7 0.19739583333333333 0.250462962962963 0.04375 0.22314814814814815
7 0.24687499999999998 0.2462962962962963 0.05 0.1962962962962963
7 0.2833333333333333 0.22824074074074074 0.03958333333333333 0.20462962962962963
7 0.31223958333333335 0.22037037037037038 0.04010416666666667 0.19444444444444445
7 0.4234375 0.20833333333333334 0.025 0.1388888888888889
7 0.534375 0.20324074074074075 0.014583333333333334 0.0787037037037037
7 0.54765625 0.19722222222222222 0.013020833333333334 0.07037037037037037
7 0.5580729166666667 0.19722222222222222 0.011979166666666667 0.07037037037037037
7 0.603125 0.21342592592592594 0.019791666666666666 0.10092592592592593
7 0.63671875 0.22037037037037038 0.0421875 0.1425925925925926
