9 0.5140625 0.4703703703703704 0.38125 0.9407407407407408
9 0.98203125 0.33194444444444443 0.0359375 0.18425925925925926
9 0.09713541666666667 0.7134259259259259 0.19427083333333334 0.5731481481481482
6 0.7013020833333333 0.21666666666666665 0.03177083333333333 0.08703703703703704
7 0.29296875 0.2199074074074074 0.024479166666666666 0.11944444444444445
7 0.7645833333333333 0.21574074074074073 0.023958333333333335 0.13703703703703704
7 0.8583333333333333 0.2240740740740741 0.04479166666666667 0.19444444444444445
7 0.7950520833333333 0.19444444444444445 0.021354166666666667 0.11481481481481481
7 0.6526041666666667 0.2074074074074074 0.01875 0.09074074074074075
7 0.6708333333333333 0.20092592592592592 0.016666666666666666 0.10185185185185185
7 0.69921875 0.17453703703703702 0.011979166666666667 0.05277777777777778
7 0.078125 0.5 0.15520833333333334 1.0
7 0.9830729166666667 0.23333333333333334 0.033854166666666664 0.10740740740740741
