0 0.84453125 0.15185185185185185 0.1140625 0.2074074074074074
0 0.76953125 0.13796296296296295 0.0609375 0.15185185185185185
0 0.7338541666666667 0.12407407407407409 0.028125 0.08703703703703704
9 0.4947916666666667 0.15046296296296297 0.0625 0.15648148148148147
9 0.4609375 0.1509259259259259 0.03333333333333333 0.13703703703703704
9 0.9372395833333333 0.13101851851851853 0.059895833333333336 0.20277777777777778
9 0.6932291666666667 0.1412037037037037 0.07291666666666667 0.19722222222222222
1 0.5979166666666667 0.16249999999999998 0.014583333333333334 0.05277777777777778
6 0.14869791666666665 0.2986111111111111 0.19635416666666666 0.33425925925925926
6 0.5518229166666666 0.1611111111111111 0.027604166666666666 0.05555555555555555
6 0.5794270833333333 0.15787037037037038 0.021354166666666667 0.05462962962962963
7 0.29244791666666664 0.21388888888888888 0.0609375 0.42592592592592593
7 0.3958333333333333 0.1388888888888889 0.021875 0.06481481481481481
7 0.37734375 0.12731481481481483 0.011979166666666667 0.025
7 0.42578125 0.12824074074074074 0.025520833333333333 0.09537037037037037
7 0.41093749999999996 0.12361111111111112 0.014583333333333334 0.08055555555555556
7 0.52421875 0.13425925925925924 0.016145833333333335 0.08333333333333333
7 0.44817708333333334 0.13611111111111113 0.016145833333333335 0.07592592592592592
7 0.5953125 0.14027777777777778 0.01875 0.09722222222222222
7 0.6158854166666666 0.1439814814814815 0.019270833333333334 0.08796296296296297
7 0.6507812500000001 0.13472222222222224 0.025520833333333333 0.06944444444444445
7 0.9424479166666666 0.12962962962962962 0.03697916666666667 0.17592592592592593
7 0.925 0.11620370370370371 0.019791666666666666 0.08981481481481482
