3 0.14270833333333333 0.42083333333333334 0.28541666666666665 0.39537037037037037
0 0.64765625 0.25092592592592594 0.05677083333333333 0.1537037037037037
0 0.7216145833333333 0.26666666666666666 0.10572916666666667 0.25
0 0.9760416666666666 0.22777777777777777 0.04791666666666667 0.08888888888888889
0 0.4466145833333333 0.2773148148148148 0.10364583333333334 0.1824074074074074
0 0.5783854166666667 0.27175925925925926 0.09114583333333333 0.20092592592592592
0 0.9197916666666667 0.21712962962962964 0.0375 0.0712962962962963
0 0.8434895833333333 0.21759259259259262 0.06927083333333334 0.09259259259259259
9 0.5317708333333333 0.2722222222222222 0.015625 0.1259259259259259
1 0.30364583333333334 0.2953703703703704 0.03854166666666667 0.11481481481481481
6 0.3497395833333333 0.29305555555555557 0.0359375 0.11944444444444445
6 0.3901041666666667 0.2777777777777778 0.01875 0.08703703703703704
6 0.36458333333333337 0.2837962962962963 0.040625 0.12129629629629629
6 0.24427083333333333 0.2949074074074074 0.03958333333333333 0.07685185185185185
7 0.325 0.25046296296296294 0.022916666666666665 0.11388888888888889
7 0.2765625 0.2587962962962963 0.027083333333333334 0.1675925925925926
7 0.2981770833333333 0.2657407407407407 0.025520833333333333 0.1574074074074074
7 0.21484375 0.2532407407407407 0.0328125 0.1398148148148148
7 0.45729166666666665 0.29027777777777775 0.05520833333333333 0.23055555555555557
