0 0.6380208333333334 0.3643518518518518 0.13958333333333334 0.2824074074074074
0 0.4692708333333333 0.3578703703703704 0.13541666666666666 0.2824074074074074
0 0.5526041666666667 0.31805555555555554 0.057291666666666664 0.15462962962962962
0 0.0625 0.5453703703703704 0.125 0.8962962962962963
11 0.38567708333333334 0.31203703703703706 0.0453125 0.15
9 0.15416666666666667 0.4111111111111111 0.13645833333333332 0.3537037037037037
7 0.11484375 0.46435185185185185 0.12447916666666667 0.5046296296296297
7 0.27786458333333336 0.3819444444444444 0.0578125 0.375
7 0.3421875 0.38796296296296295 0.057291666666666664 0.337037037037037
7 0.22499999999999998 0.37962962962962965 0.06875 0.31666666666666665
7 0.20885416666666665 0.2486111111111111 0.021875 0.07314814814814814
7 0.3122395833333333 0.26157407407407407 0.016145833333333335 0.03796296296296296
7 0.7671875 0.3819444444444444 0.065625 0.36018518518518516
7 0.8395833333333333 0.38703703703703707 0.12916666666666668 0.3888888888888889
7 0.7098958333333334 0.3199074074074074 0.026041666666666668 0.1712962962962963
7 0.9466145833333333 0.4671296296296297 0.0828125 0.42685185185185187
7 0.98984375 0.4134259259259259 0.0203125 0.21203703703703702
7 0.90078125 0.3495370370370371 0.0484375 0.31574074074074077
