7 0.378125 0.23657407407407408 0.022916666666666665 0.09907407407407408
7 0.4546875 0.21805555555555556 0.007291666666666667 0.03425925925925926
7 0.46328125 0.21898148148148147 0.005729166666666666 0.032407407407407406
0 0.4861979166666667 0.22407407407407406 0.011979166666666667 0.025925925925925925
6 0.5111979166666667 0.23055555555555557 0.0078125 0.014814814814814815
11 0.5265624999999999 0.2185185185185185 0.009375 0.022222222222222223
3 0.5583333333333333 0.2189814814814815 0.010416666666666666 0.025
3 0.5940104166666667 0.22685185185185186 0.027604166666666666 0.03148148148148148
0 0.6247395833333333 0.22870370370370371 0.0203125 0.040740740740740744
7 0.6596354166666667 0.2240740740740741 0.0067708333333333336 0.03148148148148148
7 0.79921875 0.21388888888888888 0.019270833333333334 0.15555555555555556
7 0.8552083333333333 0.2134259259259259 0.026041666666666668 0.1675925925925926
7 0.92734375 0.25277777777777777 0.022395833333333334 0.1
7 0.9807291666666667 0.2564814814814815 0.019791666666666666 0.11666666666666667
0 0.8479166666666667 0.24444444444444446 0.06145833333333333 0.10555555555555556
