0 0.609375 0.2791666666666667 0.08125 0.15833333333333333
0 0.9135416666666666 0.2861111111111111 0.06041666666666667 0.10185185185185185
0 0.984375 0.2967592592592593 0.03125 0.10648148148148148
0 0.6716145833333333 0.26342592592592595 0.0453125 0.09351851851851851
6 0.02421875 0.3 0.0484375 0.21296296296296297
6 0.19869791666666667 0.3222222222222222 0.11822916666666666 0.17592592592592593
7 0.06666666666666667 0.2310185185185185 0.04375 0.18425925925925926
7 0.06901041666666667 0.33842592592592596 0.05677083333333333 0.14722222222222223
7 0.4796875 0.27685185185185185 0.025 0.12407407407407407
7 0.5244791666666666 0.2837962962962963 0.025 0.13796296296296295
7 0.5557291666666666 0.28055555555555556 0.029166666666666667 0.15555555555555556
7 0.6598958333333333 0.2712962962962963 0.017708333333333333 0.10925925925925926
7 0.9656250000000001 0.2949074074074074 0.021875 0.10648148148148148
7 0.9505208333333334 0.2898148148148148 0.015625 0.1
