7 0.06979166666666667 0.45046296296296295 0.13958333333333334 0.8824074074074074
7 0.2109375 0.5 0.20104166666666667 1.0
7 0.3497395833333333 0.4361111111111111 0.1609375 0.8722222222222222
6 0.73828125 0.2583333333333333 0.043229166666666666 0.09814814814814815
7 0.48046875 0.22037037037037038 0.021354166666666667 0.11481481481481481
9 0.51015625 0.22916666666666669 0.0609375 0.1712962962962963
9 0.5450520833333333 0.2013888888888889 0.030729166666666665 0.10092592592592593
0 0.5747395833333333 0.19814814814814816 0.028645833333333332 0.06481481481481481
6 0.7041666666666666 0.237962962962963 0.03229166666666667 0.09259259259259259
3 0.6341145833333333 0.24537037037037038 0.11822916666666666 0.17962962962962964
7 0.7648437499999999 0.2226851851851852 0.0203125 0.08611111111111111
11 0.45937500000000003 0.18611111111111112 0.06770833333333333 0.1388888888888889
7 0.4825520833333333 0.08981481481481482 0.018229166666666668 0.07222222222222222
