7 0.4888020833333333 0.22314814814814815 0.0203125 0.11851851851851852
7 0.5119791666666668 0.22916666666666666 0.021875 0.10833333333333334
0 0.5763020833333333 0.2240740740740741 0.05572916666666667 0.11666666666666667
0 0.65703125 0.199537037037037 0.028645833333333332 0.06574074074074074
3 0.7286458333333333 0.17037037037037037 0.027083333333333334 0.044444444444444446
0 0.7653645833333333 0.17777777777777776 0.0203125 0.04259259259259259
0 0.8093750000000001 0.19768518518518519 0.030208333333333334 0.058333333333333334
7 0.8419270833333333 0.19027777777777777 0.0109375 0.04722222222222222
7 0.8591145833333333 0.19583333333333333 0.0067708333333333336 0.05092592592592592
7 0.8752604166666668 0.19999999999999998 0.009895833333333333 0.06666666666666667
7 0.9247395833333333 0.30092592592592593 0.0859375 0.2611111111111111
0 0.9364583333333334 0.36851851851851847 0.12708333333333333 0.5444444444444444
