7 0.15520833333333334 0.33564814814814814 0.115625 0.35648148148148145
7 0.3947916666666667 0.3319444444444445 0.06770833333333333 0.20277777777777778
7 0.25859375 0.30046296296296293 0.021354166666666667 0.075
7 0.2825520833333333 0.31342592592592594 0.022395833333333334 0.09351851851851851
0 0.7921874999999999 0.31481481481481477 0.184375 0.37037037037037035
9 0.12161458333333333 0.475925925925926 0.24322916666666666 0.5888888888888889
9 0.26119791666666664 0.4134259259259259 0.09635416666666667 0.15833333333333333
9 0.47760416666666666 0.29537037037037034 0.07395833333333333 0.16666666666666666
9 0.5611979166666666 0.2601851851851852 0.050520833333333334 0.14444444444444443
9 0.5958333333333333 0.25092592592592594 0.03125 0.08333333333333333
3 0.5294270833333333 0.2550925925925926 0.0296875 0.07685185185185185
11 0.6783854166666666 0.24259259259259258 0.05260416666666667 0.2111111111111111
