0 0.11927083333333333 0.2962962962962963 0.17083333333333334 0.3296296296296296
0 0.5645833333333333 0.33333333333333337 0.140625 0.3148148148148148
2 0.3924479166666667 0.20694444444444446 0.19635416666666666 0.4101851851851852
1 0.103125 0.45046296296296295 0.20625 0.30648148148148147
6 0.22708333333333333 0.3273148148148148 0.06041666666666667 0.08981481481481482
6 0.3895833333333334 0.4898148148148148 0.1375 0.3592592592592593
6 0.6635416666666667 0.4537037037037037 0.09791666666666667 0.2611111111111111
7 0.1234375 0.34398148148148144 0.1125 0.43796296296296294
7 0.2942708333333333 0.3277777777777778 0.059375 0.32407407407407407
7 0.36692708333333335 0.37222222222222223 0.16614583333333333 0.512962962962963
7 0.66640625 0.35 0.09010416666666667 0.31296296296296294
7 0.8984375 0.4041666666666667 0.06979166666666667 0.3138888888888889
7 0.7229166666666667 0.3282407407407407 0.03854166666666667 0.22685185185185186
