7 0.01953125 0.3032407407407407 0.0390625 0.41388888888888886
0 0.14713541666666669 0.29953703703703705 0.26614583333333336 0.49907407407407406
7 0.353125 0.31203703703703706 0.058333333333333334 0.3592592592592593
7 0.4166666666666667 0.3282407407407407 0.065625 0.36018518518518516
7 0.5481770833333333 0.30972222222222223 0.1171875 0.39351851851851855
6 0.5411458333333333 0.45787037037037037 0.10833333333333334 0.3527777777777778
0 0.46953125 0.22962962962962963 0.034895833333333334 0.08148148148148149
7 0.64375 0.2583333333333333 0.05416666666666667 0.16296296296296298
6 0.646875 0.30925925925925923 0.0625 0.1685185185185185
7 0.7153645833333333 0.24537037037037035 0.03177083333333333 0.13333333333333333
7 0.6919270833333333 0.23796296296296296 0.0265625 0.11851851851851852
9 0.7046874999999999 0.2833333333333333 0.06770833333333333 0.18888888888888888
7 0.759375 0.2791666666666667 0.01875 0.175
7 0.78046875 0.2884259259259259 0.0296875 0.1787037037037037
7 0.86484375 0.30138888888888893 0.0390625 0.21944444444444444
0 0.8197916666666666 0.27870370370370373 0.0875 0.17407407407407408
0 0.9372395833333333 0.3523148148148148 0.12552083333333333 0.43796296296296294
