0 0.18984375 0.5013888888888889 0.3796875 0.9972222222222222
0 0.5458333333333334 0.3375 0.08020833333333334 0.2861111111111111
0 0.66484375 0.375462962962963 0.2046875 0.44351851851851853
0 0.8864583333333333 0.46296296296296297 0.22708333333333333 0.8425925925925926
9 0.4361979166666667 0.34444444444444444 0.13802083333333334 0.4203703703703704
7 0.49739583333333337 0.2787037037037037 0.022916666666666665 0.10555555555555556
7 0.7802083333333333 0.30833333333333335 0.025 0.2814814814814815
7 0.35468750000000004 0.29120370370370374 0.036458333333333336 0.24351851851851852
7 0.3041666666666667 0.3398148148148148 0.042708333333333334 0.053703703703703705
7 0.18333333333333335 0.36064814814814816 0.23229166666666667 0.5805555555555556
