0 0.7450520833333334 0.2689814814814815 0.09322916666666667 0.18981481481481483
0 0.68359375 0.24537037037037035 0.04010416666666667 0.09259259259259259
9 0.4869791666666667 0.3 0.06770833333333333 0.16111111111111112
9 0.57109375 0.2949074074074074 0.07552083333333333 0.1824074074074074
9 0.6302083333333334 0.25601851851851853 0.042708333333333334 0.1675925925925926
9 0.8713541666666667 0.3 0.06145833333333333 0.1
9 0.7971354166666667 0.25601851851851853 0.019270833333333334 0.10092592592592593
6 0.6489583333333334 0.3287037037037037 0.041666666666666664 0.11851851851851852
7 0.8973958333333334 0.28240740740740744 0.022916666666666665 0.14444444444444443
7 0.65 0.26666666666666666 0.04895833333333333 0.15185185185185185
7 0.8122395833333333 0.25462962962962965 0.015104166666666667 0.09814814814814815
7 0.6044270833333333 0.2337962962962963 0.013020833333333334 0.062037037037037036
7 0.9223958333333333 0.26990740740740743 0.022916666666666665 0.09722222222222222
