0 0.5744791666666667 0.2638888888888889 0.026041666666666668 0.07037037037037037
2 0.13151041666666666 0.33611111111111114 0.2630208333333333 0.6722222222222223
2 0.3734375 0.22546296296296298 0.234375 0.45092592592592595
2 0.5903645833333333 0.24166666666666667 0.04635416666666667 0.06851851851851852
2 0.77578125 0.21944444444444444 0.044270833333333336 0.08333333333333333
2 0.8416666666666667 0.22268518518518518 0.078125 0.09722222222222222
2 0.9403645833333334 0.19953703703703704 0.11927083333333334 0.1638888888888889
9 0.5432291666666667 0.2851851851851852 0.058333333333333334 0.1537037037037037
9 0.6208333333333333 0.26203703703703707 0.0125 0.037037037037037035
6 0.6028645833333334 0.2736111111111111 0.016145833333333335 0.041666666666666664
7 0.6041666666666666 0.2564814814814815 0.013541666666666667 0.04814814814814815
