7 0.26796875000000003 0.2337962962962963 0.0578125 0.24722222222222223
7 0.35104166666666664 0.21898148148148147 0.041666666666666664 0.19537037037037036
7 0.4565104166666667 0.2050925925925926 0.008854166666666666 0.06574074074074074
7 0.46484375 0.20648148148148146 0.009895833333333333 0.06296296296296296
1 0.4708333333333333 0.22037037037037036 0.010416666666666666 0.04259259259259259
11 0.5411458333333333 0.19814814814814816 0.01875 0.03148148148148148
7 0.6247395833333333 0.21203703703703702 0.0203125 0.07592592592592592
6 0.6252604166666667 0.2351851851851852 0.0234375 0.06481481481481481
0 0.5622395833333333 0.19953703703703704 0.011979166666666667 0.026851851851851852
0 0.6440104166666667 0.20185185185185184 0.016145833333333335 0.03888888888888889
3 0.671875 0.20277777777777778 0.0375 0.06111111111111111
0 0.696875 0.20833333333333334 0.03125 0.06851851851851852
3 0.7289062500000001 0.2 0.0296875 0.05925925925925926
11 0.78125 0.20324074074074072 0.07604166666666666 0.10277777777777777
