0 0.275 0.3731481481481482 0.16875 0.32592592592592595
7 0.3848958333333333 0.33333333333333337 0.021875 0.1574074074074074
7 0.36692708333333335 0.33564814814814814 0.0171875 0.15648148148148147
7 0.4192708333333333 0.32407407407407407 0.03333333333333333 0.11481481481481481
6 0.42109375 0.36111111111111116 0.03697916666666667 0.09074074074074075
7 0.46927083333333336 0.32916666666666666 0.020833333333333332 0.10648148148148148
0 0.46041666666666664 0.3324074074074074 0.06666666666666667 0.09259259259259259
0 0.5382812499999999 0.32314814814814813 0.0640625 0.13333333333333333
7 0.4940104166666667 0.33379629629629626 0.015104166666666667 0.09537037037037037
7 0.5971354166666667 0.3143518518518519 0.015104166666666667 0.09166666666666666
7 0.61484375 0.32916666666666666 0.018229166666666668 0.12314814814814815
7 0.6802083333333333 0.38055555555555554 0.075 0.2462962962962963
6 0.6799479166666667 0.4550925925925926 0.09739583333333333 0.2564814814814815
2 0.88828125 0.27685185185185185 0.2234375 0.5537037037037037
