3 0.31119791666666663 0.5768518518518518 0.49947916666666664 0.5777777777777777
3 0.8856770833333334 0.32916666666666666 0.10885416666666667 0.13055555555555556
0 0.7822916666666667 0.3314814814814815 0.05416666666666667 0.11851851851851852
9 0.6645833333333333 0.37175925925925923 0.052083333333333336 0.10277777777777777
9 0.7203124999999999 0.3398148148148148 0.040625 0.12777777777777777
1 0.76640625 0.38842592592592595 0.043229166666666666 0.1287037037037037
7 0.034895833333333334 0.4777777777777778 0.06979166666666667 0.46111111111111114
7 0.3515625 0.6143518518518518 0.26875 0.7694444444444445
7 0.38671875 0.6046296296296296 0.1203125 0.7907407407407407
7 0.6020833333333334 0.4527777777777778 0.10833333333333334 0.48703703703703705
7 0.7674479166666666 0.33935185185185185 0.03697916666666667 0.1787037037037037
