3 0.4377604166666667 0.3416666666666667 0.1046875 0.13703703703703704
3 0.4908854166666667 0.32222222222222224 0.0546875 0.10185185185185185
3 0.15807291666666667 0.4657407407407407 0.3140625 0.3537037037037037
3 0.8596354166666667 0.2962962962962963 0.11197916666666667 0.10925925925925926
3 0.4981770833333333 0.2884259259259259 0.059895833333333336 0.10462962962962963
3 0.04192708333333334 0.6652777777777779 0.08177083333333333 0.4287037037037037
3 0.7658854166666667 0.2787037037037037 0.0578125 0.06481481481481481
3 0.7674479166666667 0.2625 0.05364583333333333 0.030555555555555555
3 0.9484374999999999 0.28055555555555556 0.075 0.12037037037037036
3 0.3296875 0.37916666666666665 0.18020833333333333 0.20277777777777778
0 0.5713541666666666 0.31157407407407406 0.06041666666666667 0.13425925925925927
0 0.6322916666666666 0.29027777777777775 0.040625 0.08796296296296297
0 0.9888020833333333 0.2962962962962963 0.021354166666666667 0.18333333333333332
7 0.38619791666666664 0.2662037037037037 0.03802083333333333 0.09166666666666666
