3 0.44114583333333335 0.3106481481481482 0.17083333333333334 0.2175925925925926
0 0.7052083333333333 0.24398148148148147 0.06041666666666667 0.16018518518518518
0 0.8026041666666667 0.28888888888888886 0.16770833333333332 0.32037037037037036
9 0.2671875 0.36203703703703705 0.17916666666666667 0.3425925925925926
9 0.5723958333333333 0.2777777777777778 0.090625 0.25
9 0.6364583333333333 0.25601851851851853 0.07708333333333334 0.2324074074074074
9 0.9434895833333333 0.27222222222222225 0.11302083333333333 0.26666666666666666
7 0.2125 0.2287037037037037 0.04791666666666667 0.2222222222222222
7 0.4625 0.18935185185185185 0.016666666666666666 0.025
7 0.478125 0.18935185185185183 0.016666666666666666 0.028703703703703703
7 0.8934895833333334 0.22361111111111112 0.033854166666666664 0.1824074074074074
7 0.7510416666666667 0.2685185185185185 0.03125 0.20925925925925926
7 0.9419270833333333 0.21898148148148147 0.0484375 0.1935185185185185
7 0.9731770833333333 0.18703703703703703 0.0328125 0.14629629629629629
7 0.9872395833333334 0.24953703703703706 0.025520833333333333 0.25833333333333336
7 0.6859375 0.16898148148148148 0.0125 0.03981481481481482
