3 0.26484375 0.3476851851851852 0.28489583333333335 0.41388888888888886
0 0.440625 0.29907407407407405 0.08958333333333333 0.23333333333333334
0 0.6921875 0.3226851851851852 0.15833333333333333 0.3138888888888889
2 0.6213541666666667 0.12361111111111112 0.14895833333333333 0.2101851851851852
1 0.46041666666666664 0.37222222222222223 0.11770833333333333 0.17222222222222222
6 0.08802083333333334 0.5185185185185185 0.17604166666666668 0.26296296296296295
6 0.5994791666666667 0.4361111111111111 0.13125 0.4148148148148148
6 0.8333333333333333 0.5046296296296297 0.12604166666666666 0.34444444444444444
7 0.09296875 0.25462962962962965 0.10364583333333334 0.2851851851851852
7 0.30625 0.35 0.109375 0.5814814814814815
7 0.4638020833333333 0.31712962962962965 0.03802083333333333 0.2657407407407407
7 0.5916666666666666 0.3666666666666667 0.15416666666666667 0.48333333333333334
7 0.8286458333333333 0.3611111111111111 0.12916666666666668 0.40185185185185185
