3 0.47369791666666666 0.2490740740740741 0.1015625 0.06851851851851852
3 0.4953125 0.2388888888888889 0.08541666666666667 0.05740740740740741
0 0.8364583333333333 0.22546296296296298 0.046875 0.08611111111111111
0 0.6635416666666667 0.2287037037037037 0.03854166666666667 0.08703703703703704
0 0.7153645833333333 0.23564814814814816 0.06302083333333333 0.1287037037037037
11 0.5125 0.21203703703703702 0.034375 0.03888888888888889
9 0.20416666666666666 0.2902777777777778 0.08333333333333333 0.25833333333333336
9 0.30494791666666665 0.28703703703703703 0.11614583333333334 0.1388888888888889
9 0.40703125 0.24953703703703703 0.0421875 0.125
9 0.08645833333333333 0.30092592592592593 0.17291666666666666 0.34814814814814815
9 0.6010416666666666 0.23194444444444445 0.03229166666666667 0.09537037037037037
6 0.08203125 0.6958333333333333 0.1640625 0.6083333333333333
6 0.634375 0.24861111111111112 0.023958333333333335 0.06944444444444445
6 0.575 0.3138888888888889 0.052083333333333336 0.14629629629629629
6 0.8986979166666667 0.37962962962962965 0.12552083333333333 0.3277777777777778
7 0.02369791666666667 0.29259259259259257 0.04635416666666667 0.23148148148148148
7 0.32395833333333335 0.21666666666666667 0.017708333333333333 0.05185185185185185
7 0.88984375 0.27314814814814814 0.1046875 0.337037037037037
7 0.6354166666666667 0.22499999999999998 0.026041666666666668 0.08333333333333333
7 0.5760416666666667 0.2550925925925926 0.052083333333333336 0.18611111111111112
