3 0.35781250000000003 0.29212962962962963 0.11458333333333333 0.18055555555555555
3 0.5580729166666667 0.24675925925925926 0.0234375 0.058333333333333334
0 0.5973958333333333 0.24953703703703703 0.06145833333333333 0.13796296296296295
0 0.7184895833333333 0.26157407407407407 0.10260416666666666 0.23055555555555557
0 0.6648437500000001 0.22083333333333333 0.0140625 0.06574074074074074
9 0.4721354166666667 0.3282407407407407 0.1828125 0.4824074074074074
9 0.6325520833333332 0.23472222222222222 0.0171875 0.062037037037037036
1 0.6513020833333334 0.2574074074074074 0.018229166666666668 0.05740740740740741
6 0.052083333333333336 0.47685185185185186 0.09375 0.32592592592592595
6 0.10703125 0.3833333333333333 0.10364583333333334 0.2814814814814815
7 0.04244791666666667 0.42638888888888893 0.08489583333333334 0.537962962962963
7 0.6515625 0.2337962962962963 0.019791666666666666 0.09166666666666666
7 0.6333333333333333 0.2263888888888889 0.013541666666666667 0.0712962962962963
