0 0.3924479166666667 0.32453703703703707 0.18489583333333334 0.33611111111111114
0 0.6505208333333333 0.2625 0.04583333333333333 0.1824074074074074
0 0.7476562499999999 0.28425925925925927 0.1421875 0.3055555555555556
0 0.5736979166666667 0.29768518518518516 0.12447916666666667 0.2824074074074074
0 0.8942708333333333 0.21712962962962964 0.065625 0.09166666666666666
9 0.4966145833333333 0.29583333333333334 0.0609375 0.16944444444444445
6 0.17369791666666667 0.3351851851851852 0.06302083333333333 0.2111111111111111
6 0.2591145833333333 0.33564814814814814 0.0453125 0.13240740740740742
6 0.07057291666666667 0.28935185185185186 0.10052083333333334 0.10833333333333334
6 0.07916666666666666 0.35138888888888886 0.084375 0.25092592592592594
6 0.12552083333333333 0.2939814814814815 0.03333333333333333 0.08611111111111111
7 0.22291666666666665 0.33055555555555555 0.06666666666666667 0.32037037037037036
7 0.009375 0.27175925925925926 0.01875 0.11944444444444445
7 0.6765625000000001 0.2236111111111111 0.014583333333333334 0.06574074074074074
7 0.9830729166666667 0.22175925925925927 0.0296875 0.0824074074074074
7 0.2598958333333333 0.2518518518518519 0.03125 0.11851851851851852
