0 0.6841145833333333 0.2652777777777778 0.1140625 0.24351851851851852
0 0.6156250000000001 0.22916666666666666 0.04895833333333333 0.14166666666666666
0 0.5390625 0.22638888888888886 0.065625 0.12314814814814815
0 0.46953125 0.2185185185185185 0.0609375 0.11666666666666667
0 0.7559895833333333 0.20787037037037037 0.043229166666666666 0.0824074074074074
11 0.9065104166666667 0.2523148148148148 0.18697916666666667 0.41944444444444445
11 0.18437499999999998 0.25925925925925924 0.365625 0.5185185185185185
9 0.3453125 0.48657407407407405 0.5010416666666667 0.42685185185185187
9 0.8109375 0.2185185185185185 0.051041666666666666 0.09074074074074075
1 0.5630208333333333 0.2796296296296297 0.071875 0.11851851851851852
7 0.3627604166666667 0.39999999999999997 0.1609375 0.5592592592592592
7 0.42812500000000003 0.21481481481481482 0.05 0.13518518518518519
7 0.5625 0.23333333333333334 0.04479166666666667 0.1648148148148148
7 0.4565104166666667 0.21296296296296297 0.028645833333333332 0.09074074074074075
