7 0.17500000000000002 0.2462962962962963 0.028125 0.12777777777777777
7 0.30182291666666666 0.23935185185185187 0.06510416666666667 0.18796296296296297
0 0.2578125 0.25416666666666665 0.052083333333333336 0.11018518518518519
7 0.35546875 0.24166666666666667 0.021354166666666667 0.08148148148148149
6 0.35625 0.26342592592592595 0.027083333333333334 0.06944444444444445
0 0.40078125 0.2425925925925926 0.03802083333333333 0.08518518518518518
0 0.4734375 0.24953703703703706 0.05416666666666667 0.10277777777777777
7 0.44218749999999996 0.24074074074074076 0.010416666666666666 0.04814814814814815
7 0.540625 0.2564814814814815 0.022916666666666665 0.1111111111111111
1 0.5377604166666666 0.2888888888888889 0.016145833333333335 0.07962962962962963
0 0.6765625 0.3902777777777777 0.28229166666666666 0.5546296296296296
6 0.8690104166666667 0.35 0.11614583333333334 0.23333333333333334
3 0.20338541666666665 0.49953703703703706 0.40572916666666664 0.9990740740740741
