0 0.7588541666666666 0.18148148148148147 0.05520833333333333 0.11851851851851852
9 0.15598958333333332 0.6499999999999999 0.31197916666666664 0.7
9 0.27630208333333334 0.3625 0.18385416666666668 0.5564814814814815
9 0.7260416666666666 0.17777777777777778 0.020833333333333332 0.04814814814814815
9 0.6028645833333334 0.35 0.21510416666666668 0.5185185185185185
7 0.15963541666666667 0.42916666666666664 0.19947916666666668 0.8583333333333333
7 0.29270833333333335 0.26157407407407407 0.096875 0.44351851851851853
7 0.371875 0.1787037037037037 0.01875 0.1388888888888889
7 0.384375 0.19074074074074074 0.01875 0.13148148148148148
7 0.47395833333333337 0.19027777777777777 0.022916666666666665 0.12129629629629629
7 0.4997395833333333 0.2013888888888889 0.022395833333333334 0.14166666666666666
7 0.46979166666666666 0.17592592592592593 0.015625 0.09444444444444444
7 0.6513020833333334 0.10648148148148148 0.09322916666666667 0.21296296296296297
7 0.71484375 0.16712962962962963 0.0109375 0.05648148148148148
