0 0.7429687500000001 0.36898148148148147 0.1703125 0.31203703703703706
0 0.5895833333333333 0.3449074074074074 0.06875 0.15092592592592594
0 0.4869791666666667 0.33842592592592596 0.05 0.10648148148148148
7 0.4002604166666666 0.33379629629629626 0.0203125 0.10277777777777777
0 0.51640625 0.3087962962962963 0.016145833333333335 0.03796296296296296
6 0.5296875 0.3166666666666667 0.008333333333333333 0.022222222222222223
7 0.5294270833333333 0.3 0.008854166666666666 0.022222222222222223
0 0.93125 0.3 0.0375 0.10740740740740741
7 0.8986979166666667 0.30046296296296293 0.0203125 0.08796296296296297
3 0.8630208333333333 0.28148148148148144 0.05 0.05740740740740741
