7 0.9763020833333333 0.26296296296296295 0.033854166666666664 0.1962962962962963
9 0.94453125 0.2685185185185185 0.1078125 0.20555555555555555
9 0.7234375 0.2462962962962963 0.06354166666666666 0.06666666666666667
7 0.75390625 0.23055555555555557 0.024479166666666666 0.10185185185185185
7 0.6890625 0.2111111111111111 0.014583333333333334 0.08333333333333333
7 0.6557291666666667 0.20833333333333331 0.011458333333333333 0.07037037037037037
6 0.65703125 0.2101851851851852 0.034895833333333334 0.044444444444444446
7 0.6346354166666667 0.2013888888888889 0.0109375 0.06018518518518518
0 0.5807291666666666 0.2152777777777778 0.05520833333333333 0.12685185185185185
0 0.5346354166666667 0.18564814814814815 0.0203125 0.041666666666666664
7 0.5033854166666667 0.19583333333333333 0.013020833333333334 0.07314814814814814
9 0.4640625 0.2263888888888889 0.06041666666666667 0.12129629629629629
7 0.4747395833333333 0.15833333333333333 0.021354166666666667 0.05555555555555555
7 0.39296875000000003 0.2587962962962963 0.07760416666666667 0.30277777777777776
6 0.3953125 0.2986111111111111 0.08229166666666667 0.23981481481481481
4 0.33671875 0.24583333333333335 0.0703125 0.10648148148148148
7 0.22213541666666667 0.1875 0.025520833333333333 0.15833333333333333
