3 0.47369791666666666 0.2134259259259259 0.0515625 0.10648148148148148
0 0.49140625 0.22824074074074074 0.05677083333333333 0.12685185185185185
0 0.5583333333333333 0.22685185185185186 0.06145833333333333 0.13333333333333333
0 0.8520833333333333 0.26157407407407407 0.14791666666666667 0.2657407407407407
9 0.44583333333333336 0.23425925925925928 0.027083333333333334 0.0962962962962963
9 0.6244791666666667 0.22592592592592592 0.03958333333333333 0.11851851851851852
9 0.6658854166666667 0.2675925925925926 0.07447916666666667 0.17962962962962964
9 0.93359375 0.3398148148148148 0.1328125 0.15925925925925927
9 0.24713541666666666 0.5 0.4942708333333333 1.0
7 0.4213541666666667 0.2222222222222222 0.034375 0.12407407407407407
7 0.63515625 0.20324074074074075 0.0234375 0.10833333333333334
7 0.6783854166666666 0.23564814814814813 0.043229166666666666 0.19907407407407407
7 0.7106770833333333 0.21990740740740738 0.0203125 0.10648148148148148
7 0.7291666666666666 0.22083333333333333 0.025 0.10092592592592593
7 0.84921875 0.26203703703703707 0.0546875 0.3148148148148148
