0 0.34218750000000003 0.2375 0.134375 0.27314814814814814
0 0.87109375 0.34259259259259256 0.2546875 0.4925925925925926
0 0.6953125 0.24027777777777776 0.041666666666666664 0.18796296296296297
9 0.12526041666666668 0.40509259259259256 0.25052083333333336 0.4638888888888889
6 0.57265625 0.5611111111111111 0.1515625 0.37222222222222223
6 0.66328125 0.38240740740740736 0.058854166666666666 0.18703703703703703
6 0.74609375 0.31527777777777777 0.05572916666666667 0.16944444444444445
7 0.43671875 0.25462962962962965 0.05364583333333333 0.2611111111111111
7 0.57265625 0.31018518518518523 0.1515625 0.5222222222222223
7 0.7406250000000001 0.2263888888888889 0.04895833333333333 0.18981481481481483
7 0.2078125 0.14490740740740743 0.06979166666666667 0.1712962962962963
7 0.06354166666666666 0.14537037037037037 0.052083333333333336 0.1388888888888889
7 0.6591145833333334 0.20277777777777778 0.04635416666666667 0.16666666666666666
