3 0.07135416666666666 0.32175925925925924 0.14270833333333333 0.6435185185185185
3 0.8322916666666667 0.3398148148148148 0.33541666666666664 0.6796296296296296
3 0.43489583333333337 0.2574074074074074 0.07916666666666666 0.12407407407407407
0 0.3190104166666667 0.2574074074074074 0.13489583333333333 0.16111111111111112
9 0.5380208333333333 0.35416666666666663 0.14791666666666667 0.3212962962962963
9 0.6544270833333333 0.2759259259259259 0.0734375 0.2111111111111111
7 0.18098958333333334 0.25046296296296294 0.0203125 0.09351851851851851
7 0.19921875 0.2439814814814815 0.015104166666666667 0.08425925925925926
7 0.20859375 0.24166666666666667 0.0140625 0.08333333333333333
7 0.5604166666666667 0.1574074074074074 0.06979166666666667 0.10740740740740741
7 0.49843750000000003 0.1865740740740741 0.05416666666666667 0.075
