6 0.88515625 0.33287037037037037 0.17864583333333334 0.4064814814814815
7 0.9072916666666666 0.2050925925925926 0.14895833333333333 0.4101851851851852
7 0.86015625 0.23333333333333334 0.11510416666666666 0.4666666666666667
7 0.5026041666666667 0.18009259259259258 0.04895833333333333 0.19722222222222222
7 0.553125 0.15694444444444444 0.030208333333333334 0.10833333333333334
7 0.4166666666666667 0.16759259259259257 0.022916666666666665 0.08333333333333333
9 0.45338541666666665 0.19537037037037036 0.0640625 0.15555555555555556
9 0.79375 0.13425925925925924 0.04791666666666667 0.13703703703703704
7 0.8046875 0.12546296296296297 0.023958333333333335 0.10833333333333334
9 0.7713541666666667 0.14629629629629629 0.03333333333333333 0.08333333333333333
7 0.7768229166666667 0.12685185185185185 0.0203125 0.08703703703703704
0 0.7138020833333333 0.13657407407407407 0.0359375 0.075
7 0.5791666666666667 0.14583333333333334 0.017708333333333333 0.075
7 0.6216145833333333 0.13703703703703704 0.015104166666666667 0.06666666666666667
9 0.5244791666666666 0.16620370370370371 0.03229166666666667 0.09907407407407408
