7 0.0484375 0.2759259259259259 0.09375 0.42777777777777776
7 0.17031249999999998 0.33888888888888885 0.11875 0.5851851851851851
7 0.9505208333333334 0.22546296296296298 0.058333333333333334 0.2712962962962963
7 0.8838541666666667 0.17777777777777776 0.03333333333333333 0.11296296296296296
0 0.7578125 0.25 0.16041666666666668 0.29814814814814816
0 0.6450520833333333 0.20833333333333331 0.059895833333333336 0.14074074074074075
0 0.58046875 0.19583333333333333 0.03697916666666667 0.08055555555555556
7 0.48750000000000004 0.21944444444444444 0.020833333333333332 0.12222222222222222
7 0.46380208333333334 0.22314814814814815 0.0234375 0.11851851851851852
7 0.5020833333333333 0.20370370370370372 0.014583333333333334 0.07592592592592592
7 0.52734375 0.19537037037037036 0.022395833333333334 0.07407407407407407
6 0.5255208333333333 0.22916666666666666 0.01875 0.05092592592592592
11 0.55859375 0.175 0.033854166666666664 0.07777777777777778
9 0.9135416666666666 0.3055555555555555 0.15729166666666666 0.18703703703703703
7 0.4119791666666666 0.2175925925925926 0.030208333333333334 0.12777777777777777
7 0.44791666666666663 0.25046296296296294 0.028125 0.06944444444444445
