3 0.4106770833333333 0.3740740740740741 0.1671875 0.25
3 0.8736979166666667 0.2152777777777778 0.0421875 0.06574074074074074
3 0.46067708333333335 0.30648148148148147 0.1046875 0.13703703703703704
3 0.89296875 0.22453703703703703 0.028645833333333332 0.05648148148148148
3 0.17682291666666666 0.45925925925925926 0.3536458333333333 0.8055555555555556
3 0.9229166666666667 0.20462962962962963 0.034375 0.05740740740740741
3 0.4953125 0.274537037037037 0.10416666666666667 0.16944444444444445
3 0.5598958333333333 0.24583333333333332 0.04791666666666667 0.11388888888888889
3 0.9690104166666667 0.20925925925925926 0.0578125 0.07592592592592592
3 0.625 0.2425925925925926 0.06145833333333333 0.10925925925925926
0 0.7200520833333334 0.23379629629629628 0.033854166666666664 0.08055555555555556
0 0.69296875 0.2199074074074074 0.0203125 0.04537037037037037
0 0.8315104166666667 0.22870370370370371 0.0265625 0.07777777777777778
9 0.6713541666666667 0.28055555555555556 0.05416666666666667 0.12037037037037036
7 0.5971354166666667 0.2685185185185185 0.016145833333333335 0.09814814814814815
