0 0.6380208333333333 0.35462962962962963 0.23125 0.5277777777777778
0 0.8838541666666666 0.18981481481481483 0.040625 0.07222222222222222
0 0.9710937500000001 0.19953703703703704 0.05677083333333333 0.08796296296296297
6 0.5151041666666667 0.6694444444444444 0.215625 0.6592592592592592
7 0.08567708333333333 0.2222222222222222 0.0546875 0.2074074074074074
7 0.5158854166666667 0.4300925925925926 0.2171875 0.7861111111111111
7 0.022916666666666665 0.22083333333333333 0.04583333333333333 0.23425925925925925
7 0.3765625 0.20694444444444446 0.017708333333333333 0.09907407407407408
7 0.25078125 0.3189814814814815 0.06302083333333333 0.1712962962962963
7 0.03802083333333333 0.4277777777777778 0.075 0.1388888888888889
7 0.19817708333333334 0.22083333333333333 0.0390625 0.15833333333333333
7 0.4096354166666667 0.20370370370370372 0.021354166666666667 0.08148148148148149
7 0.3234375 0.26157407407407407 0.0375 0.17685185185185184
7 0.3927083333333334 0.20694444444444446 0.016666666666666666 0.08796296296296297
7 0.26145833333333335 0.2148148148148148 0.03229166666666667 0.15
