3 0.9796875 0.25555555555555554 0.03854166666666667 0.06666666666666667
3 0.6614583333333334 0.2861111111111111 0.015625 0.08888888888888889
3 0.64375 0.2912037037037037 0.03125 0.12685185185185185
0 0.5869791666666666 0.3212962962962963 0.10208333333333333 0.22592592592592592
0 0.10078125 0.3111111111111111 0.1203125 0.3055555555555556
0 0.3140625 0.3657407407407407 0.19791666666666666 0.34444444444444444
0 0.7937500000000001 0.2712962962962963 0.05416666666666667 0.11666666666666667
9 0.6841145833333333 0.2712962962962963 0.019270833333333334 0.05555555555555555
7 0.47734375 0.3763888888888889 0.058854166666666666 0.39166666666666666
7 0.5208333333333334 0.35277777777777775 0.03958333333333333 0.2814814814814815
7 0.07578125 0.5527777777777778 0.1515625 0.8833333333333333
7 0.7596354166666667 0.2833333333333333 0.028645833333333332 0.15925925925925927
7 0.7390625000000001 0.3226851851851852 0.06458333333333334 0.23425925925925925
