0 0.6278645833333333 0.17638888888888887 0.05572916666666667 0.12129629629629629
0 0.6833333333333333 0.15833333333333333 0.014583333333333334 0.027777777777777776
0 0.8372395833333334 0.15694444444444444 0.0609375 0.075
11 0.4895833333333333 0.15185185185185185 0.084375 0.10185185185185185
11 0.2768229166666667 0.15324074074074073 0.2921875 0.30092592592592593
9 0.5567708333333333 0.1865740740740741 0.04375 0.10462962962962963
6 0.6598958333333333 0.18055555555555555 0.008333333333333333 0.024074074074074074
6 0.6682291666666667 0.17129629629629628 0.010416666666666666 0.022222222222222223
7 0.05911458333333333 0.175462962962963 0.0421875 0.14907407407407408
7 0.48828125 0.10092592592592592 0.0234375 0.03518518518518519
