6 0.26640625 0.2851851851851852 0.11822916666666666 0.3388888888888889
9 0.5364583333333334 0.16111111111111112 0.046875 0.08703703703703704
7 0.5796875 0.14907407407407408 0.027083333333333334 0.11666666666666667
7 0.5072916666666666 0.15231481481481482 0.013541666666666667 0.06759259259259259
7 0.6010416666666666 0.14444444444444443 0.016666666666666666 0.07222222222222222
9 0.7669270833333334 0.13333333333333333 0.0296875 0.09259259259259259
7 0.7674479166666666 0.12962962962962962 0.021354166666666667 0.07037037037037037
7 0.8841145833333333 0.10509259259259258 0.013020833333333334 0.08425925925925926
7 0.8950520833333334 0.1 0.009895833333333333 0.07592592592592592
7 0.7927083333333333 0.13657407407407407 0.014583333333333334 0.06574074074074074
