7 0.10651041666666666 0.2712962962962963 0.1109375 0.4777777777777778
7 0.39947916666666666 0.22824074074074074 0.017708333333333333 0.10462962962962963
7 0.42161458333333335 0.22546296296296298 0.0171875 0.11574074074074074
7 0.7736979166666667 0.23888888888888887 0.05364583333333333 0.17407407407407408
6 0.7786458333333334 0.29444444444444445 0.07083333333333333 0.16296296296296298
9 0.7348958333333333 0.2175925925925926 0.019791666666666666 0.05
11 0.6700520833333333 0.21064814814814814 0.0328125 0.05648148148148148
3 0.6966145833333334 0.2087962962962963 0.022395833333333334 0.049074074074074076
0 0.6330729166666667 0.21203703703703705 0.019270833333333334 0.040740740740740744
11 0.5432291666666667 0.20972222222222223 0.015625 0.030555555555555555
0 0.64921875 0.20972222222222223 0.013020833333333334 0.03425925925925926
7 0.04192708333333333 0.2851851851851852 0.08385416666666666 0.45185185185185184
