0 0.5809895833333334 0.42083333333333334 0.3380208333333333 0.725
0 0.8669270833333333 0.17222222222222222 0.028645833333333332 0.05
1 0.08802083333333333 0.2791666666666667 0.09270833333333334 0.1287037037037037
6 0.21588541666666666 0.2425925925925926 0.07135416666666666 0.10555555555555556
6 0.24036458333333333 0.7652777777777777 0.38177083333333334 0.4675925925925926
7 0.32109375 0.2689814814814815 0.050520833333333334 0.18055555555555555
7 0.38177083333333334 0.26342592592592595 0.046875 0.14907407407407408
7 0.4078125 0.21064814814814814 0.01875 0.09722222222222222
7 0.20546875 0.33194444444444443 0.11614583333333334 0.13055555555555556
7 0.2794270833333333 0.33287037037037037 0.0609375 0.075
7 0.3559895833333333 0.2050925925925926 0.022395833333333334 0.09907407407407408
7 0.21848958333333332 0.5041666666666667 0.43697916666666664 0.9175925925925926
