3 0.5799479166666667 0.15138888888888888 0.0234375 0.03611111111111111
3 0.9854166666666666 0.1087962962962963 0.029166666666666667 0.19722222222222222
0 0.61484375 0.1574074074074074 0.033854166666666664 0.07592592592592592
0 0.6703125 0.17916666666666667 0.071875 0.15833333333333333
9 0.5388020833333333 0.1884259259259259 0.030729166666666665 0.05648148148148148
9 0.7841145833333333 0.13935185185185184 0.0359375 0.09351851851851851
9 0.8302083333333333 0.13425925925925924 0.041666666666666664 0.08518518518518518
4 0.5135416666666667 0.1800925925925926 0.022916666666666665 0.03796296296296296
6 0.5861979166666667 0.15925925925925927 0.011979166666666667 0.03518518518518519
7 0.5104166666666666 0.17129629629629628 0.011458333333333333 0.05555555555555555
7 0.5382812499999999 0.1638888888888889 0.0171875 0.07037037037037037
7 0.5864583333333333 0.15324074074074073 0.009375 0.03425925925925926
7 0.83984375 0.10648148148148148 0.021354166666666667 0.06111111111111111
