0 0.5809895833333333 0.3875 0.39947916666666666 0.775
9 0.3885416666666666 0.2777777777777778 0.06145833333333333 0.2962962962962963
9 0.7888020833333333 0.20833333333333331 0.0703125 0.17037037037037037
7 0.08932291666666667 0.3939814814814815 0.1703125 0.787962962962963
7 0.29322916666666665 0.20324074074074075 0.029166666666666667 0.09907407407407408
7 0.29973958333333334 0.15462962962962962 0.0171875 0.08703703703703704
7 0.3184895833333333 0.1675925925925926 0.0234375 0.16111111111111112
7 0.80625 0.1925925925925926 0.021875 0.15
7 0.8299479166666666 0.20787037037037037 0.021354166666666667 0.1398148148148148
7 0.9763020833333332 0.2013888888888889 0.03697916666666667 0.15462962962962962
