9 0.8796875 0.24861111111111112 0.078125 0.15648148148148147
9 0.8072916666666666 0.23472222222222222 0.05520833333333333 0.13240740740740742
9 0.7307291666666667 0.22361111111111112 0.052083333333333336 0.1527777777777778
4 0.5018229166666667 0.25416666666666665 0.06197916666666667 0.0824074074074074
6 0.4231770833333333 0.27268518518518514 0.0515625 0.15462962962962962
6 0.5338541666666666 0.23981481481481481 0.023958333333333335 0.06296296296296296
6 0.3609375 0.29027777777777775 0.09166666666666666 0.1787037037037037
6 0.7674479166666667 0.262037037037037 0.05677083333333333 0.13333333333333333
6 0.5924479166666666 0.2462962962962963 0.03177083333333333 0.10740740740740741
6 0.6708333333333333 0.2361111111111111 0.020833333333333332 0.07037037037037037
7 0.25052083333333336 0.28148148148148144 0.05416666666666667 0.2796296296296296
7 0.24088541666666666 0.18564814814814815 0.044270833333333336 0.13796296296296295
7 0.39166666666666666 0.225 0.03333333333333333 0.16296296296296298
7 0.6260416666666667 0.2606481481481482 0.07291666666666667 0.21944444444444444
7 0.35885416666666664 0.19953703703703704 0.04583333333333333 0.13240740740740742
7 0.503125 0.20092592592592592 0.019791666666666666 0.06481481481481481
7 0.5205729166666666 0.21666666666666667 0.021354166666666667 0.06111111111111111
7 0.55234375 0.2240740740740741 0.019270833333333334 0.1
7 0.5716145833333334 0.22314814814814815 0.022395833333333334 0.09444444444444444
7 0.5921875 0.22314814814814815 0.03229166666666667 0.10555555555555556
7 0.7661458333333334 0.23194444444444445 0.04583333333333333 0.14351851851851852
7 0.7434895833333334 0.21064814814814814 0.033854166666666664 0.1287037037037037
7 0.8973958333333333 0.23379629629629628 0.03958333333333333 0.1675925925925926
7 0.8184895833333334 0.21296296296296297 0.04114583333333333 0.12407407407407407
7 0.87890625 0.20740740740740743 0.027604166666666666 0.10925925925925926
