8 0.5416666666666667 0.30787037037037035 0.030208333333333334 0.05648148148148148
0 0.5200520833333333 0.31296296296296294 0.015104166666666667 0.027777777777777776
0 0.6111979166666666 0.33564814814814814 0.08385416666666666 0.17685185185185184
7 0.4536458333333333 0.3055555555555556 0.010416666666666666 0.05
7 0.46718750000000003 0.3069444444444444 0.007291666666666667 0.041666666666666664
9 0.48489583333333336 0.3111111111111111 0.015625 0.05
6 0.5083333333333333 0.31851851851851853 0.007291666666666667 0.025925925925925925
0 0.659375 0.3143518518518518 0.017708333333333333 0.03611111111111111
7 0.6901041666666666 0.3125 0.008333333333333333 0.03796296296296296
1 0.6903645833333334 0.3282407407407407 0.0109375 0.028703703703703703
7 0.7671875 0.325 0.06145833333333333 0.16666666666666666
6 0.7671874999999999 0.3773148148148148 0.06041666666666667 0.11944444444444445
0 0.8403645833333334 0.32407407407407407 0.06510416666666667 0.09814814814814815
