0 0.5307291666666666 0.30925925925925923 0.052083333333333336 0.12222222222222222
0 0.7098958333333334 0.30185185185185187 0.03333333333333333 0.08703703703703704
2 0.47630208333333335 0.2810185185185185 0.059895833333333336 0.14722222222222223
2 0.10416666666666667 0.5 0.20833333333333334 1.0
2 0.3138020833333333 0.26481481481481484 0.2765625 0.5296296296296297
11 0.6518229166666667 0.30092592592592593 0.08802083333333334 0.15555555555555556
11 0.5885416666666666 0.29444444444444445 0.04375 0.10925925925925926
7 0.48046875 0.31342592592592594 0.019270833333333334 0.10092592592592593
7 0.70625 0.32037037037037036 0.017708333333333333 0.07592592592592592
7 0.8049479166666668 0.32916666666666666 0.0296875 0.15092592592592594
