9 0.18802083333333333 0.4657407407407408 0.296875 0.4740740740740741
9 0.37656249999999997 0.3037037037037037 0.090625 0.17962962962962964
7 0.28072916666666664 0.18796296296296294 0.059375 0.14814814814814814
7 0.32864583333333336 0.2972222222222222 0.065625 0.2222222222222222
7 0.44479166666666664 0.22962962962962963 0.03958333333333333 0.20555555555555555
7 0.49609375 0.2226851851851852 0.0328125 0.13425925925925927
7 0.4734375 0.2550925925925926 0.019791666666666666 0.0787037037037037
11 0.6046875 0.17824074074074076 0.084375 0.18055555555555555
7 0.72421875 0.19814814814814816 0.0203125 0.13518518518518519
7 0.7 0.19166666666666665 0.020833333333333332 0.0962962962962963
7 0.5270833333333333 0.20555555555555555 0.027083333333333334 0.09444444444444444
6 0.5265624999999999 0.2226851851851852 0.03229166666666667 0.0824074074074074
9 0.6893229166666667 0.21064814814814817 0.0390625 0.11574074074074074
9 0.7119791666666666 0.2236111111111111 0.04479166666666667 0.11388888888888889
3 0.9070312500000001 0.24861111111111112 0.1859375 0.47314814814814815
7 0.7744791666666667 0.20833333333333331 0.027083333333333334 0.12962962962962962
7 0.6489583333333333 0.20092592592592592 0.015625 0.06666666666666667
9 0.6585937500000001 0.20092592592592592 0.018229166666666668 0.07037037037037037
7 0.05807291666666667 0.525 0.11614583333333334 0.9407407407407408
