3 0.14453125 0.2851851851851852 0.05677083333333333 0.19814814814814816
0 0.2635416666666667 0.25462962962962965 0.026041666666666668 0.05555555555555555
9 0.22994791666666667 0.24953703703703703 0.021354166666666667 0.06018518518518518
6 0.34401041666666665 0.275 0.011979166666666667 0.037037037037037035
7 0.0875 0.3365740740740741 0.075 0.41203703703703703
7 0.027083333333333334 0.3375 0.05416666666666667 0.3861111111111111
7 0.20520833333333333 0.2513888888888889 0.014583333333333334 0.058333333333333334
7 0.23229166666666667 0.2462962962962963 0.009375 0.046296296296296294
7 0.3046875 0.2699074074074074 0.016666666666666666 0.08796296296296297
7 0.34453125 0.2550925925925926 0.015104166666666667 0.041666666666666664
