0 0.8143229166666667 0.32453703703703707 0.0828125 0.2953703703703704
11 0.4669270833333333 0.26203703703703707 0.050520833333333334 0.12407407407407407
9 0.43671875 0.29814814814814816 0.05677083333333333 0.15925925925925927
9 0.49765625 0.2847222222222222 0.03697916666666667 0.15648148148148147
9 0.6677083333333333 0.49074074074074076 0.378125 0.9055555555555556
1 0.0375 0.5314814814814814 0.075 0.18333333333333332
6 0.30104166666666665 0.41527777777777775 0.09166666666666666 0.2916666666666667
6 0.38828125 0.2967592592592593 0.07552083333333333 0.11388888888888889
7 0.18880208333333331 0.3162037037037037 0.0453125 0.21574074074074073
7 0.2994791666666667 0.3652777777777778 0.10104166666666667 0.3712962962962963
