3 0.24296875 0.3199074074074074 0.23385416666666667 0.2212962962962963
3 0.3567708333333333 0.2583333333333333 0.11354166666666667 0.12777777777777777
3 0.41796875 0.1814814814814815 0.05364583333333333 0.040740740740740744
3 0.4731770833333333 0.19166666666666665 0.0453125 0.08333333333333333
3 0.640625 0.23703703703703705 0.10833333333333334 0.21481481481481482
3 0.865625 0.21666666666666667 0.08125 0.10925925925925926
3 0.8005208333333333 0.17916666666666667 0.051041666666666666 0.06759259259259259
0 0.04479166666666667 0.40046296296296297 0.08958333333333333 0.5509259259259259
9 0.4450520833333333 0.2662037037037037 0.07864583333333333 0.21944444444444444
9 0.5354166666666667 0.2273148148148148 0.051041666666666666 0.14722222222222223
7 0.37786458333333334 0.2574074074074074 0.025520833333333333 0.1962962962962963
