0 0.60859375 0.2462962962962963 0.0296875 0.08148148148148149
9 0.41796875 0.35138888888888886 0.12447916666666667 0.2898148148148148
9 0.48776041666666664 0.27824074074074073 0.0609375 0.1675925925925926
9 0.55078125 0.2564814814814815 0.04635416666666667 0.12037037037037036
9 0.51015625 0.2564814814814815 0.0234375 0.09444444444444444
9 0.63359375 0.25092592592592594 0.0390625 0.09814814814814815
9 0.6687500000000001 0.24583333333333335 0.034375 0.09907407407407408
9 0.7322916666666667 0.2592592592592593 0.05 0.11851851851851852
9 0.7895833333333333 0.2726851851851852 0.06770833333333333 0.15092592592592594
6 0.9484375 0.274537037037037 0.034375 0.08425925925925926
6 0.58125 0.25324074074074077 0.017708333333333333 0.04722222222222222
6 0.69375 0.2564814814814815 0.023958333333333335 0.05185185185185185
7 0.31640625 0.33194444444444443 0.050520833333333334 0.2212962962962963
7 0.2872395833333333 0.28009259259259256 0.0234375 0.14537037037037037
7 0.36588541666666663 0.3162037037037037 0.0359375 0.22314814814814815
7 0.9013020833333334 0.2523148148148148 0.0296875 0.10833333333333334
7 0.87734375 0.2236111111111111 0.0171875 0.10648148148148148
7 0.9763020833333333 0.2574074074074074 0.024479166666666666 0.15185185185185185
7 0.8106770833333333 0.2351851851851852 0.034895833333333334 0.1685185185185185
7 0.7877604166666667 0.2263888888888889 0.022395833333333334 0.13796296296296295
7 0.6411458333333334 0.23888888888888887 0.017708333333333333 0.09259259259259259
7 0.63046875 0.23148148148148145 0.0140625 0.07222222222222222
7 0.5783854166666667 0.23842592592592593 0.013020833333333334 0.058333333333333334
7 0.7450520833333334 0.24212962962962964 0.0265625 0.14351851851851852
7 0.6755208333333333 0.2388888888888889 0.017708333333333333 0.08888888888888889
7 0.5893229166666667 0.23564814814814813 0.011979166666666667 0.05648148148148148
7 0.5690104166666666 0.23333333333333334 0.0078125 0.044444444444444446
7 0.7010416666666667 0.21944444444444444 0.011458333333333333 0.053703703703703705
