7 0.03671875 0.2708333333333333 0.0734375 0.4046296296296296
7 0.2989583333333333 0.22685185185185186 0.029166666666666667 0.19074074074074074
7 0.35182291666666665 0.2212962962962963 0.0234375 0.1425925925925926
0 0.4848958333333333 0.2523148148148148 0.115625 0.24722222222222223
0 0.5489583333333333 0.23287037037037037 0.034375 0.16944444444444445
0 0.5841145833333333 0.2518518518518518 0.0515625 0.24074074074074073
6 0.47812499999999997 0.3851851851851852 0.121875 0.37777777777777777
7 0.4791666666666667 0.275 0.10104166666666667 0.37037037037037035
6 0.8778645833333333 0.4847222222222223 0.0671875 0.325
7 0.878125 0.1962962962962963 0.06458333333333334 0.3277777777777778
9 0.7270833333333333 0.44583333333333336 0.38333333333333336 0.8916666666666667
0 0.9140625 0.27175925925925926 0.065625 0.3398148148148148
0 0.9552083333333333 0.2574074074074074 0.08958333333333333 0.29074074074074074
