7 0.06666666666666667 0.36018518518518516 0.05520833333333333 0.2962962962962963
7 0.14505208333333333 0.2814814814814815 0.0921875 0.3314814814814815
7 0.27734375 0.3041666666666667 0.06197916666666667 0.3138888888888889
6 0.46770833333333334 0.49675925925925923 0.17708333333333334 0.5342592592592592
0 0.5968749999999999 0.2662037037037037 0.04791666666666667 0.19166666666666668
0 0.5348958333333333 0.2935185185185185 0.103125 0.3037037037037037
0 0.8250000000000001 0.2638888888888889 0.065625 0.23703703703703705
3 0.9169270833333334 0.2662037037037037 0.16614583333333333 0.4361111111111111
6 0.9526041666666666 0.48518518518518516 0.09479166666666666 0.4425925925925926
7 0.9356770833333333 0.48703703703703705 0.12864583333333332 0.6092592592592593
9 0.70703125 0.36157407407407405 0.26614583333333336 0.7027777777777777
