0 0.43880208333333337 0.2523148148148148 0.044270833333333336 0.10277777777777777
0 0.5627604166666667 0.24814814814814815 0.03177083333333333 0.07037037037037037
2 0.25677083333333334 0.2657407407407407 0.23333333333333334 0.5314814814814814
2 0.07786458333333333 0.44027777777777777 0.15572916666666667 0.8805555555555555
11 0.5109375 0.23888888888888887 0.05520833333333333 0.0962962962962963
4 0.6875 0.2837962962962963 0.06145833333333333 0.13425925925925927
4 0.7697916666666667 0.3125 0.10625 0.125
7 0.765625 0.3074074074074074 0.042708333333333334 0.19444444444444445
7 0.6130208333333333 0.26712962962962966 0.01875 0.09351851851851851
7 0.8679687500000001 0.28055555555555556 0.030729166666666665 0.16296296296296298
