3 0.07395833333333333 0.3856481481481482 0.14791666666666667 0.13425925925925927
3 0.19505208333333332 0.36203703703703705 0.15989583333333332 0.12962962962962962
3 0.34895833333333337 0.3296296296296296 0.034375 0.044444444444444446
7 0.3145833333333333 0.3310185185185185 0.017708333333333333 0.04722222222222222
7 0.40963541666666664 0.32175925925925924 0.018229166666666668 0.08425925925925926
7 0.44270833333333337 0.3018518518518518 0.01875 0.044444444444444446
7 0.46171875 0.3018518518518518 0.015104166666666667 0.025925925925925925
9 0.4625 0.3439814814814815 0.05625 0.05277777777777778
7 0.63203125 0.31805555555555554 0.033854166666666664 0.11203703703703703
1 0.6276041666666667 0.3347222222222222 0.06875 0.0824074074074074
0 0.5484375 0.3055555555555556 0.035416666666666666 0.07592592592592592
0 0.5861979166666667 0.28935185185185186 0.022395833333333334 0.05092592592592592
6 0.5671875 0.3037037037037037 0.016666666666666666 0.04814814814814815
7 0.5677083333333334 0.28611111111111115 0.011458333333333333 0.04259259259259259
0 0.6281249999999999 0.2810185185185185 0.036458333333333336 0.062037037037037036
2 0.48411458333333335 0.2884259259259259 0.04114583333333333 0.09537037037037037
7 0.52578125 0.3027777777777778 0.008854166666666666 0.02962962962962963
