0 0.5203125 0.41111111111111115 0.3125 0.6648148148148149
0 0.8317708333333333 0.3912037037037037 0.275 0.47129629629629627
0 0.6893229166666667 0.29212962962962963 0.049479166666666664 0.13796296296296295
9 0.07864583333333333 0.3453703703703703 0.15729166666666666 0.48148148148148145
4 0.36640625 0.31851851851851853 0.0453125 0.08888888888888889
7 0.18229166666666669 0.24537037037037038 0.05520833333333333 0.1962962962962963
7 0.16328125 0.3143518518518518 0.025520833333333333 0.08425925925925926
7 0.29375 0.3680555555555556 0.071875 0.4546296296296296
7 0.24244791666666665 0.30972222222222223 0.05572916666666667 0.28055555555555556
7 0.36666666666666664 0.24814814814814817 0.030208333333333334 0.11296296296296296
7 0.33880208333333334 0.23564814814814816 0.016145833333333335 0.09537037037037037
7 0.28541666666666665 0.1962962962962963 0.025 0.05
