7 0.2786458333333333 0.3458333333333333 0.08333333333333333 0.41203703703703703
9 0.37994791666666666 0.3138888888888889 0.08802083333333334 0.17777777777777778
9 0.4315104166666667 0.29814814814814816 0.05677083333333333 0.1425925925925926
9 0.47187500000000004 0.275 0.06354166666666666 0.11481481481481481
3 0.7442708333333333 0.28055555555555556 0.0625 0.07592592592592592
3 0.7760416666666666 0.27037037037037037 0.036458333333333336 0.06481481481481481
11 0.6432291666666667 0.24537037037037035 0.03333333333333333 0.046296296296296294
3 0.6776041666666667 0.2587962962962963 0.035416666666666666 0.04351851851851852
0 0.6044270833333334 0.2569444444444445 0.025520833333333333 0.05648148148148148
0 0.9406249999999999 0.3060185185185185 0.11875 0.19722222222222222
