7 0.032552083333333336 0.21018518518518517 0.06510416666666667 0.3
9 0.27630208333333334 0.500462962962963 0.5484375 0.9990740740740741
0 0.5065104166666666 0.19861111111111113 0.03697916666666667 0.08981481481481482
0 0.5669270833333333 0.22546296296296298 0.09114583333333333 0.19166666666666668
3 0.684375 0.2388888888888889 0.14479166666666668 0.17592592592592593
7 0.77734375 0.18425925925925926 0.0203125 0.10185185185185185
7 0.7825520833333334 0.21296296296296297 0.019270833333333334 0.11296296296296296
7 0.7971354166666667 0.21296296296296297 0.0203125 0.12222222222222222
7 0.8338541666666667 0.18888888888888888 0.021875 0.11481481481481481
0 0.9161458333333333 0.2981481481481481 0.16354166666666667 0.5444444444444444
