3 0.0625 0.7041666666666666 0.125 0.44166666666666665
0 0.6971354166666667 0.2574074074074074 0.08072916666666667 0.17222222222222222
0 0.7541666666666667 0.25 0.051041666666666666 0.12962962962962962
9 0.3 0.4337962962962963 0.253125 0.5435185185185185
9 0.5208333333333334 0.26481481481481484 0.03854166666666667 0.09444444444444444
9 0.56640625 0.2662037037037037 0.05260416666666667 0.13425925925925927
9 0.6421874999999999 0.24212962962962964 0.040625 0.1398148148148148
9 0.82109375 0.2828703703703704 0.07135416666666666 0.15648148148148147
6 0.6125 0.2800925925925926 0.041666666666666664 0.11944444444444445
7 0.08411458333333333 0.32499999999999996 0.07864583333333333 0.30925925925925923
7 0.284375 0.3939814814814815 0.134375 0.49166666666666664
7 0.5679687499999999 0.24953703703703706 0.0171875 0.12314814814814815
7 0.60859375 0.24861111111111112 0.0390625 0.11203703703703703
7 0.8132812500000001 0.23148148148148148 0.04114583333333333 0.13518518518518519
7 0.8393229166666667 0.2412037037037037 0.03802083333333333 0.1787037037037037
