0 0.7549479166666666 0.29768518518518516 0.10572916666666667 0.20092592592592592
0 0.8864583333333333 0.24861111111111112 0.042708333333333334 0.06018518518518518
0 0.5395833333333333 0.2884259259259259 0.046875 0.09166666666666666
0 0.5885416666666666 0.2671296296296296 0.028125 0.05092592592592592
6 0.6635416666666666 0.3175925925925926 0.04479166666666667 0.11481481481481481
7 0.6622395833333333 0.2833333333333333 0.03177083333333333 0.1111111111111111
7 0.67734375 0.25092592592592594 0.0203125 0.044444444444444446
6 0.5687500000000001 0.29814814814814816 0.017708333333333333 0.03888888888888889
7 0.5671875 0.26481481481481484 0.015625 0.03333333333333333
3 0.24817708333333333 0.34305555555555556 0.043229166666666666 0.06574074074074074
3 0.30104166666666665 0.31527777777777777 0.09270833333333334 0.09537037037037037
2 0.48281250000000003 0.2569444444444444 0.036458333333333336 0.06759259259259259
7 0.4591145833333333 0.2759259259259259 0.011979166666666667 0.027777777777777776
7 0.4263020833333333 0.2949074074074074 0.011979166666666667 0.062037037037037036
3 0.37057291666666664 0.3 0.0296875 0.03518518518518519
9 0.4765625 0.3106481481481481 0.04479166666666667 0.03611111111111111
