0 0.7414062499999999 0.16805555555555554 0.016145833333333335 0.03611111111111111
0 0.6242187499999999 0.2050925925925926 0.08385416666666666 0.1824074074074074
11 0.6901041666666666 0.1685185185185185 0.028125 0.046296296296296294
9 0.7111979166666668 0.18657407407407406 0.025520833333333333 0.06388888888888888
9 0.2716145833333333 0.3125 0.10052083333333334 0.175
6 0.77421875 0.2148148148148148 0.0328125 0.0962962962962963
6 0.18151041666666667 0.34074074074074073 0.1328125 0.26666666666666666
6 0.3143229166666667 0.24351851851851852 0.04114583333333333 0.07592592592592592
6 0.44140625 0.2412037037037037 0.06302083333333333 0.10833333333333334
6 0.5645833333333333 0.22083333333333333 0.028125 0.08611111111111111
7 0.7749999999999999 0.17129629629629628 0.036458333333333336 0.12962962962962962
7 0.18932291666666667 0.29768518518518516 0.10260416666666666 0.30462962962962964
7 0.54296875 0.20092592592592592 0.0171875 0.10925925925925926
7 0.5617187499999999 0.2134259259259259 0.028645833333333332 0.12314814814814815
7 0.4802083333333333 0.20787037037037037 0.0125 0.04722222222222222
7 0.46171875 0.1912037037037037 0.011979166666666667 0.03425925925925926
7 0.403125 0.23333333333333334 0.021875 0.06481481481481481
7 0.5619791666666666 0.21435185185185185 0.029166666666666667 0.12129629629629629
