0 0.12447916666666667 0.29583333333333334 0.1875 0.5064814814814815
0 0.5111979166666667 0.23935185185185184 0.044270833333333336 0.07685185185185185
0 0.56015625 0.24259259259259258 0.043229166666666666 0.07777777777777778
0 0.6328125 0.250462962962963 0.06875 0.08796296296296297
0 0.9546875 0.3013888888888889 0.090625 0.21388888888888888
0 0.68125 0.25 0.030208333333333334 0.08148148148148149
6 0.3 0.2587962962962963 0.040625 0.10833333333333334
6 0.36354166666666665 0.26064814814814813 0.05625 0.13055555555555556
6 0.6335937500000001 0.3143518518518519 0.06510416666666667 0.13796296296296295
6 0.83359375 0.41620370370370374 0.14114583333333333 0.2824074074074074
7 0.057291666666666664 0.4638888888888889 0.11458333333333333 0.8648148148148148
7 0.40755208333333337 0.2671296296296296 0.06197916666666667 0.23796296296296296
7 0.8450520833333333 0.3074074074074074 0.11822916666666666 0.337037037037037
7 0.6364583333333332 0.2675925925925926 0.05625 0.16666666666666666
7 0.24114583333333334 0.20787037037037037 0.03333333333333333 0.15648148148148147
7 0.30442708333333335 0.2375 0.03697916666666667 0.12685185185185185
7 0.5872395833333334 0.2490740740740741 0.0140625 0.08148148148148149
7 0.5783854166666667 0.24953703703703703 0.008854166666666666 0.07685185185185185
7 0.5622395833333333 0.25046296296296294 0.015104166666666667 0.0787037037037037
7 0.6919270833333333 0.2597222222222222 0.0109375 0.08425925925925926
7 0.7041666666666667 0.26342592592592595 0.010416666666666666 0.07685185185185185
7 0.72890625 0.2625 0.019270833333333334 0.10648148148148148
7 0.7510416666666667 0.2787037037037037 0.017708333333333333 0.11296296296296296
7 0.7776041666666667 0.2777777777777778 0.027083333333333334 0.14629629629629629
7 0.45234375 0.23657407407407408 0.019270833333333334 0.075
7 0.43593750000000003 0.23564814814814813 0.011458333333333333 0.07685185185185185
