3 0.7447916666666666 0.2935185185185185 0.309375 0.22592592592592592
3 0.325 0.24814814814814815 0.540625 0.48148148148148145
0 0.06380208333333333 0.29305555555555557 0.12760416666666666 0.23055555555555557
0 0.9609375 0.23148148148148145 0.078125 0.1259259259259259
9 0.8919270833333334 0.23333333333333334 0.11197916666666667 0.14629629629629629
1 0.7294270833333334 0.3472222222222222 0.14635416666666667 0.19074074074074074
6 0.2908854166666667 0.6657407407407407 0.5098958333333333 0.6685185185185185
7 0.29036458333333337 0.5439814814814814 0.27239583333333334 0.825
7 0.36979166666666663 0.4912037037037037 0.30416666666666664 0.9824074074074074
7 0.021875 0.28935185185185186 0.03125 0.15092592592592594
7 0.7375 0.2685185185185185 0.065625 0.26296296296296295
7 0.8322916666666667 0.21435185185185185 0.026041666666666668 0.06759259259259259
7 0.8940104166666666 0.22592592592592592 0.024479166666666666 0.09814814814814815
