3 0.7567708333333333 0.2050925925925926 0.121875 0.15092592592592594
0 0.3354166666666667 0.2611111111111111 0.16770833333333332 0.34444444444444444
0 0.5497395833333333 0.21851851851851853 0.0828125 0.15925925925925927
0 0.9268229166666667 0.22453703703703703 0.10364583333333334 0.15092592592592594
0 0.4807291666666667 0.16157407407407406 0.020833333333333332 0.04351851851851852
9 0.67734375 0.18101851851851852 0.024479166666666666 0.04537037037037037
6 0.7549479166666666 0.27685185185185185 0.07552083333333333 0.1814814814814815
7 0.05078125 0.3486111111111111 0.1015625 0.49907407407407406
7 0.7515625 0.22546296296296298 0.07083333333333333 0.2064814814814815
7 0.428125 0.20185185185185184 0.013541666666666667 0.08333333333333333
