0 0.8229166666666667 0.27175925925925926 0.18958333333333333 0.31203703703703706
9 0.17057291666666666 0.40046296296296297 0.3411458333333333 0.8009259259259259
9 0.40729166666666666 0.20601851851851852 0.08229166666666667 0.21388888888888888
9 0.6515625 0.20787037037037037 0.057291666666666664 0.1638888888888889
9 0.49531250000000004 0.19074074074074074 0.04791666666666667 0.12222222222222222
9 0.5627604166666667 0.19166666666666665 0.03697916666666667 0.09259259259259259
9 0.6052083333333333 0.19583333333333333 0.03854166666666667 0.11388888888888889
9 0.45598958333333334 0.18333333333333335 0.034895833333333334 0.08888888888888889
9 0.34270833333333334 0.19583333333333333 0.051041666666666666 0.1675925925925926
6 0.70234375 0.21296296296296297 0.0390625 0.0962962962962963
7 0.2708333333333333 0.13055555555555556 0.08125 0.2611111111111111
7 0.6619791666666667 0.2013888888888889 0.03229166666666667 0.15462962962962962
7 0.92890625 0.18888888888888888 0.033854166666666664 0.1685185185185185
7 0.5692708333333334 0.16296296296296298 0.017708333333333333 0.05925925925925926
7 0.6114583333333333 0.17314814814814816 0.020833333333333332 0.06851851851851852
