7 0.35625 0.2787037037037037 0.03125 0.17222222222222222
7 0.3924479166666667 0.2828703703703704 0.027604166666666666 0.18425925925925926
0 0.39999999999999997 0.26481481481481484 0.06666666666666667 0.13703703703703704
7 0.50234375 0.26666666666666666 0.022395833333333334 0.14444444444444443
0 0.5122395833333333 0.26944444444444443 0.049479166666666664 0.10740740740740741
9 0.44036458333333334 0.2662037037037037 0.027604166666666666 0.09166666666666666
0 0.5541666666666667 0.2634259259259259 0.0375 0.09166666666666666
6 0.59765625 0.27685185185185185 0.015104166666666667 0.04814814814814815
6 0.6588541666666667 0.31296296296296294 0.034375 0.1
7 0.6541666666666667 0.27037037037037037 0.0375 0.1111111111111111
7 0.6916666666666667 0.27824074074074073 0.01875 0.11203703703703703
0 0.7687499999999999 0.29953703703703705 0.12291666666666666 0.19537037037037036
9 0.8559895833333333 0.33240740740740743 0.0640625 0.11666666666666667
6 0.95703125 0.34953703703703703 0.0859375 0.11018518518518519
7 0.11901041666666666 0.21064814814814814 0.05677083333333333 0.1361111111111111
