7 0.08906249999999999 0.30648148148148147 0.175 0.6129629629629629
1 0.11953125 0.42685185185185187 0.17135416666666667 0.43703703703703706
11 0.5260416666666666 0.22407407407407406 0.029166666666666667 0.07037037037037037
7 0.6026041666666667 0.22870370370370371 0.034375 0.09814814814814815
6 0.5994791666666667 0.2685185185185185 0.03125 0.09259259259259259
0 0.6848958333333334 0.2287037037037037 0.034375 0.05
3 0.8044270833333333 0.2375 0.0890625 0.0824074074074074
0 0.88359375 0.23657407407407408 0.050520833333333334 0.08796296296296297
0 0.9309895833333333 0.23981481481481481 0.0640625 0.10185185185185185
7 0.9684895833333333 0.23379629629629628 0.018229166666666668 0.0824074074074074
