3 0.9109375000000001 0.20462962962962963 0.041666666666666664 0.07407407407407407
0 0.8351562499999999 0.1962962962962963 0.06302083333333333 0.09074074074074075
9 0.6781250000000001 0.3282407407407407 0.209375 0.575
9 0.47578125 0.2847222222222222 0.0703125 0.15092592592592594
9 0.9596354166666666 0.2097222222222222 0.06822916666666666 0.1638888888888889
1 0.54375 0.4212962962962963 0.08229166666666667 0.2537037037037037
6 0.2203125 0.25046296296296294 0.08125 0.041666666666666664
6 0.04088541666666667 0.2814814814814815 0.08177083333333333 0.10740740740740741
7 0.97109375 0.2023148148148148 0.03177083333333333 0.1638888888888889
7 0.4223958333333333 0.23148148148148148 0.017708333333333333 0.09444444444444444
7 0.34348958333333335 0.25324074074074077 0.024479166666666666 0.12685185185185185
7 0.8872395833333333 0.20694444444444443 0.021354166666666667 0.08055555555555556
7 0.5398437500000001 0.3018518518518518 0.07760416666666667 0.37407407407407406
7 0.37734375000000003 0.35416666666666663 0.05572916666666667 0.3638888888888889
7 0.04739583333333333 0.5328703703703703 0.09479166666666666 0.2916666666666667
7 0.24244791666666668 0.44722222222222224 0.050520833333333334 0.18333333333333332
7 0.31588541666666664 0.3115740740740741 0.04114583333333333 0.08796296296296297
