3 0.8875000000000001 0.2662037037037037 0.07291666666666667 0.12685185185185185
0 0.6333333333333333 0.2638888888888889 0.06770833333333333 0.1537037037037037
0 0.7669270833333333 0.23657407407407408 0.0640625 0.10833333333333334
0 0.59453125 0.23564814814814816 0.0203125 0.08611111111111111
9 0.696875 0.23935185185185184 0.03229166666666667 0.06759259259259259
9 0.45416666666666666 0.29907407407407405 0.058333333333333334 0.09444444444444444
9 0.8408854166666667 0.24675925925925926 0.04635416666666667 0.10092592592592593
9 0.29609375 0.3314814814814815 0.11614583333333334 0.17222222222222222
1 0.5544270833333333 0.3509259259259259 0.0453125 0.14814814814814814
7 0.5546875 0.29814814814814816 0.04479166666666667 0.20925925925925926
7 0.8723958333333334 0.2037037037037037 0.021875 0.06296296296296296
7 0.52578125 0.2740740740740741 0.027604166666666666 0.1648148148148148
7 0.8458333333333334 0.2189814814814815 0.017708333333333333 0.08611111111111111
7 0.48359375 0.2638888888888889 0.022395833333333334 0.11666666666666667
7 0.8578125 0.22407407407407406 0.014583333333333334 0.08703703703703704
7 0.4705729166666667 0.2263888888888889 0.016145833333333335 0.05092592592592592
7 0.7041666666666667 0.22453703703703703 0.014583333333333334 0.05648148148148148
7 0.5125000000000001 0.2592592592592593 0.017708333333333333 0.1388888888888889
