0 0.17447916666666669 0.37037037037037035 0.184375 0.37777777777777777
0 0.8057291666666667 0.30925925925925923 0.13125 0.25555555555555554
0 0.6947916666666666 0.2847222222222222 0.06770833333333333 0.1398148148148148
9 0.5901041666666667 0.3662037037037037 0.07395833333333333 0.09166666666666666
9 0.9098958333333333 0.25555555555555554 0.0375 0.08888888888888889
1 0.5888020833333334 0.3921296296296296 0.0734375 0.2064814814814815
6 0.7026041666666666 0.32546296296296295 0.04791666666666667 0.14166666666666666
6 0.4369791666666667 0.3226851851851852 0.07604166666666666 0.11944444444444445
7 0.28229166666666666 0.37129629629629635 0.08958333333333333 0.4203703703703704
7 0.36640625000000004 0.35324074074074074 0.08489583333333334 0.41203703703703703
7 0.7023437499999999 0.2884259259259259 0.044270833333333336 0.14537037037037037
7 0.5893229166666666 0.2824074074074074 0.0640625 0.21851851851851853
