0 0.8940104166666667 0.2861111111111111 0.08072916666666667 0.16666666666666666
0 0.7697916666666667 0.2486111111111111 0.040625 0.05277777777777778
0 0.63125 0.35 0.17708333333333334 0.37222222222222223
11 0.4515625 0.30138888888888893 0.13541666666666666 0.16944444444444445
9 0.5458333333333333 0.3055555555555556 0.029166666666666667 0.17962962962962964
6 0.9619791666666666 0.35694444444444445 0.07083333333333333 0.19722222222222222
7 0.03125 0.4101851851851852 0.0625 0.3814814814814815
7 0.34635416666666663 0.3662037037037037 0.06145833333333333 0.33425925925925926
7 0.9609375 0.2884259259259259 0.06875 0.21574074074074073
7 0.3026041666666667 0.3416666666666667 0.05625 0.34444444444444444
7 0.2533854166666667 0.38101851851851853 0.058854166666666666 0.3638888888888889
7 0.09817708333333333 0.35324074074074074 0.0671875 0.24166666666666667
7 0.8367187500000001 0.25324074074074077 0.0140625 0.06944444444444445
