0 0.06536458333333334 0.4388888888888889 0.13072916666666667 0.5185185185185185
0 0.26822916666666663 0.4324074074074074 0.2677083333333333 0.4666666666666667
0 0.38125 0.3648148148148148 0.09166666666666666 0.2962962962962963
0 0.6848958333333333 0.4462962962962963 0.275 0.5981481481481481
0 0.4432291666666667 0.3162037037037037 0.03958333333333333 0.13796296296296295
9 0.4903645833333333 0.3736111111111111 0.1265625 0.275
7 0.5286458333333333 0.34675925925925927 0.052083333333333336 0.275
7 0.8333333333333333 0.3643518518518518 0.04791666666666667 0.2972222222222222
7 0.8721354166666667 0.24675925925925926 0.03802083333333333 0.10092592592592593
7 0.9171874999999999 0.30694444444444446 0.03229166666666667 0.24722222222222223
7 0.07734375 0.2944444444444444 0.033854166666666664 0.07777777777777778
7 0.0671875 0.33796296296296297 0.0875 0.18333333333333332
