3 0.5473958333333333 0.08148148148148149 0.036458333333333336 0.08888888888888889
3 0.621875 0.06527777777777777 0.023958333333333335 0.058333333333333334
0 0.09192708333333334 0.18055555555555555 0.18385416666666668 0.34444444444444444
0 0.5333333333333333 0.09027777777777778 0.036458333333333336 0.10462962962962963
0 0.5843750000000001 0.07500000000000001 0.021875 0.07037037037037037
0 0.8260416666666667 0.12407407407407407 0.13333333333333333 0.2111111111111111
9 0.36093749999999997 0.09722222222222221 0.04583333333333333 0.1111111111111111
9 0.3325520833333333 0.09953703703703703 0.033854166666666664 0.10277777777777777
9 0.4940104166666667 0.12453703703703704 0.07864583333333333 0.22685185185185186
9 0.45703125 0.1125 0.033854166666666664 0.11944444444444445
9 0.6052083333333333 0.07268518518518519 0.020833333333333332 0.08611111111111111
9 0.709375 0.17777777777777778 0.134375 0.3074074074074074
9 0.6421874999999999 0.12314814814814815 0.052083333333333336 0.12037037037037036
6 0.24166666666666667 0.1574074074074074 0.065625 0.15185185185185185
7 0.3041666666666667 0.11944444444444444 0.04479166666666667 0.20925925925925926
7 0.4067708333333333 0.09907407407407406 0.017708333333333333 0.07777777777777778
7 0.421875 0.08935185185185185 0.016666666666666666 0.0712962962962963
7 0.57265625 0.06944444444444445 0.008854166666666666 0.06111111111111111
7 0.6052083333333333 0.0712962962962963 0.015625 0.07777777777777778
7 0.6408854166666667 0.09907407407407406 0.027604166666666666 0.15
7 0.653125 0.05277777777777778 0.016666666666666666 0.05925925925925926
7 0.68671875 0.125 0.06197916666666667 0.25
7 0.7447916666666666 0.10462962962962963 0.06354166666666666 0.20925925925925926
7 0.7604166666666666 0.09074074074074075 0.027083333333333334 0.1814814814814815
