7 0.03984375 0.4486111111111111 0.0796875 0.48055555555555557
0 0.08541666666666667 0.4277777777777778 0.17083333333333334 0.40555555555555556
7 0.26640625 0.4009259259259259 0.09635416666666667 0.42962962962962964
7 0.20494791666666667 0.3736111111111111 0.0234375 0.14537037037037037
7 0.21796875 0.35324074074074074 0.027604166666666666 0.11944444444444445
7 0.4205729166666667 0.49953703703703706 0.2598958333333333 0.9990740740740741
0 0.5888020833333333 0.41435185185185186 0.16927083333333334 0.3972222222222222
7 0.7536458333333333 0.3486111111111111 0.09791666666666667 0.4305555555555556
3 0.8348958333333334 0.6592592592592592 0.3302083333333333 0.6814814814814815
7 0.8734375 0.29305555555555557 0.09895833333333333 0.1712962962962963
