0 0.7526041666666667 0.3226851851851852 0.053125 0.13796296296296295
0 0.803125 0.2972222222222222 0.019791666666666666 0.02962962962962963
2 0.25625 0.287962962962963 0.40520833333333334 0.575925925925926
2 0.5239583333333333 0.26481481481481484 0.18229166666666666 0.34074074074074073
2 0.6341145833333334 0.2759259259259259 0.06614583333333333 0.2222222222222222
2 0.69296875 0.28379629629629627 0.05364583333333333 0.12314814814814815
2 0.790625 0.28564814814814815 0.027083333333333334 0.06018518518518518
2 0.946875 0.2671296296296296 0.04895833333333333 0.09907407407407408
6 0.7322916666666667 0.35694444444444445 0.042708333333333334 0.11944444444444445
7 0.7333333333333333 0.32175925925925924 0.040625 0.12314814814814815
