7 0.5338541666666666 0.19027777777777777 0.008333333333333333 0.03611111111111111
3 0.5393229166666667 0.23194444444444445 0.016145833333333335 0.08425925925925926
3 0.5903645833333333 0.24675925925925926 0.10989583333333333 0.24537037037037038
7 0.17213541666666665 0.2199074074074074 0.030729166666666665 0.1824074074074074
7 0.20546874999999998 0.19861111111111113 0.0296875 0.1824074074074074
7 0.24427083333333333 0.20046296296296295 0.028125 0.15648148148148147
7 0.27083333333333337 0.20046296296296295 0.022916666666666665 0.16203703703703703
0 0.20651041666666667 0.5 0.41302083333333334 1.0
0 0.39791666666666664 0.3212962962962963 0.23854166666666668 0.5203703703703704
0 0.6895833333333333 0.3 0.159375 0.36666666666666664
0 0.8736979166666667 0.487962962962963 0.2526041666666667 0.975925925925926
0 0.5138020833333333 0.22592592592592592 0.0265625 0.11851851851851852
