9 0.26614583333333336 0.500462962962963 0.5322916666666667 0.9990740740740741
9 0.4901041666666667 0.2310185185185185 0.046875 0.14351851851851852
0 0.5192708333333333 0.2013888888888889 0.019791666666666666 0.09166666666666666
0 0.5541666666666667 0.2064814814814815 0.053125 0.11851851851851852
0 0.5981770833333334 0.2023148148148148 0.033854166666666664 0.075
7 0.6440104166666667 0.19166666666666665 0.016145833333333335 0.07222222222222222
7 0.6325520833333333 0.18518518518518517 0.009895833333333333 0.053703703703703705
9 0.6377604166666667 0.2064814814814815 0.0296875 0.07777777777777778
7 0.6736979166666667 0.2074074074074074 0.0234375 0.11481481481481481
1 0.671875 0.2310185185185185 0.027083333333333334 0.0824074074074074
0 0.7236979166666666 0.20462962962962963 0.043229166666666666 0.08333333333333333
7 0.9291666666666667 0.19444444444444445 0.03854166666666667 0.17592592592592593
7 0.9697916666666666 0.23888888888888887 0.052083333333333336 0.22407407407407406
7 0.76171875 0.18703703703703706 0.0140625 0.07962962962962963
7 0.7554687499999999 0.19212962962962962 0.013020833333333334 0.07314814814814814
9 0.9317708333333333 0.26111111111111107 0.13645833333333332 0.25
