0 0.5632812500000001 0.19953703703703704 0.04114583333333333 0.09537037037037037
0 0.6080729166666666 0.20185185185185184 0.044270833333333336 0.09259259259259259
0 0.7796875 0.25416666666666665 0.1375 0.26944444444444443
0 0.9010416666666667 0.27129629629629626 0.19791666666666666 0.3574074074074074
9 0.4359375 0.274537037037037 0.11770833333333333 0.27685185185185185
9 0.503125 0.2509259259259259 0.08645833333333333 0.20925925925925926
9 0.5294270833333333 0.21851851851851853 0.04635416666666667 0.13518518518518519
9 0.6372395833333333 0.19768518518518519 0.034895833333333334 0.10462962962962963
4 0.34453125 0.2638888888888889 0.043229166666666666 0.10185185185185185
4 0.36328125 0.19861111111111113 0.0546875 0.1824074074074074
6 0.67421875 0.3476851851851852 0.09322916666666667 0.25092592592592594
7 0.06953125 0.3041666666666667 0.09635416666666667 0.4101851851851852
7 0.1828125 0.26342592592592595 0.06770833333333333 0.3824074074074074
7 0.23177083333333334 0.2074074074074074 0.026041666666666668 0.15185185185185185
7 0.29140625 0.3356481481481482 0.10989583333333333 0.5472222222222223
7 0.42604166666666665 0.12222222222222223 0.035416666666666666 0.06851851851851852
7 0.45208333333333334 0.11435185185185184 0.04791666666666667 0.09722222222222222
7 0.6408854166666667 0.16944444444444445 0.016145833333333335 0.07592592592592592
7 0.67734375 0.2074074074074074 0.09010416666666667 0.25925925925925924
7 0.88125 0.2759259259259259 0.040625 0.23333333333333334
