7 0.14296875 0.2101851851851852 0.11510416666666666 0.3314814814814815
1 0.1453125 0.31574074074074077 0.21041666666666667 0.2833333333333333
7 0.019791666666666666 0.2277777777777778 0.03958333333333333 0.3962962962962963
0 0.3536458333333333 0.23287037037037037 0.19791666666666666 0.3712962962962963
7 0.46119791666666665 0.1824074074074074 0.03802083333333333 0.1648148148148148
6 0.4651041666666667 0.23518518518518516 0.036458333333333336 0.16666666666666666
9 0.5546875 0.17592592592592593 0.05625 0.11851851851851852
7 0.5119791666666667 0.16435185185185186 0.016666666666666666 0.08981481481481482
7 0.6479166666666667 0.21296296296296297 0.023958333333333335 0.20185185185185187
9 0.6388020833333333 0.24537037037037035 0.09010416666666667 0.15
11 0.696875 0.15416666666666667 0.11354166666666667 0.2064814814814815
0 0.7994791666666666 0.20277777777777778 0.11458333333333333 0.2222222222222222
3 0.9359375 0.18796296296296297 0.128125 0.27037037037037037
7 0.06588541666666667 0.18333333333333335 0.033854166666666664 0.23148148148148148
0 0.48984375 0.16898148148148148 0.0390625 0.11203703703703703
0 0.6104166666666666 0.14953703703703705 0.028125 0.06018518518518518
9 0.09479166666666666 0.2638888888888889 0.18958333333333333 0.2962962962962963
