3 0.7104166666666666 0.3347222222222222 0.14583333333333334 0.20462962962962963
3 0.6098958333333333 0.2861111111111111 0.035416666666666666 0.07407407407407407
0 0.42291666666666666 0.2851851851851852 0.057291666666666664 0.07407407407407407
0 0.96328125 0.3462962962962963 0.0734375 0.12222222222222222
6 0.5065104166666667 0.3453703703703704 0.027604166666666666 0.07592592592592592
6 0.5510416666666667 0.4037037037037037 0.07604166666666666 0.2222222222222222
6 0.6388020833333333 0.29583333333333334 0.0171875 0.06018518518518518
7 0.25 0.3310185185185185 0.027083333333333334 0.16203703703703703
7 0.5497395833333334 0.34305555555555556 0.07760416666666667 0.25092592592592594
7 0.509375 0.2986111111111111 0.034375 0.10092592592592593
7 0.15 0.250462962962963 0.028125 0.06388888888888888
