0 0.6859375 0.21805555555555556 0.07083333333333333 0.15462962962962962
0 0.6447916666666667 0.20925925925925926 0.022916666666666665 0.1037037037037037
0 0.6125 0.19953703703703704 0.010416666666666666 0.03796296296296296
0 0.9026041666666667 0.22685185185185186 0.08125 0.15925925925925927
0 0.7885416666666667 0.20833333333333331 0.03854166666666667 0.08333333333333333
0 0.7364583333333333 0.20092592592592592 0.022916666666666665 0.05185185185185185
9 0.5997395833333333 0.20324074074074075 0.0203125 0.05462962962962963
6 0.17473958333333334 0.2652777777777778 0.07864583333333333 0.1787037037037037
6 0.53671875 0.3574074074074074 0.0796875 0.23148148148148148
7 0.33984375 0.23009259259259257 0.04010416666666667 0.14351851851851852
7 0.5315104166666667 0.26435185185185184 0.0828125 0.2824074074074074
7 0.35885416666666664 0.23009259259259257 0.030208333333333334 0.1398148148148148
7 0.6247395833333333 0.19583333333333333 0.009895833333333333 0.03611111111111111
7 0.47630208333333335 0.20555555555555555 0.013020833333333334 0.05740740740740741
7 0.8361979166666667 0.20509259259259258 0.016145833333333335 0.07314814814814814
7 0.46223958333333337 0.20694444444444443 0.013020833333333334 0.05277777777777778
7 0.5653645833333334 0.1939814814814815 0.018229166666666668 0.04537037037037037
7 0.4875 0.20370370370370372 0.009375 0.05925925925925926
7 0.8578125 0.19351851851851853 0.009375 0.05925925925925926
