7 0.014322916666666666 0.33425925925925926 0.028645833333333332 0.45
0 0.14244791666666667 0.34490740740740744 0.2546875 0.5527777777777778
0 0.428125 0.4231481481481481 0.37916666666666665 0.7944444444444444
6 0.6778645833333333 0.2916666666666667 0.058854166666666666 0.1537037037037037
7 0.67890625 0.24351851851851852 0.05677083333333333 0.17407407407407408
3 0.9057291666666667 0.21944444444444444 0.09375 0.15
9 0.9033854166666666 0.24444444444444444 0.08697916666666666 0.14814814814814814
7 0.8984375 0.18009259259259258 0.0375 0.0712962962962963
9 0.7838541666666666 0.3282407407407408 0.215625 0.5601851851851852
0 0.9658854166666666 0.27546296296296297 0.06822916666666666 0.30277777777777776
