7 0.3419270833333333 0.29953703703703705 0.0171875 0.11018518518518519
0 0.428125 0.27268518518518514 0.04895833333333333 0.06388888888888888
7 0.5341145833333333 0.2912037037037037 0.03697916666666667 0.11944444444444445
6 0.5375000000000001 0.33981481481481485 0.03333333333333333 0.08888888888888889
8 0.5835937499999999 0.27361111111111114 0.059895833333333336 0.14722222222222223
7 0.7171875 0.36388888888888893 0.13020833333333334 0.3851851851851852
6 0.7239583333333333 0.48564814814814816 0.11458333333333333 0.3509259259259259
3 0.8997395833333334 0.32222222222222224 0.04739583333333333 0.07037037037037037
7 0.915625 0.3208333333333333 0.019791666666666666 0.08796296296296297
7 0.9393229166666667 0.3217592592592593 0.027604166666666666 0.09351851851851851
3 0.7294270833333334 0.32361111111111107 0.17760416666666667 0.2564814814814815
